Full_(co)spectra
----------------
natural_frequency_[Hz]_->_from_[1/_averaging_interval]_to_[acquisition_frequency_/_2]
normalized_frequency_[#]->_natural_frequency_*_measuring_height_/_wind_speed
y-axis_->_natural_frequency_*_(co)spectrum_/_(co)variance
acquisition_frequency_[Hz]_=_ 10.000
measuring_height_(z-d)_[m]_=_  3.990
wind_speed_[m+1s-1]_=_  1.025
averaging_interval_[min]_=_     30
tapering_window_=_SQUARED_(no_tapering_forced_by_EddyPro._Tapering_is_only_applied_for_binned_(co)spectra)
,,cov(w_ts)
,,1.1667553204008367E-003
natural_frequency,normalized_frequency,f_nat*cospec(w_ts)
0.610352E-03,0.237596E-02,-0.141631
0.122070E-02,0.475191E-02,-0.949108E-01
0.183105E-02,0.712787E-02,-0.485758E-01
0.244141E-02,0.950382E-02,0.539699E-01
0.305176E-02,0.118798E-01,-0.489507E-01
0.366211E-02,0.142557E-01,0.189783E-01
0.427246E-02,0.166317E-01,-0.241764
0.488281E-02,0.190076E-01,-0.106174E-01
0.549316E-02,0.213836E-01,-0.711314E-02
0.610352E-02,0.237596E-01,0.708155E-01
0.671387E-02,0.261355E-01,0.672268
0.732422E-02,0.285115E-01,0.373959
0.793457E-02,0.308874E-01,0.219203
0.854492E-02,0.332634E-01,0.321215
0.915527E-02,0.356393E-01,-0.825207E-01
0.976562E-02,0.380153E-01,0.261183
0.103760E-01,0.403912E-01,0.549359
0.109863E-01,0.427672E-01,-0.135306
0.115967E-01,0.451431E-01,-0.929643E-02
0.122070E-01,0.475191E-01,-0.626483E-01
0.128174E-01,0.498951E-01,-0.706712E-01
0.134277E-01,0.522710E-01,1.59383
0.140381E-01,0.546470E-01,0.919435E-01
0.146484E-01,0.570229E-01,0.348786
0.152588E-01,0.593989E-01,0.235755
0.158691E-01,0.617748E-01,0.478283
0.164795E-01,0.641508E-01,0.141257E-02
0.170898E-01,0.665267E-01,0.292658
0.177002E-01,0.689027E-01,0.468200
0.183105E-01,0.712787E-01,1.12917
0.189209E-01,0.736546E-01,0.478206
0.195312E-01,0.760306E-01,0.410111
0.201416E-01,0.784065E-01,0.974606E-02
0.207520E-01,0.807825E-01,0.400094
0.213623E-01,0.831584E-01,0.100488
0.219727E-01,0.855344E-01,0.546524
0.225830E-01,0.879103E-01,-0.171645
0.231934E-01,0.902863E-01,0.105153
0.238037E-01,0.926623E-01,0.922338
0.244141E-01,0.950382E-01,0.833408E-01
0.250244E-01,0.974142E-01,-0.121699
0.256348E-01,0.997901E-01,0.118158
0.262451E-01,0.102166,0.889001
0.268555E-01,0.104542,0.374159
0.274658E-01,0.106918,0.422436
0.280762E-01,0.109294,0.100309
0.286865E-01,0.111670,1.00971
0.292969E-01,0.114046,0.991504E-01
0.299072E-01,0.116422,-0.115757
0.305176E-01,0.118798,1.10158
0.311279E-01,0.121174,0.276717
0.317383E-01,0.123550,0.325998
0.323486E-01,0.125926,0.447087
0.329590E-01,0.128302,1.84994
0.335693E-01,0.130678,0.182565
0.341797E-01,0.133053,0.106502E-01
0.347900E-01,0.135429,0.559275
0.354004E-01,0.137805,-0.305650
0.360107E-01,0.140181,-0.289712
0.366211E-01,0.142557,-0.995496E-01
0.372314E-01,0.144933,0.365332E-01
0.378418E-01,0.147309,0.316806E-02
0.384521E-01,0.149685,-0.142216
0.390625E-01,0.152061,0.731871
0.396729E-01,0.154437,0.926724E-01
0.402832E-01,0.156813,0.329537
0.408936E-01,0.159189,0.502609
0.415039E-01,0.161565,0.746829E-01
0.421143E-01,0.163941,0.553687E-01
0.427246E-01,0.166317,-0.700937E-02
0.433350E-01,0.168693,0.916355E-01
0.439453E-01,0.171069,0.218636
0.445557E-01,0.173445,0.226324
0.451660E-01,0.175821,0.272195
0.457764E-01,0.178197,1.89433
0.463867E-01,0.180573,0.154598
0.469971E-01,0.182949,0.899698E-01
0.476074E-01,0.185325,0.517378
0.482178E-01,0.187700,-0.117842
0.488281E-01,0.190076,-0.267100E-01
0.494385E-01,0.192452,0.108234
0.500488E-01,0.194828,0.348156E-01
0.506592E-01,0.197204,-0.132984E-01
0.512695E-01,0.199580,0.645654
0.518799E-01,0.201956,0.939766E-02
0.524902E-01,0.204332,0.623091
0.531006E-01,0.206708,0.195907
0.537109E-01,0.209084,0.458712
0.543213E-01,0.211460,0.129391
0.549316E-01,0.213836,0.759068
0.555420E-01,0.216212,-0.116772E-01
0.561523E-01,0.218588,0.455949E-01
0.567627E-01,0.220964,0.969975
0.573730E-01,0.223340,0.460377
0.579834E-01,0.225716,0.191611
0.585938E-01,0.228092,0.122426
0.592041E-01,0.230468,0.212159
0.598145E-01,0.232844,-0.502768E-02
0.604248E-01,0.235220,-0.184642
0.610352E-01,0.237596,-0.215359
0.616455E-01,0.239971,-0.927415E-01
0.622559E-01,0.242347,-0.654102E-01
0.628662E-01,0.244723,-0.767410E-01
0.634766E-01,0.247099,-0.144476E-02
0.640869E-01,0.249475,0.369535
0.646973E-01,0.251851,0.635708
0.653076E-01,0.254227,0.314776
0.659180E-01,0.256603,0.648681
0.665283E-01,0.258979,0.324522
0.671387E-01,0.261355,-0.777544E-01
0.677490E-01,0.263731,0.388353E-01
0.683594E-01,0.266107,0.477112
0.689697E-01,0.268483,0.325587
0.695801E-01,0.270859,-0.278087
0.701904E-01,0.273235,-0.117771
0.708008E-01,0.275611,0.678136
0.714111E-01,0.277987,0.254069
0.720215E-01,0.280363,0.347071
0.726318E-01,0.282739,0.142607E-01
0.732422E-01,0.285115,-0.690725E-01
0.738525E-01,0.287491,0.127045
0.744629E-01,0.289867,0.797943E-01
0.750732E-01,0.292242,0.975742E-01
0.756836E-01,0.294618,-0.100725
0.762939E-01,0.296994,0.243237
0.769043E-01,0.299370,-0.613890E-01
0.775146E-01,0.301746,-0.280316
0.781250E-01,0.304122,0.233931
0.787354E-01,0.306498,0.522938
0.793457E-01,0.308874,0.136535E-01
0.799561E-01,0.311250,1.15806
0.805664E-01,0.313626,0.238451E-01
0.811768E-01,0.316002,-0.419224E-01
0.817871E-01,0.318378,1.15575
0.823975E-01,0.320754,1.21003
0.830078E-01,0.323130,0.239533
0.836182E-01,0.325506,1.02430
0.842285E-01,0.327882,0.671721
0.848389E-01,0.330258,-0.731254E-02
0.854492E-01,0.332634,0.649863
0.860596E-01,0.335010,-0.577981E-01
0.866699E-01,0.337386,-0.210769E-01
0.872803E-01,0.339762,-0.114558E-02
0.878906E-01,0.342138,0.419326E-01
0.885010E-01,0.344514,0.255824
0.891113E-01,0.346889,0.854639E-01
0.897217E-01,0.349265,-0.464450E-01
0.903320E-01,0.351641,0.292196
0.909424E-01,0.354017,0.176524
0.915527E-01,0.356393,0.148596E-01
0.921631E-01,0.358769,0.107471
0.927734E-01,0.361145,0.405975
0.933838E-01,0.363521,1.56761
0.939941E-01,0.365897,1.01706
0.946045E-01,0.368273,-0.158507
0.952148E-01,0.370649,-0.654541E-01
0.958252E-01,0.373025,0.662707
0.964355E-01,0.375401,0.812481E-01
0.970459E-01,0.377777,0.390358
0.976562E-01,0.380153,-0.106460
0.982666E-01,0.382529,0.482768
0.988770E-01,0.384905,0.100229E-02
0.994873E-01,0.387281,0.771976
0.100098,0.389657,0.485724
0.100708,0.392033,-0.712793E-01
0.101318,0.394409,0.134966
0.101929,0.396785,-0.721912
0.102539,0.399160,-0.672544E-01
0.103149,0.401536,0.181128
0.103760,0.403912,0.149084E-01
0.104370,0.406288,1.33445
0.104980,0.408664,0.418841
0.105591,0.411040,0.202448
0.106201,0.413416,-0.276036
0.106812,0.415792,0.114835
0.107422,0.418168,-0.860826E-01
0.108032,0.420544,0.452779
0.108643,0.422920,0.534278
0.109253,0.425296,0.250024
0.109863,0.427672,0.566338
0.110474,0.430048,0.174746
0.111084,0.432424,-0.406629E-01
0.111694,0.434800,0.897862
0.112305,0.437176,0.426298
0.112915,0.439552,2.04022
0.113525,0.441928,0.132861
0.114136,0.444304,0.842662
0.114746,0.446680,0.694214
0.115356,0.449056,0.522935
0.115967,0.451431,0.607803
0.116577,0.453807,0.133847
0.117188,0.456183,-0.363876E-01
0.117798,0.458559,0.755803
0.118408,0.460935,0.618432
0.119019,0.463311,0.736721
0.119629,0.465687,0.210261
0.120239,0.468063,0.407570E-01
0.120850,0.470439,0.980091
0.121460,0.472815,0.294967
0.122070,0.475191,0.336777
0.122681,0.477567,0.308678
0.123291,0.479943,1.16439
0.123901,0.482319,0.152831
0.124512,0.484695,0.111312
0.125122,0.487071,-0.119330
0.125732,0.489447,-0.475216E-02
0.126343,0.491823,-0.313776E-01
0.126953,0.494199,0.401273
0.127563,0.496575,0.619554E-02
0.128174,0.498951,0.480436
0.128784,0.501327,0.148725
0.129395,0.503703,-0.148205
0.130005,0.506078,-0.218598
0.130615,0.508454,-0.762482E-01
0.131226,0.510830,0.435882
0.131836,0.513206,0.200286
0.132446,0.515582,-0.104508E-02
0.133057,0.517958,-0.538822E-02
0.133667,0.520334,0.334873
0.134277,0.522710,0.560227E-01
0.134888,0.525086,0.202203E-01
0.135498,0.527462,0.390124
0.136108,0.529838,0.356609E-01
0.136719,0.532214,0.597177
0.137329,0.534590,0.547518E-01
0.137939,0.536966,0.473828
0.138550,0.539342,0.390013
0.139160,0.541718,-0.475534E-01
0.139771,0.544094,0.661562
0.140381,0.546470,-0.220361E-01
0.140991,0.548846,0.415842
0.141602,0.551222,0.186333
0.142212,0.553598,-0.105936E-01
0.142822,0.555974,-0.332042
0.143433,0.558349,0.211371
0.144043,0.560725,0.122020
0.144653,0.563101,0.510758
0.145264,0.565477,-0.122780
0.145874,0.567853,0.294831
0.146484,0.570229,-0.600459E-01
0.147095,0.572605,-0.110852
0.147705,0.574981,-0.150669
0.148315,0.577357,0.472969E-01
0.148926,0.579733,0.245173
0.149536,0.582109,0.189536
0.150146,0.584485,0.277524E-01
0.150757,0.586861,0.750757E-01
0.151367,0.589237,-0.141090
0.151978,0.591613,0.697885
0.152588,0.593989,0.975629E-01
0.153198,0.596365,0.107798E-02
0.153809,0.598741,-0.410167E-01
0.154419,0.601117,-0.178149
0.155029,0.603493,-0.155223
0.155640,0.605869,-0.118871
0.156250,0.608245,-0.181238E-02
0.156860,0.610620,1.81983
0.157471,0.612996,0.225225
0.158081,0.615372,-0.796804E-01
0.158691,0.617748,-0.245406
0.159302,0.620124,-0.531645E-01
0.159912,0.622500,-0.275001E-01
0.160522,0.624876,0.135112
0.161133,0.627252,0.638473
0.161743,0.629628,0.248408E-01
0.162354,0.632004,0.789703E-01
0.162964,0.634380,0.100740
0.163574,0.636756,-0.439013
0.164185,0.639132,-0.105687
0.164795,0.641508,0.285769E-01
0.165405,0.643884,0.273850
0.166016,0.646260,0.984480E-01
0.166626,0.648636,-0.605762E-01
0.167236,0.651012,-0.129716
0.167847,0.653388,0.716005E-01
0.168457,0.655764,0.680861
0.169067,0.658140,0.575316
0.169678,0.660516,0.597518
0.170288,0.662892,-0.144495
0.170898,0.665267,0.143153
0.171509,0.667643,0.337083
0.172119,0.670019,0.672634
0.172729,0.672395,0.433536
0.173340,0.674771,0.912254E-02
0.173950,0.677147,0.735209E-01
0.174561,0.679523,0.199001E-01
0.175171,0.681899,0.589891
0.175781,0.684275,0.277678E-01
0.176392,0.686651,0.442754E-01
0.177002,0.689027,1.71893
0.177612,0.691403,-0.563332E-01
0.178223,0.693779,0.631705E-01
0.178833,0.696155,-0.426170E-01
0.179443,0.698531,-0.293461
0.180054,0.700907,-0.229600E-01
0.180664,0.703283,0.192451
0.181274,0.705659,-0.275106E-01
0.181885,0.708035,1.19133
0.182495,0.710411,1.19665
0.183105,0.712787,0.363970
0.183716,0.715163,0.474004
0.184326,0.717538,1.90197
0.184937,0.719914,0.584646
0.185547,0.722290,0.246871
0.186157,0.724666,-0.456786E-02
0.186768,0.727042,0.749776E-01
0.187378,0.729418,0.240373
0.187988,0.731794,0.224681E-01
0.188599,0.734170,0.784320E-01
0.189209,0.736546,0.597867E-01
0.189819,0.738922,0.138299
0.190430,0.741298,-0.673948
0.191040,0.743674,-0.612508E-01
0.191650,0.746050,-0.325441E-01
0.192261,0.748426,0.462834
0.192871,0.750802,0.533880E-01
0.193481,0.753178,0.151569
0.194092,0.755554,0.367029
0.194702,0.757930,0.145838
0.195312,0.760306,0.288469
0.195923,0.762682,0.188287
0.196533,0.765058,0.285187E-02
0.197144,0.767434,0.135772E-01
0.197754,0.769809,0.907123E-01
0.198364,0.772185,0.180345
0.198975,0.774561,0.156168E-01
0.199585,0.776937,0.114710
0.200195,0.779313,0.121464
0.200806,0.781689,-0.154472
0.201416,0.784065,0.427296
0.202026,0.786441,0.122447
0.202637,0.788817,0.120388
0.203247,0.791193,1.02627
0.203857,0.793569,-0.197781
0.204468,0.795945,0.932628E-01
0.205078,0.798321,0.111019
0.205688,0.800697,0.620473E-01
0.206299,0.803073,0.413761E-01
0.206909,0.805449,0.226486E-01
0.207520,0.807825,0.620658E-01
0.208130,0.810201,0.296787
0.208740,0.812577,0.779781
0.209351,0.814953,0.651047E-01
0.209961,0.817329,0.514236
0.210571,0.819705,-0.326857
0.211182,0.822080,0.207454
0.211792,0.824456,0.312576
0.212402,0.826832,0.931680E-01
0.213013,0.829208,0.248146
0.213623,0.831584,-0.238821E-01
0.214233,0.833960,0.264739
0.214844,0.836336,0.726867
0.215454,0.838712,0.173578
0.216064,0.841088,-0.803170E-01
0.216675,0.843464,0.780582
0.217285,0.845840,-0.218016
0.217896,0.848216,0.490404
0.218506,0.850592,0.492305
0.219116,0.852968,0.913055E-01
0.219727,0.855344,0.318858
0.220337,0.857720,0.448157E-01
0.220947,0.860096,-0.105569
0.221558,0.862472,0.411029E-01
0.222168,0.864848,0.953065E-01
0.222778,0.867224,0.170948
0.223389,0.869600,0.207346
0.223999,0.871976,0.188895
0.224609,0.874352,0.175703
0.225220,0.876727,0.194881
0.225830,0.879103,0.208690
0.226440,0.881479,-0.427998E-01
0.227051,0.883855,0.232579
0.227661,0.886231,0.449205
0.228271,0.888607,-0.148308
0.228882,0.890983,0.854162
0.229492,0.893359,0.528838
0.230103,0.895735,0.573135
0.230713,0.898111,0.396265E-01
0.231323,0.900487,0.333761E-01
0.231934,0.902863,-0.305189E-01
0.232544,0.905239,0.849701E-01
0.233154,0.907615,0.209455
0.233765,0.909991,-1.04277
0.234375,0.912367,0.334681
0.234985,0.914743,0.651555
0.235596,0.917119,0.444094
0.236206,0.919495,0.315145
0.236816,0.921871,0.253113
0.237427,0.924247,-0.278608E-02
0.238037,0.926623,-0.201005E-01
0.238647,0.928998,-0.517503E-01
0.239258,0.931374,-0.165839
0.239868,0.933750,0.185638E-01
0.240479,0.936126,0.237546
0.241089,0.938502,0.401187E-01
0.241699,0.940878,0.123637
0.242310,0.943254,0.503330
0.242920,0.945630,0.708804
0.243530,0.948006,-0.617373E-01
0.244141,0.950382,0.105725
0.244751,0.952758,0.940774E-01
0.245361,0.955134,-0.172311E-03
0.245972,0.957510,-0.189298
0.246582,0.959886,-0.130781
0.247192,0.962262,-0.129831
0.247803,0.964638,0.160815E-01
0.248413,0.967014,0.396336
0.249023,0.969390,0.140455E-01
0.249634,0.971766,0.234022E-01
0.250244,0.974142,-0.540896E-01
0.250854,0.976518,0.428774
0.251465,0.978894,0.259117
0.252075,0.981269,0.127840
0.252686,0.983645,0.257191
0.253296,0.986021,0.121048E-01
0.253906,0.988397,0.830992E-01
0.254517,0.990773,-0.347829E-01
0.255127,0.993149,0.264776E-01
0.255737,0.995525,0.459968E-01
0.256348,0.997901,-0.601888E-01
0.256958,1.00028,0.282931
0.257568,1.00265,0.353612E-01
0.258179,1.00503,0.417219E-01
0.258789,1.00741,0.356745E-01
0.259399,1.00978,0.408466
0.260010,1.01216,0.375777E-01
0.260620,1.01453,-0.287590
0.261230,1.01691,0.286423
0.261841,1.01928,0.282380E-01
0.262451,1.02166,-0.300236E-01
0.263062,1.02404,0.171355
0.263672,1.02641,0.418846E-01
0.264282,1.02879,0.662215E-01
0.264893,1.03116,0.160044E-01
0.265503,1.03354,0.292406
0.266113,1.03592,0.181997
0.266724,1.03829,0.130898
0.267334,1.04067,0.122955E-01
0.267944,1.04304,0.124822
0.268555,1.04542,-0.201780
0.269165,1.04780,0.831611E-01
0.269775,1.05017,0.207879
0.270386,1.05255,0.210202
0.270996,1.05492,0.132910
0.271606,1.05730,0.935687E-01
0.272217,1.05968,0.975703E-01
0.272827,1.06205,-0.230052E-01
0.273438,1.06443,0.110677
0.274048,1.06680,-0.129582
0.274658,1.06918,0.719525E-01
0.275269,1.07156,0.964280E-01
0.275879,1.07393,0.658169E-01
0.276489,1.07631,0.627604
0.277100,1.07868,-0.914977E-01
0.277710,1.08106,0.275874
0.278320,1.08344,0.256454E-01
0.278931,1.08581,-0.155243
0.279541,1.08819,0.558820
0.280151,1.09056,0.687490E-01
0.280762,1.09294,0.408310
0.281372,1.09532,-0.711811E-02
0.281982,1.09769,0.101728
0.282593,1.10007,0.364570E-01
0.283203,1.10244,-0.240786E-01
0.283813,1.10482,0.293729
0.284424,1.10720,1.24715
0.285034,1.10957,0.114635
0.285645,1.11195,0.275639
0.286255,1.11432,-0.512165
0.286865,1.11670,-0.143807
0.287476,1.11907,0.996445
0.288086,1.12145,0.718679E-01
0.288696,1.12383,-0.197098E-01
0.289307,1.12620,-0.126159
0.289917,1.12858,0.135092
0.290527,1.13095,-0.103575
0.291138,1.13333,-0.260265E-01
0.291748,1.13571,0.376097
0.292358,1.13808,0.759419E-01
0.292969,1.14046,0.222874
0.293579,1.14283,0.326488E-01
0.294189,1.14521,0.145714
0.294800,1.14759,0.174014
0.295410,1.14996,0.424771
0.296021,1.15234,0.113953
0.296631,1.15471,-0.786362E-01
0.297241,1.15709,0.112801
0.297852,1.15947,0.834682
0.298462,1.16184,0.511313
0.299072,1.16422,0.182458
0.299683,1.16659,0.448593E-01
0.300293,1.16897,-0.148046
0.300903,1.17135,0.298410
0.301514,1.17372,0.165563
0.302124,1.17610,-0.691772E-01
0.302734,1.17847,-0.237820E-01
0.303345,1.18085,0.325796
0.303955,1.18323,0.686549E-01
0.304565,1.18560,0.694200
0.305176,1.18798,0.172027
0.305786,1.19035,0.212662
0.306396,1.19273,0.235766
0.307007,1.19511,-0.202574E-01
0.307617,1.19748,-0.174131
0.308228,1.19986,0.232303
0.308838,1.20223,-0.116395
0.309448,1.20461,0.224676E-01
0.310059,1.20699,0.304945
0.310669,1.20936,0.252739
0.311279,1.21174,0.372547
0.311890,1.21411,0.117352
0.312500,1.21649,-0.143344
0.313110,1.21887,0.410725E-01
0.313721,1.22124,0.422311E-01
0.314331,1.22362,0.211344
0.314941,1.22599,-0.135030
0.315552,1.22837,0.131324E-01
0.316162,1.23074,-0.197739
0.316772,1.23312,-0.111795
0.317383,1.23550,0.330918
0.317993,1.23787,0.807508E-01
0.318604,1.24025,0.127926
0.319214,1.24262,0.119836
0.319824,1.24500,0.190966
0.320435,1.24738,0.471228
0.321045,1.24975,-0.161356
0.321655,1.25213,0.181437
0.322266,1.25450,-0.196299
0.322876,1.25688,0.332742
0.323486,1.25926,-0.316539
0.324097,1.26163,-0.190445
0.324707,1.26401,0.421241E-01
0.325317,1.26638,0.864171E-01
0.325928,1.26876,0.807325E-01
0.326538,1.27114,0.923767E-01
0.327148,1.27351,-0.165932E-01
0.327759,1.27589,0.649891E-01
0.328369,1.27826,0.211360E-01
0.328979,1.28064,0.218188
0.329590,1.28302,0.101493
0.330200,1.28539,0.132491E-01
0.330811,1.28777,0.168815
0.331421,1.29014,0.995532
0.332031,1.29252,0.278824
0.332642,1.29490,0.364553E-01
0.333252,1.29727,-0.186032
0.333862,1.29965,-0.253353E-02
0.334473,1.30202,0.533730
0.335083,1.30440,0.398674
0.335693,1.30678,0.172956
0.336304,1.30915,-0.206896
0.336914,1.31153,0.141503
0.337524,1.31390,0.406602
0.338135,1.31628,0.676998E-01
0.338745,1.31866,0.307418E-01
0.339355,1.32103,0.380238E-01
0.339966,1.32341,-0.308454E-01
0.340576,1.32578,0.281068
0.341187,1.32816,-0.163233
0.341797,1.33053,-0.961304E-01
0.342407,1.33291,0.657806
0.343018,1.33529,-0.720247E-01
0.343628,1.33766,-0.294025E-01
0.344238,1.34004,0.509463
0.344849,1.34241,0.323028
0.345459,1.34479,0.116433
0.346069,1.34717,0.384079E-01
0.346680,1.34954,0.632522
0.347290,1.35192,-0.420816E-01
0.347900,1.35429,0.346545
0.348511,1.35667,-0.686301E-02
0.349121,1.35905,0.175226
0.349731,1.36142,0.211889
0.350342,1.36380,0.405053
0.350952,1.36617,0.524640E-01
0.351562,1.36855,0.921920E-01
0.352173,1.37093,0.112579
0.352783,1.37330,0.116263E-01
0.353394,1.37568,0.326649
0.354004,1.37805,-0.856940E-01
0.354614,1.38043,0.900774E-02
0.355225,1.38281,0.618374
0.355835,1.38518,-0.863843E-02
0.356445,1.38756,0.810693E-01
0.357056,1.38993,1.41273
0.357666,1.39231,0.356783
0.358276,1.39469,0.821684
0.358887,1.39706,-0.288880E-01
0.359497,1.39944,0.545863E-01
0.360107,1.40181,-0.491278E-01
0.360718,1.40419,0.658789E-01
0.361328,1.40657,0.362029
0.361938,1.40894,0.763419E-01
0.362549,1.41132,-0.691894E-03
0.363159,1.41369,-0.501811E-01
0.363770,1.41607,-0.197709
0.364380,1.41845,-0.414706E-01
0.364990,1.42082,0.544122E-01
0.365601,1.42320,0.192335
0.366211,1.42557,-0.502392E-01
0.366821,1.42795,0.572134E-01
0.367432,1.43033,-0.138562
0.368042,1.43270,0.201578E-03
0.368652,1.43508,0.196388
0.369263,1.43745,0.253165E-02
0.369873,1.43983,0.324839E-01
0.370483,1.44220,0.471285E-01
0.371094,1.44458,0.161183
0.371704,1.44696,0.404192
0.372314,1.44933,0.323120
0.372925,1.45171,0.107627
0.373535,1.45408,0.697119
0.374146,1.45646,0.798459E-01
0.374756,1.45884,0.270799
0.375366,1.46121,0.123566E-01
0.375977,1.46359,0.102482
0.376587,1.46596,0.621992E-01
0.377197,1.46834,-0.946669E-02
0.377808,1.47072,0.115521
0.378418,1.47309,0.118118
0.379028,1.47547,-0.159253
0.379639,1.47784,-0.204094
0.380249,1.48022,0.431748
0.380859,1.48260,0.646631
0.381470,1.48497,0.931580E-01
0.382080,1.48735,-0.223468
0.382690,1.48972,0.675376
0.383301,1.49210,-0.131468
0.383911,1.49448,0.310667
0.384521,1.49685,0.553552E-01
0.385132,1.49923,0.230216
0.385742,1.50160,0.253814
0.386353,1.50398,-0.262119E-01
0.386963,1.50636,0.147874
0.387573,1.50873,0.547426E-01
0.388184,1.51111,0.222957
0.388794,1.51348,-0.262016E-02
0.389404,1.51586,-0.859567E-01
0.390015,1.51824,-0.124074E-02
0.390625,1.52061,0.111883
0.391235,1.52299,-0.128809E-02
0.391846,1.52536,0.501536
0.392456,1.52774,-0.736262E-02
0.393066,1.53012,0.340004
0.393677,1.53249,0.411894
0.394287,1.53487,0.202409
0.394897,1.53724,0.708841
0.395508,1.53962,-0.322524E-01
0.396118,1.54199,0.780374
0.396729,1.54437,0.938528E-01
0.397339,1.54675,0.712435E-01
0.397949,1.54912,0.167247
0.398560,1.55150,0.953719E-01
0.399170,1.55387,0.157203
0.399780,1.55625,-0.108581
0.400391,1.55863,0.122674
0.401001,1.56100,0.189924
0.401611,1.56338,0.994617E-01
0.402222,1.56575,0.881208E-01
0.402832,1.56813,-0.158534E-01
0.403442,1.57051,0.902118
0.404053,1.57288,0.110651
0.404663,1.57526,0.223123E-01
0.405273,1.57763,0.174601E-01
0.405884,1.58001,-0.110312
0.406494,1.58239,0.160032
0.407104,1.58476,0.585272
0.407715,1.58714,0.427462
0.408325,1.58951,0.276662
0.408936,1.59189,0.151171
0.409546,1.59427,0.133813
0.410156,1.59664,0.168625
0.410767,1.59902,0.419506
0.411377,1.60139,0.144947
0.411987,1.60377,0.125785
0.412598,1.60615,0.133548
0.413208,1.60852,-0.487334E-01
0.413818,1.61090,0.863201E-01
0.414429,1.61327,-0.311500
0.415039,1.61565,-0.131148
0.415649,1.61803,0.302024
0.416260,1.62040,0.300543E-01
0.416870,1.62278,-0.173833E-01
0.417480,1.62515,0.170251
0.418091,1.62753,0.147308
0.418701,1.62991,0.146986
0.419312,1.63228,0.350218
0.419922,1.63466,0.299749
0.420532,1.63703,0.177431
0.421143,1.63941,1.29481
0.421753,1.64179,0.184745
0.422363,1.64416,0.397184E-01
0.422974,1.64654,0.646192E-01
0.423584,1.64891,0.739471E-01
0.424194,1.65129,-0.136165
0.424805,1.65366,-0.199844E-01
0.425415,1.65604,0.243074
0.426025,1.65842,0.817795
0.426636,1.66079,0.561595E-01
0.427246,1.66317,-0.545732E-01
0.427856,1.66554,-0.214261
0.428467,1.66792,0.203146
0.429077,1.67030,0.237678
0.429688,1.67267,0.130404
0.430298,1.67505,0.215179
0.430908,1.67742,0.120367
0.431519,1.67980,0.472055
0.432129,1.68218,-0.686256E-01
0.432739,1.68455,0.199734
0.433350,1.68693,0.738892
0.433960,1.68930,0.891519E-01
0.434570,1.69168,-0.114358
0.435181,1.69406,0.922987E-01
0.435791,1.69643,0.301915
0.436401,1.69881,0.468012E-01
0.437012,1.70118,0.241725
0.437622,1.70356,-0.176398
0.438232,1.70594,0.368061
0.438843,1.70831,-0.145012
0.439453,1.71069,0.904857E-01
0.440063,1.71306,-0.403844
0.440674,1.71544,1.13227
0.441284,1.71782,0.547463E-01
0.441895,1.72019,0.136602E-01
0.442505,1.72257,0.518680
0.443115,1.72494,0.219540
0.443726,1.72732,0.835527E-01
0.444336,1.72970,0.307402
0.444946,1.73207,0.120899
0.445557,1.73445,-0.168330
0.446167,1.73682,-0.516462E-01
0.446777,1.73920,-0.506842E-01
0.447388,1.74158,0.884697
0.447998,1.74395,0.407521
0.448608,1.74633,0.128742E-01
0.449219,1.74870,0.125629E-01
0.449829,1.75108,0.516081
0.450439,1.75345,0.233470E-01
0.451050,1.75583,0.296294
0.451660,1.75821,0.240276
0.452271,1.76058,0.453508
0.452881,1.76296,0.200260
0.453491,1.76533,-0.382344
0.454102,1.76771,-0.833161E-01
0.454712,1.77009,0.591208
0.455322,1.77246,0.120934
0.455933,1.77484,-0.297622E-01
0.456543,1.77721,0.128769
0.457153,1.77959,0.197063
0.457764,1.78197,-0.212497E-01
0.458374,1.78434,0.383972
0.458984,1.78672,0.268087
0.459595,1.78909,-0.759831E-01
0.460205,1.79147,-0.984396E-01
0.460815,1.79385,0.507736
0.461426,1.79622,-0.620266E-01
0.462036,1.79860,0.212560
0.462646,1.80097,0.306059
0.463257,1.80335,0.114108E-01
0.463867,1.80573,0.120165E-01
0.464478,1.80810,0.132903
0.465088,1.81048,0.509527E-01
0.465698,1.81285,-0.136339
0.466309,1.81523,0.521880
0.466919,1.81761,-0.323319E-01
0.467529,1.81998,0.877108
0.468140,1.82236,0.792878E-01
0.468750,1.82473,0.575023E-01
0.469360,1.82711,-0.848477E-01
0.469971,1.82949,0.747933E-01
0.470581,1.83186,-0.199177
0.471191,1.83424,-0.532817E-01
0.471802,1.83661,0.316340
0.472412,1.83899,0.124066
0.473022,1.84137,0.198031
0.473633,1.84374,0.642723
0.474243,1.84612,-0.165435
0.474854,1.84849,0.123475
0.475464,1.85087,0.383889
0.476074,1.85325,-0.703853E-01
0.476685,1.85562,-0.904908E-01
0.477295,1.85800,0.214913
0.477905,1.86037,0.126738
0.478516,1.86275,0.155214
0.479126,1.86512,0.331472
0.479736,1.86750,0.733974
0.480347,1.86988,0.274673
0.480957,1.87225,0.302794E-01
0.481567,1.87463,0.608643
0.482178,1.87700,0.433421E-01
0.482788,1.87938,0.513457E-01
0.483398,1.88176,0.438643
0.484009,1.88413,-0.789912E-03
0.484619,1.88651,0.153457
0.485229,1.88888,-0.293593E-02
0.485840,1.89126,0.768852E-01
0.486450,1.89364,-0.139871
0.487061,1.89601,0.570662E-01
0.487671,1.89839,-0.126056E-02
0.488281,1.90076,0.125028
0.488892,1.90314,0.118766E-01
0.489502,1.90552,-0.114299
0.490112,1.90789,0.380557
0.490723,1.91027,0.442404
0.491333,1.91264,0.170971
0.491943,1.91502,0.162721
0.492554,1.91740,0.468877
0.493164,1.91977,-0.647583E-01
0.493774,1.92215,0.133131
0.494385,1.92452,-0.133426
0.494995,1.92690,0.591848
0.495605,1.92928,0.365912E-01
0.496216,1.93165,0.608314E-01
0.496826,1.93403,0.373827
0.497437,1.93640,0.314415
0.498047,1.93878,-0.413501E-02
0.498657,1.94116,0.403692E-01
0.499268,1.94353,0.188944E-01
0.499878,1.94591,0.300173
0.500488,1.94828,0.121677
0.501099,1.95066,0.629153E-01
0.501709,1.95304,0.233143E-01
0.502319,1.95541,0.884429E-01
0.502930,1.95779,0.352059
0.503540,1.96016,-0.719552E-01
0.504150,1.96254,0.568380E-01
0.504761,1.96491,-0.791022E-02
0.505371,1.96729,0.122031
0.505981,1.96967,0.113074E-01
0.506592,1.97204,0.261314
0.507202,1.97442,0.119218E-01
0.507812,1.97679,0.211845
0.508423,1.97917,-0.117568E-01
0.509033,1.98155,-0.247318E-01
0.509644,1.98392,-0.292580E-01
0.510254,1.98630,0.666557E-02
0.510864,1.98867,0.178941
0.511475,1.99105,0.367079
0.512085,1.99343,0.828454E-01
0.512695,1.99580,0.187300
0.513306,1.99818,0.296601
0.513916,2.00055,-0.237364E-01
0.514526,2.00293,0.745914E-01
0.515137,2.00531,0.665986E-01
0.515747,2.00768,-0.127482
0.516357,2.01006,1.24025
0.516968,2.01243,-0.572368E-01
0.517578,2.01481,-0.453492E-01
0.518188,2.01719,-0.392028E-01
0.518799,2.01956,0.349386E-01
0.519409,2.02194,0.217582E-01
0.520020,2.02431,-0.483484E-02
0.520630,2.02669,0.663478E-01
0.521240,2.02907,0.113568
0.521851,2.03144,0.352572
0.522461,2.03382,-0.359200
0.523071,2.03619,-0.358025E-01
0.523682,2.03857,0.511024E-01
0.524292,2.04095,0.285983
0.524902,2.04332,-0.340341
0.525513,2.04570,0.222895
0.526123,2.04807,0.219693
0.526733,2.05045,1.02682
0.527344,2.05283,0.933405E-01
0.527954,2.05520,0.542345E-01
0.528564,2.05758,0.121933E-01
0.529175,2.05995,0.175814E-01
0.529785,2.06233,-0.730226E-01
0.530396,2.06471,0.481681
0.531006,2.06708,0.965160E-01
0.531616,2.06946,0.873463E-02
0.532227,2.07183,-0.504789E-01
0.532837,2.07421,0.109179
0.533447,2.07658,0.246325
0.534058,2.07896,0.365023
0.534668,2.08134,0.302825E-01
0.535278,2.08371,-0.196776
0.535889,2.08609,0.257597
0.536499,2.08846,0.415700E-01
0.537109,2.09084,0.195696E-01
0.537720,2.09322,-0.140046
0.538330,2.09559,0.248340
0.538940,2.09797,0.379753
0.539551,2.10034,0.824590
0.540161,2.10272,-0.646939E-01
0.540771,2.10510,0.683433E-01
0.541382,2.10747,0.176034
0.541992,2.10985,0.109184E-01
0.542603,2.11222,0.173133
0.543213,2.11460,-0.275892
0.543823,2.11698,-0.243672E-01
0.544434,2.11935,-0.711735E-01
0.545044,2.12173,0.407584E-01
0.545654,2.12410,0.574459E-01
0.546265,2.12648,-0.765728E-01
0.546875,2.12886,0.353029
0.547485,2.13123,0.186172E-01
0.548096,2.13361,0.148134
0.548706,2.13598,-0.379659E-01
0.549316,2.13836,0.826972E-01
0.549927,2.14074,0.263570
0.550537,2.14311,0.229087
0.551147,2.14549,0.171537E-01
0.551758,2.14786,-0.777257E-01
0.552368,2.15024,0.349521
0.552979,2.15262,0.289423E-01
0.553589,2.15499,0.359411E-01
0.554199,2.15737,0.125341
0.554810,2.15974,-0.228870E-01
0.555420,2.16212,0.395253
0.556030,2.16450,0.393080
0.556641,2.16687,0.455945E-01
0.557251,2.16925,0.273766
0.557861,2.17162,0.213167
0.558472,2.17400,0.228843
0.559082,2.17637,0.438890
0.559692,2.17875,-0.167212E-02
0.560303,2.18113,0.380200E-01
0.560913,2.18350,-0.117404
0.561523,2.18588,0.584913E-01
0.562134,2.18825,-0.771344E-01
0.562744,2.19063,0.118203
0.563354,2.19301,-0.243311
0.563965,2.19538,0.193336
0.564575,2.19776,0.159656
0.565186,2.20013,0.375742E-01
0.565796,2.20251,0.591459E-01
0.566406,2.20489,-0.146038E-01
0.567017,2.20726,-0.158611E-02
0.567627,2.20964,-0.797491E-01
0.568237,2.21201,-0.216900
0.568848,2.21439,0.153121
0.569458,2.21677,-0.903478E-01
0.570068,2.21914,0.408951
0.570679,2.22152,0.866876
0.571289,2.22389,0.469237E-01
0.571899,2.22627,-0.923661E-01
0.572510,2.22865,-0.170433
0.573120,2.23102,0.183318E-01
0.573730,2.23340,0.424509E-01
0.574341,2.23577,0.856943E-01
0.574951,2.23815,0.213323
0.575562,2.24053,0.279052
0.576172,2.24290,0.442814E-01
0.576782,2.24528,0.262880
0.577393,2.24765,0.417893
0.578003,2.25003,0.112991E-01
0.578613,2.25241,0.131883
0.579224,2.25478,0.402524
0.579834,2.25716,0.357861
0.580444,2.25953,0.211652
0.581055,2.26191,0.693872
0.581665,2.26429,0.380256
0.582275,2.26666,0.548250E-01
0.582886,2.26904,0.946060
0.583496,2.27141,0.185517
0.584106,2.27379,0.273686
0.584717,2.27617,0.348000
0.585327,2.27854,0.897220E-01
0.585938,2.28092,0.725894E-01
0.586548,2.28329,0.307832
0.587158,2.28567,-0.492970E-01
0.587769,2.28804,0.123380E-01
0.588379,2.29042,-0.450720E-01
0.588989,2.29280,-0.158468E-01
0.589600,2.29517,-0.201467
0.590210,2.29755,-0.261448E-01
0.590820,2.29992,0.576543
0.591431,2.30230,0.327115E-01
0.592041,2.30468,-0.754848E-01
0.592651,2.30705,0.154261E-01
0.593262,2.30943,-0.175025E-01
0.593872,2.31180,-0.186572E-01
0.594482,2.31418,0.158879E-01
0.595093,2.31656,0.778464E-01
0.595703,2.31893,0.257126
0.596313,2.32131,-0.123775
0.596924,2.32368,0.295632
0.597534,2.32606,-0.169775
0.598145,2.32844,0.518599
0.598755,2.33081,-0.647406E-01
0.599365,2.33319,0.333653
0.599976,2.33556,0.109445E-01
0.600586,2.33794,0.173618
0.601196,2.34032,0.178933
0.601807,2.34269,-0.745736E-01
0.602417,2.34507,0.847856E-01
0.603027,2.34744,-0.262072
0.603638,2.34982,-0.361639E-01
0.604248,2.35220,0.917281E-03
0.604858,2.35457,0.164186
0.605469,2.35695,-0.513985E-01
0.606079,2.35932,0.109761
0.606689,2.36170,0.105289E-01
0.607300,2.36408,-0.731043E-01
0.607910,2.36645,0.302795E-01
0.608521,2.36883,0.576683
0.609131,2.37120,-0.350509E-01
0.609741,2.37358,0.677551E-01
0.610352,2.37596,0.565935E-01
0.610962,2.37833,0.466502E-01
0.611572,2.38071,0.306581
0.612183,2.38308,0.287899
0.612793,2.38546,0.130327
0.613403,2.38783,0.106668E-01
0.614014,2.39021,0.634651E-02
0.614624,2.39259,0.338996
0.615234,2.39496,0.162774
0.615845,2.39734,-0.162290E-01
0.616455,2.39971,0.186070
0.617065,2.40209,-0.163583E-01
0.617676,2.40447,0.662409
0.618286,2.40684,0.142277
0.618896,2.40922,-0.537901E-01
0.619507,2.41159,-0.274774E-01
0.620117,2.41397,0.346539E-01
0.620728,2.41635,0.183684
0.621338,2.41872,0.278680
0.621948,2.42110,0.378700
0.622559,2.42347,0.617002E-01
0.623169,2.42585,0.151965
0.623779,2.42823,-0.206138E-01
0.624390,2.43060,0.163948
0.625000,2.43298,0.858662E-01
0.625610,2.43535,0.814647E-01
0.626221,2.43773,0.239953
0.626831,2.44011,-0.121764
0.627441,2.44248,0.125906
0.628052,2.44486,0.480783
0.628662,2.44723,-0.656999E-01
0.629272,2.44961,0.678894E-01
0.629883,2.45199,-0.116111E-01
0.630493,2.45436,0.625541
0.631104,2.45674,0.760883E-01
0.631714,2.45911,-0.142810
0.632324,2.46149,0.196237
0.632935,2.46387,0.579327E-02
0.633545,2.46624,0.439297
0.634155,2.46862,-0.228099E-01
0.634766,2.47099,-0.330580E-01
0.635376,2.47337,0.188861
0.635986,2.47575,0.223940E-01
0.636597,2.47812,0.222929
0.637207,2.48050,0.866131E-02
0.637817,2.48287,-0.319423E-01
0.638428,2.48525,0.225084E-01
0.639038,2.48763,0.148506
0.639648,2.49000,0.207058E-01
0.640259,2.49238,0.251323
0.640869,2.49475,0.202724
0.641479,2.49713,0.990174E-01
0.642090,2.49950,-0.214151
0.642700,2.50188,-0.384160E-01
0.643311,2.50426,-0.163469
0.643921,2.50663,0.452221E-01
0.644531,2.50901,0.398828E-01
0.645142,2.51138,-0.535280E-01
0.645752,2.51376,0.787915E-01
0.646362,2.51614,0.129974
0.646973,2.51851,-0.248160E-01
0.647583,2.52089,0.408676E-01
0.648193,2.52326,-0.823170E-01
0.648804,2.52564,0.797773E-01
0.649414,2.52802,-0.389999E-01
0.650024,2.53039,0.978698E-01
0.650635,2.53277,0.281823
0.651245,2.53514,0.266414E-01
0.651855,2.53752,-0.629432E-01
0.652466,2.53990,-0.767491E-01
0.653076,2.54227,0.495228E-01
0.653687,2.54465,0.268350
0.654297,2.54702,0.237157
0.654907,2.54940,0.681401E-02
0.655518,2.55178,0.229902
0.656128,2.55415,0.272757
0.656738,2.55653,0.113626
0.657349,2.55890,0.118088
0.657959,2.56128,0.127441
0.658569,2.56366,-0.363925E-01
0.659180,2.56603,0.958656E-01
0.659790,2.56841,0.518426E-01
0.660400,2.57078,-0.210359E-01
0.661011,2.57316,-0.238815E-01
0.661621,2.57554,0.764020E-01
0.662231,2.57791,-0.224206E-01
0.662842,2.58029,0.112517
0.663452,2.58266,-0.661025E-02
0.664062,2.58504,0.224303E-01
0.664673,2.58742,-0.150423
0.665283,2.58979,0.242901
0.665894,2.59217,-0.367809E-01
0.666504,2.59454,-0.428418E-01
0.667114,2.59692,0.361816E-01
0.667725,2.59929,0.777941
0.668335,2.60167,-0.729059E-02
0.668945,2.60405,-0.758832E-01
0.669556,2.60642,0.112253
0.670166,2.60880,0.508083
0.670776,2.61117,0.275157E-01
0.671387,2.61355,0.131025
0.671997,2.61593,0.257547E-01
0.672607,2.61830,0.692581E-02
0.673218,2.62068,0.149337
0.673828,2.62305,0.221342
0.674438,2.62543,0.807510E-01
0.675049,2.62781,0.497935E-01
0.675659,2.63018,0.686445E-01
0.676270,2.63256,-0.361522E-01
0.676880,2.63493,0.972242E-01
0.677490,2.63731,0.261721
0.678101,2.63969,0.260441
0.678711,2.64206,0.880460E-01
0.679321,2.64444,-0.302915
0.679932,2.64681,0.106466
0.680542,2.64919,0.695788E-01
0.681152,2.65157,-0.280671E-01
0.681763,2.65394,-0.423993E-01
0.682373,2.65632,0.160569
0.682983,2.65869,0.201704E-01
0.683594,2.66107,0.174501
0.684204,2.66345,-0.112402
0.684814,2.66582,-0.425676E-01
0.685425,2.66820,0.312539E-01
0.686035,2.67057,0.680672
0.686646,2.67295,0.138082
0.687256,2.67533,0.420829E-02
0.687866,2.67770,0.548793E-01
0.688477,2.68008,-0.269983E-01
0.689087,2.68245,0.232882
0.689697,2.68483,-0.118074
0.690308,2.68721,0.210639
0.690918,2.68958,0.265255E-01
0.691528,2.69196,0.754510E-01
0.692139,2.69433,-0.186579
0.692749,2.69671,-0.168831
0.693359,2.69909,0.145597
0.693970,2.70146,-0.191158
0.694580,2.70384,0.284249
0.695190,2.70621,-0.408192E-02
0.695801,2.70859,-0.113395
0.696411,2.71096,0.578614
0.697021,2.71334,0.986692E-01
0.697632,2.71572,-0.106155
0.698242,2.71809,0.411772E-01
0.698853,2.72047,0.801647E-02
0.699463,2.72284,0.311508
0.700073,2.72522,0.731337E-01
0.700684,2.72760,-0.112169
0.701294,2.72997,-0.106719
0.701904,2.73235,-0.745423E-01
0.702515,2.73472,-0.373363E-03
0.703125,2.73710,0.149937E-01
0.703735,2.73948,-0.876194E-01
0.704346,2.74185,-0.251193E-01
0.704956,2.74423,0.651038E-01
0.705566,2.74660,-0.223435E-01
0.706177,2.74898,0.213335E-01
0.706787,2.75136,0.456980
0.707397,2.75373,-0.336218E-01
0.708008,2.75611,-0.720575E-01
0.708618,2.75848,-0.378298E-01
0.709229,2.76086,0.177105
0.709839,2.76324,0.380090
0.710449,2.76561,-0.213481E-01
0.711060,2.76799,-0.287874E-01
0.711670,2.77036,0.165672
0.712280,2.77274,-0.784453E-01
0.712891,2.77512,-0.218505E-01
0.713501,2.77749,0.187613E-01
0.714111,2.77987,0.574158E-01
0.714722,2.78224,0.204648
0.715332,2.78462,0.778585E-01
0.715942,2.78700,-0.197655
0.716553,2.78937,0.396854E-01
0.717163,2.79175,-0.209221
0.717773,2.79412,0.180137E-01
0.718384,2.79650,-0.113912E-01
0.718994,2.79888,0.337825
0.719604,2.80125,0.166272
0.720215,2.80363,0.346635E-02
0.720825,2.80600,-0.687786E-01
0.721436,2.80838,-0.463046E-02
0.722046,2.81076,0.114729
0.722656,2.81313,0.115594
0.723267,2.81551,-0.298020E-01
0.723877,2.81788,-0.123957
0.724487,2.82026,0.113529E-01
0.725098,2.82263,0.139811E-01
0.725708,2.82501,0.299930E-01
0.726318,2.82739,0.164055
0.726929,2.82976,0.151162
0.727539,2.83214,0.125854
0.728149,2.83451,0.428620
0.728760,2.83689,0.146632
0.729370,2.83927,-0.513353E-01
0.729980,2.84164,-0.120866E-01
0.730591,2.84402,-0.102555
0.731201,2.84639,0.139681
0.731812,2.84877,0.221567
0.732422,2.85115,0.268935
0.733032,2.85352,0.795404E-03
0.733643,2.85590,-0.237155E-02
0.734253,2.85827,0.109441
0.734863,2.86065,-0.118531
0.735474,2.86303,0.105429E-02
0.736084,2.86540,0.298983E-02
0.736694,2.86778,0.108572
0.737305,2.87015,0.581842
0.737915,2.87253,0.262935
0.738525,2.87491,0.167093
0.739136,2.87728,0.105880E-01
0.739746,2.87966,-0.129511
0.740356,2.88203,0.482333E-02
0.740967,2.88441,0.396665
0.741577,2.88679,0.156675
0.742188,2.88916,0.698844E-01
0.742798,2.89154,0.592931E-01
0.743408,2.89391,0.928138E-02
0.744019,2.89629,0.296282
0.744629,2.89867,0.158615
0.745239,2.90104,0.240677E-01
0.745850,2.90342,-0.429145E-01
0.746460,2.90579,0.147082E-01
0.747070,2.90817,0.191738
0.747681,2.91055,0.140624
0.748291,2.91292,-0.276325E-01
0.748901,2.91530,0.142303
0.749512,2.91767,0.118384
0.750122,2.92005,0.122060
0.750732,2.92242,-0.121244
0.751343,2.92480,1.67556
0.751953,2.92718,-0.549331E-01
0.752563,2.92955,0.128393
0.753174,2.93193,-0.910635E-01
0.753784,2.93430,-0.296930E-01
0.754395,2.93668,0.403752
0.755005,2.93906,0.462608
0.755615,2.94143,-0.549227E-01
0.756226,2.94381,-0.951130E-02
0.756836,2.94618,0.753796E-01
0.757446,2.94856,0.306376
0.758057,2.95094,0.499781E-02
0.758667,2.95331,0.562301E-01
0.759277,2.95569,0.911013E-01
0.759888,2.95806,0.766823
0.760498,2.96044,0.272053
0.761108,2.96282,0.179056E-01
0.761719,2.96519,0.720570E-01
0.762329,2.96757,-0.440664E-01
0.762939,2.96994,0.438125
0.763550,2.97232,-0.579029E-01
0.764160,2.97470,0.207242
0.764771,2.97707,0.107684E-01
0.765381,2.97945,-0.339105E-01
0.765991,2.98182,0.182065E-01
0.766602,2.98420,0.167289
0.767212,2.98658,0.446577E-01
0.767822,2.98895,0.424777E-01
0.768433,2.99133,0.268906E-01
0.769043,2.99370,-0.778483E-01
0.769653,2.99608,0.144888
0.770264,2.99846,0.190874
0.770874,3.00083,0.738161E-01
0.771484,3.00321,0.609746E-01
0.772095,3.00558,-0.884841E-01
0.772705,3.00796,0.787979E-01
0.773315,3.01034,-0.373868E-01
0.773926,3.01271,0.168973
0.774536,3.01509,0.623622
0.775146,3.01746,-0.904283E-01
0.775757,3.01984,0.555673E-01
0.776367,3.02222,0.940499E-01
0.776978,3.02459,0.296329
0.777588,3.02697,0.370947
0.778198,3.02934,-0.241710E-01
0.778809,3.03172,0.258084E-01
0.779419,3.03409,0.564642E-01
0.780029,3.03647,0.858189E-01
0.780640,3.03885,0.102827
0.781250,3.04122,-0.910278E-02
0.781860,3.04360,-0.181427
0.782471,3.04597,0.229414E-01
0.783081,3.04835,0.179037
0.783691,3.05073,0.175787
0.784302,3.05310,-0.717545E-01
0.784912,3.05548,0.930002E-01
0.785522,3.05785,0.253582E-01
0.786133,3.06023,0.134308
0.786743,3.06261,-0.418271E-02
0.787354,3.06498,0.106912
0.787964,3.06736,0.511233E-02
0.788574,3.06973,0.704862E-01
0.789185,3.07211,0.115464
0.789795,3.07449,-0.617404E-01
0.790405,3.07686,0.815278
0.791016,3.07924,0.106726
0.791626,3.08161,-0.972467E-01
0.792236,3.08399,0.194690
0.792847,3.08637,0.133488
0.793457,3.08874,0.980798E-01
0.794067,3.09112,-0.136676E-01
0.794678,3.09349,-0.124382
0.795288,3.09587,0.388872
0.795898,3.09825,0.172476
0.796509,3.10062,0.108023E-01
0.797119,3.10300,-0.799163E-01
0.797729,3.10537,0.507740E-01
0.798340,3.10775,0.218477E-01
0.798950,3.11013,-0.138701
0.799561,3.11250,-0.306366
0.800171,3.11488,-0.175147
0.800781,3.11725,0.105327
0.801392,3.11963,0.159881
0.802002,3.12201,0.145657
0.802612,3.12438,0.184101E-01
0.803223,3.12676,0.963611E-01
0.803833,3.12913,-0.100982
0.804443,3.13151,0.338307
0.805054,3.13388,-0.181026E-01
0.805664,3.13626,0.199363
0.806274,3.13864,0.100701
0.806885,3.14101,-0.177710
0.807495,3.14339,0.566256E-01
0.808105,3.14576,-0.487318E-01
0.808716,3.14814,-0.105995
0.809326,3.15052,-0.287508E-01
0.809937,3.15289,0.155134
0.810547,3.15527,-0.391965
0.811157,3.15764,0.220815
0.811768,3.16002,0.431220E-01
0.812378,3.16240,0.250699
0.812988,3.16477,0.416391
0.813599,3.16715,0.170084
0.814209,3.16952,0.125128
0.814819,3.17190,0.650766E-01
0.815430,3.17428,0.853762E-01
0.816040,3.17665,-0.235601
0.816650,3.17903,-0.203470
0.817261,3.18140,0.130143
0.817871,3.18378,-0.233910
0.818481,3.18616,0.116364
0.819092,3.18853,0.325636E-01
0.819702,3.19091,0.385792E-02
0.820312,3.19328,0.575598E-02
0.820923,3.19566,0.369030E-01
0.821533,3.19804,-0.754154E-01
0.822144,3.20041,0.156412
0.822754,3.20279,0.160347
0.823364,3.20516,0.385157
0.823975,3.20754,-0.163343E-01
0.824585,3.20992,0.789183E-01
0.825195,3.21229,0.165561
0.825806,3.21467,0.194841E-01
0.826416,3.21704,-0.213820
0.827026,3.21942,0.147681
0.827637,3.22180,0.481927E-01
0.828247,3.22417,0.229975
0.828857,3.22655,0.181220
0.829468,3.22892,-0.150873
0.830078,3.23130,-0.207345E-01
0.830688,3.23368,0.633325E-01
0.831299,3.23605,0.114996
0.831909,3.23843,0.798410E-01
0.832520,3.24080,0.256357E-01
0.833130,3.24318,0.252213
0.833740,3.24555,0.803372E-02
0.834351,3.24793,-0.238469E-03
0.834961,3.25031,-0.170472E-01
0.835571,3.25268,-0.547194E-01
0.836182,3.25506,-0.266747E-01
0.836792,3.25743,-0.178339E-01
0.837402,3.25981,0.268690
0.838013,3.26219,0.840078E-01
0.838623,3.26456,0.716413E-01
0.839233,3.26694,0.358748
0.839844,3.26931,0.109701
0.840454,3.27169,0.179796
0.841064,3.27407,-0.585783E-01
0.841675,3.27644,0.879869E-01
0.842285,3.27882,0.424528
0.842896,3.28119,0.720981E-02
0.843506,3.28357,0.397560E-01
0.844116,3.28595,-0.110341E-01
0.844727,3.28832,-0.612004E-01
0.845337,3.29070,0.138113
0.845947,3.29307,-0.745123E-01
0.846558,3.29545,0.102569
0.847168,3.29783,0.151844E-01
0.847778,3.30020,-0.251668E-01
0.848389,3.30258,0.839922E-01
0.848999,3.30495,0.693563E-01
0.849609,3.30733,0.231189E-01
0.850220,3.30971,0.231559E-01
0.850830,3.31208,0.126949
0.851440,3.31446,0.153594E-01
0.852051,3.31683,0.206229E-01
0.852661,3.31921,0.208899
0.853271,3.32159,0.372343
0.853882,3.32396,-0.813359E-01
0.854492,3.32634,0.381903
0.855103,3.32871,0.649035E-02
0.855713,3.33109,-0.311524E-01
0.856323,3.33347,-0.462475E-01
0.856934,3.33584,0.120335E-01
0.857544,3.33822,0.454674E-01
0.858154,3.34059,0.336443
0.858765,3.34297,-0.371437E-01
0.859375,3.34534,0.359103E-01
0.859985,3.34772,0.148083
0.860596,3.35010,-0.763076E-02
0.861206,3.35247,0.197690
0.861816,3.35485,0.964878E-01
0.862427,3.35722,-0.256636E-02
0.863037,3.35960,0.578654
0.863647,3.36198,0.435444E-01
0.864258,3.36435,-0.870545E-01
0.864868,3.36673,-0.470079E-01
0.865479,3.36910,0.408665
0.866089,3.37148,0.108294E-01
0.866699,3.37386,-0.595560E-01
0.867310,3.37623,0.910635E-01
0.867920,3.37861,0.374277E-01
0.868530,3.38098,0.331130E-01
0.869141,3.38336,0.413586
0.869751,3.38574,-0.477193E-01
0.870361,3.38811,-0.830234E-02
0.870972,3.39049,0.365823
0.871582,3.39286,0.240286E-01
0.872192,3.39524,0.680168E-01
0.872803,3.39762,0.535024E-02
0.873413,3.39999,0.529269E-01
0.874023,3.40237,0.425807
0.874634,3.40474,0.357186E-01
0.875244,3.40712,0.330976
0.875854,3.40950,-0.814099E-02
0.876465,3.41187,0.495572E-01
0.877075,3.41425,0.275269E-01
0.877686,3.41662,-0.947828E-01
0.878296,3.41900,0.141601E-02
0.878906,3.42138,0.261552E-01
0.879517,3.42375,-0.552198E-01
0.880127,3.42613,0.993783E-01
0.880737,3.42850,0.308146
0.881348,3.43088,0.170225
0.881958,3.43326,-0.121650
0.882568,3.43563,0.200729E-01
0.883179,3.43801,-0.605621E-01
0.883789,3.44038,0.156400
0.884399,3.44276,0.497155
0.885010,3.44514,0.139628
0.885620,3.44751,0.257185
0.886230,3.44989,0.429098E-01
0.886841,3.45226,0.201460
0.887451,3.45464,-0.529156E-01
0.888062,3.45701,0.560417E-01
0.888672,3.45939,-0.253528E-01
0.889282,3.46177,0.283780E-01
0.889893,3.46414,-0.148025
0.890503,3.46652,-0.147914E-01
0.891113,3.46889,0.269968E-03
0.891724,3.47127,-0.876447E-01
0.892334,3.47365,-0.169910E-01
0.892944,3.47602,0.251357
0.893555,3.47840,0.119603
0.894165,3.48077,0.187825E-02
0.894775,3.48315,0.648993E-01
0.895386,3.48553,-0.639141E-01
0.895996,3.48790,0.371822
0.896606,3.49028,0.140628
0.897217,3.49265,0.688379E-01
0.897827,3.49503,0.246035
0.898438,3.49741,0.914304E-01
0.899048,3.49978,0.115402
0.899658,3.50216,0.548160E-01
0.900269,3.50453,0.337062E-01
0.900879,3.50691,-0.306349
0.901489,3.50929,0.727930E-01
0.902100,3.51166,0.257879
0.902710,3.51404,0.878993E-02
0.903320,3.51641,-0.332217E-01
0.903931,3.51879,0.134272E-01
0.904541,3.52117,0.200762
0.905151,3.52354,0.134588
0.905762,3.52592,0.335690
0.906372,3.52829,0.163327E-01
0.906982,3.53067,0.459751E-01
0.907593,3.53305,0.277465
0.908203,3.53542,-0.206836
0.908813,3.53780,0.120245
0.909424,3.54017,-0.373993E-02
0.910034,3.54255,0.827507E-01
0.910645,3.54493,0.135685
0.911255,3.54730,0.140854
0.911865,3.54968,-0.250545E-02
0.912476,3.55205,0.149849E-01
0.913086,3.55443,0.201461
0.913696,3.55680,0.231338
0.914307,3.55918,0.194887
0.914917,3.56156,0.791383E-01
0.915527,3.56393,0.269449E-01
0.916138,3.56631,0.927984E-02
0.916748,3.56868,-0.285228E-01
0.917358,3.57106,-0.564824E-02
0.917969,3.57344,0.139362
0.918579,3.57581,0.216090
0.919189,3.57819,0.335962E-01
0.919800,3.58056,0.481626E-01
0.920410,3.58294,0.710853E-01
0.921021,3.58532,0.266205
0.921631,3.58769,0.376894
0.922241,3.59007,0.542846
0.922852,3.59244,-0.262344E-01
0.923462,3.59482,0.155754E-01
0.924072,3.59720,-0.183140
0.924683,3.59957,0.340065E-01
0.925293,3.60195,0.408788
0.925903,3.60432,0.947901E-01
0.926514,3.60670,0.397188
0.927124,3.60908,-0.458143E-01
0.927734,3.61145,0.543087E-01
0.928345,3.61383,0.163077
0.928955,3.61620,-0.102563
0.929565,3.61858,-0.593404E-01
0.930176,3.62096,0.289306E-01
0.930786,3.62333,-0.176205E-01
0.931396,3.62571,0.388983
0.932007,3.62808,0.127291E-01
0.932617,3.63046,-0.763047E-02
0.933228,3.63284,0.693521E-02
0.933838,3.63521,-0.121462
0.934448,3.63759,-0.139262
0.935059,3.63996,0.350455E-01
0.935669,3.64234,0.943795E-01
0.936279,3.64472,0.123277
0.936890,3.64709,0.654546E-01
0.937500,3.64947,-0.131732E-01
0.938110,3.65184,0.479082E-02
0.938721,3.65422,0.126352
0.939331,3.65660,0.646087E-01
0.939941,3.65897,0.833198E-01
0.940552,3.66135,-0.449743E-01
0.941162,3.66372,0.891165E-02
0.941772,3.66610,0.594688E-02
0.942383,3.66847,-0.296102
0.942993,3.67085,0.567155E-01
0.943604,3.67323,0.145628
0.944214,3.67560,0.288466E-01
0.944824,3.67798,0.154785
0.945435,3.68035,0.227735
0.946045,3.68273,0.121487
0.946655,3.68511,0.126154
0.947266,3.68748,0.197342E-01
0.947876,3.68986,-0.498168E-01
0.948486,3.69223,-0.550193E-01
0.949097,3.69461,0.974980E-01
0.949707,3.69699,0.657481E-01
0.950317,3.69936,0.599372E-02
0.950928,3.70174,0.278809E-01
0.951538,3.70411,-0.904305E-01
0.952148,3.70649,0.156197E-01
0.952759,3.70887,-0.137672E-01
0.953369,3.71124,-0.429159E-02
0.953979,3.71362,-0.198858E-01
0.954590,3.71599,-0.129158
0.955200,3.71837,0.335180
0.955811,3.72075,0.159286E-01
0.956421,3.72312,-0.256914E-01
0.957031,3.72550,-0.205134E-01
0.957642,3.72787,-0.669906E-01
0.958252,3.73025,0.584975E-01
0.958862,3.73263,-0.141821
0.959473,3.73500,0.138120
0.960083,3.73738,0.237388E-01
0.960693,3.73975,0.579113E-01
0.961304,3.74213,-0.640165E-02
0.961914,3.74451,0.318886
0.962524,3.74688,0.253278
0.963135,3.74926,-0.800861E-01
0.963745,3.75163,0.500844E-01
0.964355,3.75401,0.442037
0.964966,3.75639,0.527325E-01
0.965576,3.75876,0.161963
0.966187,3.76114,0.289302E-01
0.966797,3.76351,0.601282E-01
0.967407,3.76589,-0.369212E-01
0.968018,3.76826,0.148455
0.968628,3.77064,0.333520
0.969238,3.77302,0.988069E-03
0.969849,3.77539,-0.273204
0.970459,3.77777,-0.119196E-01
0.971069,3.78014,0.125993
0.971680,3.78252,-0.160231
0.972290,3.78490,0.101499
0.972900,3.78727,0.688209E-01
0.973511,3.78965,0.319585E-02
0.974121,3.79202,-0.400886
0.974731,3.79440,0.309387
0.975342,3.79678,0.188817
0.975952,3.79915,-0.822911E-01
0.976562,3.80153,0.123589
0.977173,3.80390,-0.153130
0.977783,3.80628,-0.178473
0.978394,3.80866,-0.182170E-01
0.979004,3.81103,0.106381
0.979614,3.81341,-0.166716E-01
0.980225,3.81578,0.380904E-01
0.980835,3.81816,-0.188747E-01
0.981445,3.82054,-0.377513E-01
0.982056,3.82291,-0.113214
0.982666,3.82529,0.690266E-01
0.983276,3.82766,0.289010
0.983887,3.83004,0.110471E-02
0.984497,3.83242,0.283436E-01
0.985107,3.83479,-0.129272
0.985718,3.83717,-0.249183E-01
0.986328,3.83954,-0.187049E-01
0.986938,3.84192,0.114067E-01
0.987549,3.84430,0.212467
0.988159,3.84667,0.204855
0.988770,3.84905,0.309701
0.989380,3.85142,0.758932E-02
0.989990,3.85380,-0.837354E-02
0.990601,3.85618,-0.255091E-01
0.991211,3.85855,0.414899E-01
0.991821,3.86093,-0.950364E-01
0.992432,3.86330,0.251990
0.993042,3.86568,0.296544
0.993652,3.86806,0.173821
0.994263,3.87043,0.334419
0.994873,3.87281,-0.160711
0.995483,3.87518,0.173603
0.996094,3.87756,0.287265
0.996704,3.87993,-0.454418E-01
0.997314,3.88231,0.314603
0.997925,3.88469,-0.254656E-02
0.998535,3.88706,-0.735702E-01
0.999146,3.88944,0.176465
0.999756,3.89181,0.161303
1.00037,3.89419,-0.225186
1.00098,3.89657,-0.593441E-01
1.00159,3.89894,0.836058E-01
1.00220,3.90132,0.811158E-01
1.00281,3.90369,-0.388451
1.00342,3.90607,0.912496E-01
1.00403,3.90845,0.253480
1.00464,3.91082,-0.867800E-01
1.00525,3.91320,0.287354
1.00586,3.91557,0.696610E-01
1.00647,3.91795,0.407203E-02
1.00708,3.92033,0.706269E-01
1.00769,3.92270,0.141170
1.00830,3.92508,0.686293E-01
1.00891,3.92745,-0.275255E-01
1.00952,3.92983,-0.201371E-01
1.01013,3.93221,-0.731912E-02
1.01074,3.93458,0.343523
1.01135,3.93696,-0.402098E-01
1.01196,3.93933,-0.234906E-01
1.01257,3.94171,-0.397479E-02
1.01318,3.94409,0.186056
1.01379,3.94646,0.137898
1.01440,3.94884,-0.741045E-01
1.01501,3.95121,0.848727E-01
1.01562,3.95359,-0.629449E-02
1.01624,3.95597,-0.102961
1.01685,3.95834,-0.290854
1.01746,3.96072,0.174504
1.01807,3.96309,0.774565E-01
1.01868,3.96547,-0.224989
1.01929,3.96785,0.223431
1.01990,3.97022,0.141434E-02
1.02051,3.97260,0.183536
1.02112,3.97497,-0.740443E-02
1.02173,3.97735,0.533593E-01
1.02234,3.97972,0.165574E-01
1.02295,3.98210,-0.313619
1.02356,3.98448,0.234608E-01
1.02417,3.98685,0.770617E-01
1.02478,3.98923,-0.208502
1.02539,3.99160,0.169242
1.02600,3.99398,-0.763673E-02
1.02661,3.99636,-0.826826E-01
1.02722,3.99873,-0.270403E-01
1.02783,4.00111,0.118789
1.02844,4.00348,0.933200E-01
1.02905,4.00586,-0.361737E-03
1.02966,4.00824,0.360855
1.03027,4.01061,0.207870
1.03088,4.01299,-0.153563E-01
1.03149,4.01536,0.268362
1.03210,4.01774,-0.247061
1.03271,4.02012,-0.124195
1.03333,4.02249,-0.119338
1.03394,4.02487,0.242053E-01
1.03455,4.02724,0.684581E-01
1.03516,4.02962,-0.229294E-01
1.03577,4.03200,0.135448
1.03638,4.03437,-0.917370E-01
1.03699,4.03675,0.922885E-01
1.03760,4.03912,0.535870E-01
1.03821,4.04150,-0.578963E-01
1.03882,4.04388,0.184674
1.03943,4.04625,-0.189333E-01
1.04004,4.04863,0.168866E-01
1.04065,4.05100,0.545905E-01
1.04126,4.05338,0.123593
1.04187,4.05576,0.153016
1.04248,4.05813,-0.552839E-01
1.04309,4.06051,0.222860E-01
1.04370,4.06288,-0.958683E-01
1.04431,4.06526,0.352010E-01
1.04492,4.06764,0.344559
1.04553,4.07001,0.342212
1.04614,4.07239,0.654120E-01
1.04675,4.07476,0.346656E-01
1.04736,4.07714,0.182250
1.04797,4.07952,0.957241E-01
1.04858,4.08189,0.334368E-01
1.04919,4.08427,0.129530
1.04980,4.08664,0.184352E-01
1.05042,4.08902,0.170110E-01
1.05103,4.09139,-0.292846E-01
1.05164,4.09377,0.161709
1.05225,4.09615,-0.773328E-01
1.05286,4.09852,0.146429
1.05347,4.10090,0.468193E-01
1.05408,4.10327,0.206783
1.05469,4.10565,0.187694
1.05530,4.10803,0.178358
1.05591,4.11040,0.708511E-01
1.05652,4.11278,0.114703
1.05713,4.11515,0.875202E-01
1.05774,4.11753,0.265190
1.05835,4.11991,-0.789761E-02
1.05896,4.12228,-0.503257E-01
1.05957,4.12466,-0.373886E-01
1.06018,4.12703,0.717937E-02
1.06079,4.12941,0.116186
1.06140,4.13179,0.434454
1.06201,4.13416,0.166939
1.06262,4.13654,0.334702
1.06323,4.13891,0.157673
1.06384,4.14129,0.322711E-02
1.06445,4.14367,0.798880E-01
1.06506,4.14604,0.570203E-01
1.06567,4.14842,-0.705655E-01
1.06628,4.15079,0.109099E-01
1.06689,4.15317,-0.229216
1.06750,4.15555,0.690313E-01
1.06812,4.15792,0.196662
1.06873,4.16030,0.141715
1.06934,4.16267,-0.567392E-02
1.06995,4.16505,0.102769
1.07056,4.16743,-0.414928E-01
1.07117,4.16980,-0.848541E-01
1.07178,4.17218,0.609033E-01
1.07239,4.17455,0.354668
1.07300,4.17693,-0.634822E-01
1.07361,4.17931,0.860349E-01
1.07422,4.18168,-0.466392
1.07483,4.18406,-0.352727E-01
1.07544,4.18643,-0.140369
1.07605,4.18881,-0.628118E-02
1.07666,4.19118,0.141613E-01
1.07727,4.19356,0.174734
1.07788,4.19594,0.473304E-01
1.07849,4.19831,0.117414
1.07910,4.20069,-0.109158
1.07971,4.20306,-0.863679E-01
1.08032,4.20544,0.138680
1.08093,4.20782,-0.463761E-01
1.08154,4.21019,0.328311E-01
1.08215,4.21257,0.150829
1.08276,4.21494,0.118561
1.08337,4.21732,0.466174
1.08398,4.21970,0.286705
1.08459,4.22207,0.238813
1.08521,4.22445,0.248006E-01
1.08582,4.22682,0.297851
1.08643,4.22920,0.293984E-01
1.08704,4.23158,0.239932E-01
1.08765,4.23395,0.117193
1.08826,4.23633,0.418025
1.08887,4.23870,0.109119
1.08948,4.24108,-0.166748E-01
1.09009,4.24346,0.751025E-01
1.09070,4.24583,0.386701E-01
1.09131,4.24821,0.902075E-01
1.09192,4.25058,-0.264246
1.09253,4.25296,-0.515158E-02
1.09314,4.25534,0.924404
1.09375,4.25771,0.188346E-01
1.09436,4.26009,0.214223E-01
1.09497,4.26246,-0.121025E-01
1.09558,4.26484,0.212513E-01
1.09619,4.26722,-0.106502E-01
1.09680,4.26959,-0.248497E-01
1.09741,4.27197,0.227263
1.09802,4.27434,-0.164625
1.09863,4.27672,0.141112E-01
1.09924,4.27910,0.821808
1.09985,4.28147,0.203321
1.10046,4.28385,0.118419
1.10107,4.28622,-0.979163E-03
1.10168,4.28860,-0.971596E-02
1.10229,4.29098,0.778290E-01
1.10291,4.29335,-0.167314E-01
1.10352,4.29573,0.467287
1.10413,4.29810,-0.510961E-02
1.10474,4.30048,0.115462
1.10535,4.30285,0.771947E-01
1.10596,4.30523,0.416897
1.10657,4.30761,-0.885111E-01
1.10718,4.30998,-0.976787E-02
1.10779,4.31236,0.201121
1.10840,4.31473,0.563023E-01
1.10901,4.31711,0.215660E-01
1.10962,4.31949,0.767169E-01
1.11023,4.32186,0.314699
1.11084,4.32424,0.192742
1.11145,4.32661,0.715064E-01
1.11206,4.32899,0.191443
1.11267,4.33137,0.654950E-01
1.11328,4.33374,-0.358544E-01
1.11389,4.33612,-0.717891E-01
1.11450,4.33849,-0.229207E-01
1.11511,4.34087,0.234883
1.11572,4.34325,-0.390814E-01
1.11633,4.34562,-0.473633E-01
1.11694,4.34800,0.989708E-01
1.11755,4.35037,0.214153E-01
1.11816,4.35275,0.604237E-01
1.11877,4.35513,-0.813353E-01
1.11938,4.35750,0.318737
1.12000,4.35988,0.159806
1.12061,4.36225,0.458558
1.12122,4.36463,0.357463E-01
1.12183,4.36701,-0.123475
1.12244,4.36938,0.824305E-01
1.12305,4.37176,0.374548E-01
1.12366,4.37413,-0.659217E-02
1.12427,4.37651,0.125856
1.12488,4.37889,-0.255458E-01
1.12549,4.38126,-0.472239E-01
1.12610,4.38364,0.329650
1.12671,4.38601,0.698689E-02
1.12732,4.38839,0.974096E-01
1.12793,4.39077,0.206138
1.12854,4.39314,-0.939348E-01
1.12915,4.39552,0.522171E-01
1.12976,4.39789,-0.121227
1.13037,4.40027,0.738416E-02
1.13098,4.40264,0.140497
1.13159,4.40502,0.496108
1.13220,4.40740,-0.761932E-01
1.13281,4.40977,0.133072
1.13342,4.41215,0.167770E-01
1.13403,4.41452,-0.111365
1.13464,4.41690,-0.255828
1.13525,4.41928,0.526197E-04
1.13586,4.42165,0.236880E-01
1.13647,4.42403,-0.277680E-01
1.13708,4.42640,0.366502E-01
1.13770,4.42878,0.183102
1.13831,4.43116,0.202421
1.13892,4.43353,0.757782E-01
1.13953,4.43591,0.759145E-01
1.14014,4.43828,0.435323E-01
1.14075,4.44066,0.620430E-01
1.14136,4.44304,-0.133537E-01
1.14197,4.44541,0.525038E-01
1.14258,4.44779,0.200269
1.14319,4.45016,-0.123667
1.14380,4.45254,0.238453
1.14441,4.45492,-0.226790E-01
1.14502,4.45729,0.521028E-01
1.14563,4.45967,0.239648E-01
1.14624,4.46204,0.172430
1.14685,4.46442,0.627148
1.14746,4.46680,-0.138082E-01
1.14807,4.46917,0.157505E-01
1.14868,4.47155,0.118907E-01
1.14929,4.47392,0.146057
1.14990,4.47630,-0.276180
1.15051,4.47868,-0.381413E-01
1.15112,4.48105,0.114310
1.15173,4.48343,0.220552E-01
1.15234,4.48580,0.168146
1.15295,4.48818,0.207820
1.15356,4.49056,0.481171E-01
1.15417,4.49293,0.140835E-02
1.15479,4.49531,0.945088E-01
1.15540,4.49768,-0.747399E-01
1.15601,4.50006,-0.254546E-02
1.15662,4.50244,0.194136
1.15723,4.50481,-0.113587E-01
1.15784,4.50719,0.285258
1.15845,4.50956,0.269357E-01
1.15906,4.51194,0.634707E-01
1.15967,4.51431,0.590562E-01
1.16028,4.51669,0.613044E-01
1.16089,4.51907,0.127003E-01
1.16150,4.52144,0.728932E-01
1.16211,4.52382,0.404804
1.16272,4.52619,-0.127272
1.16333,4.52857,-0.185578E-01
1.16394,4.53095,-0.104989E-01
1.16455,4.53332,0.153235
1.16516,4.53570,-0.452778E-01
1.16577,4.53807,-0.344876E-01
1.16638,4.54045,0.173687E-03
1.16699,4.54283,0.867076E-03
1.16760,4.54520,0.179776
1.16821,4.54758,0.124298
1.16882,4.54995,0.327027E-02
1.16943,4.55233,0.418445
1.17004,4.55471,-0.134035
1.17065,4.55708,-0.174080
1.17126,4.55946,-0.118815
1.17188,4.56183,-0.252853E-01
1.17249,4.56421,0.715738E-01
1.17310,4.56659,0.392093E-01
1.17371,4.56896,-0.298579E-01
1.17432,4.57134,0.250265
1.17493,4.57371,-0.196411E-01
1.17554,4.57609,0.911795E-01
1.17615,4.57847,-0.197547
1.17676,4.58084,0.329131E-01
1.17737,4.58322,-0.619525E-01
1.17798,4.58559,-0.309148E-01
1.17859,4.58797,0.128738
1.17920,4.59035,-0.128291E-01
1.17981,4.59272,0.201136E-02
1.18042,4.59510,0.749870E-01
1.18103,4.59747,0.133731
1.18164,4.59985,0.219107E-01
1.18225,4.60223,0.111828
1.18286,4.60460,0.117465
1.18347,4.60698,0.254550
1.18408,4.60935,-0.275272E-01
1.18469,4.61173,0.270881E-01
1.18530,4.61411,0.312824
1.18591,4.61648,0.249880
1.18652,4.61886,0.122557
1.18713,4.62123,0.285057
1.18774,4.62361,0.900682E-01
1.18835,4.62598,0.196843E-01
1.18896,4.62836,-0.131732
1.18958,4.63074,-0.582815E-01
1.19019,4.63311,0.727111E-02
1.19080,4.63549,0.141165
1.19141,4.63786,0.343285E-02
1.19202,4.64024,0.505308E-01
1.19263,4.64262,0.800969E-01
1.19324,4.64499,-0.278293E-01
1.19385,4.64737,0.664034E-01
1.19446,4.64974,0.383854
1.19507,4.65212,0.508795E-01
1.19568,4.65450,0.455666E-01
1.19629,4.65687,0.477378E-02
1.19690,4.65925,-0.857595E-01
1.19751,4.66162,0.116244E-01
1.19812,4.66400,-0.312134E-01
1.19873,4.66638,0.109432
1.19934,4.66875,0.972105E-01
1.19995,4.67113,-0.357321E-01
1.20056,4.67350,0.108920E-01
1.20117,4.67588,-0.815140E-02
1.20178,4.67826,0.297505E-01
1.20239,4.68063,-0.211865E-01
1.20300,4.68301,0.415674
1.20361,4.68538,-0.202515E-01
1.20422,4.68776,0.270811E-01
1.20483,4.69014,0.966286E-01
1.20544,4.69251,0.362520E-01
1.20605,4.69489,0.170570
1.20667,4.69726,0.712255E-01
1.20728,4.69964,0.176752E-01
1.20789,4.70202,-0.215514
1.20850,4.70439,0.114665
1.20911,4.70677,0.548569E-01
1.20972,4.70914,0.109021E-01
1.21033,4.71152,-0.420217E-01
1.21094,4.71390,-0.161907E-01
1.21155,4.71627,0.164617
1.21216,4.71865,0.123283
1.21277,4.72102,0.442016E-01
1.21338,4.72340,0.525801E-01
1.21399,4.72577,0.341380E-01
1.21460,4.72815,-0.432011E-01
1.21521,4.73053,-0.910170E-01
1.21582,4.73290,0.414024E-02
1.21643,4.73528,0.108387
1.21704,4.73765,0.378861
1.21765,4.74003,-0.488977E-01
1.21826,4.74241,-0.186051
1.21887,4.74478,0.699403E-01
1.21948,4.74716,-0.323544E-01
1.22009,4.74953,0.211825E-01
1.22070,4.75191,-0.822506E-01
1.22131,4.75429,0.216921E-01
1.22192,4.75666,0.495086E-01
1.22253,4.75904,-0.138288
1.22314,4.76141,0.104445
1.22375,4.76379,-0.751139E-02
1.22437,4.76617,0.215986
1.22498,4.76854,-0.852350E-01
1.22559,4.77092,0.192532
1.22620,4.77329,0.517693E-01
1.22681,4.77567,0.590551E-01
1.22742,4.77805,0.365703E-01
1.22803,4.78042,0.366603
1.22864,4.78280,-0.320547E-02
1.22925,4.78517,0.125407
1.22986,4.78755,0.239256E-03
1.23047,4.78993,0.144816E-01
1.23108,4.79230,0.141702
1.23169,4.79468,-0.491016E-01
1.23230,4.79705,-0.129393E-01
1.23291,4.79943,0.210103E-02
1.23352,4.80181,-0.173646E-01
1.23413,4.80418,0.578845E-01
1.23474,4.80656,0.471398
1.23535,4.80893,0.544840E-01
1.23596,4.81131,0.131833
1.23657,4.81369,-0.480797E-01
1.23718,4.81606,-0.836190E-01
1.23779,4.81844,-0.438046E-01
1.23840,4.82081,0.133142
1.23901,4.82319,-0.168064
1.23962,4.82557,-0.291593E-01
1.24023,4.82794,0.142767E-01
1.24084,4.83032,0.739273E-01
1.24146,4.83269,-0.511857E-01
1.24207,4.83507,-0.528182E-01
1.24268,4.83744,0.338578
1.24329,4.83982,-0.202691E-01
1.24390,4.84220,0.367839E-01
1.24451,4.84457,-0.548138E-01
1.24512,4.84695,0.872497E-01
1.24573,4.84932,-0.953599E-02
1.24634,4.85170,0.284643
1.24695,4.85408,0.547641E-01
1.24756,4.85645,-0.160595
1.24817,4.85883,0.167280
1.24878,4.86120,0.254450E-01
1.24939,4.86358,0.155419E-02
1.25000,4.86596,0.138913E-01
1.25061,4.86833,0.866190E-03
1.25122,4.87071,-0.390564E-01
1.25183,4.87308,0.541696
1.25244,4.87546,0.349917E-01
1.25305,4.87784,-0.225715E-01
1.25366,4.88021,0.635405E-01
1.25427,4.88259,0.428964E-01
1.25488,4.88496,0.446463E-01
1.25549,4.88734,0.178813E-01
1.25610,4.88972,0.896894E-01
1.25671,4.89209,-0.405329E-01
1.25732,4.89447,0.177902
1.25793,4.89684,0.552592
1.25854,4.89922,0.315113E-01
1.25916,4.90160,0.106062
1.25977,4.90397,0.383340E-01
1.26038,4.90635,0.153652E-01
1.26099,4.90872,0.147492
1.26160,4.91110,-0.127467
1.26221,4.91348,0.131035
1.26282,4.91585,0.268780E-01
1.26343,4.91823,-0.350057E-01
1.26404,4.92060,0.477912
1.26465,4.92298,0.196238
1.26526,4.92536,0.863969E-01
1.26587,4.92773,0.146446
1.26648,4.93011,0.142942
1.26709,4.93248,0.336169
1.26770,4.93486,0.350069E-01
1.26831,4.93723,0.699128E-01
1.26892,4.93961,0.943783E-02
1.26953,4.94199,0.754300E-02
1.27014,4.94436,-0.337969E-02
1.27075,4.94674,-0.291165E-03
1.27136,4.94911,0.206870
1.27197,4.95149,0.630768E-01
1.27258,4.95387,0.356697E-01
1.27319,4.95624,0.162827
1.27380,4.95862,-0.786446E-02
1.27441,4.96099,-0.136746
1.27502,4.96337,0.182810
1.27563,4.96575,0.699508E-01
1.27625,4.96812,-0.231878E-01
1.27686,4.97050,0.225657
1.27747,4.97287,0.453778E-01
1.27808,4.97525,-0.111293E-01
1.27869,4.97763,0.149969
1.27930,4.98000,0.195106E-01
1.27991,4.98238,0.431760E-01
1.28052,4.98475,0.790452E-01
1.28113,4.98713,0.252112E-01
1.28174,4.98951,0.387715
1.28235,4.99188,-0.445772E-02
1.28296,4.99426,-0.939328E-01
1.28357,4.99663,-0.255105E-01
1.28418,4.99901,0.327758E-02
1.28479,5.00139,-0.117734
1.28540,5.00376,-0.876529E-01
1.28601,5.00614,0.341683E-01
1.28662,5.00851,0.707651E-02
1.28723,5.01089,0.137934E-01
1.28784,5.01327,0.528889E-01
1.28845,5.01564,0.137894E-01
1.28906,5.01802,0.114605
1.28967,5.02039,-0.131764
1.29028,5.02277,0.408531
1.29089,5.02515,-0.653519E-02
1.29150,5.02752,0.762717E-02
1.29211,5.02990,0.951111E-01
1.29272,5.03227,0.354967E-01
1.29333,5.03465,0.710404E-01
1.29395,5.03703,0.213498E-01
1.29456,5.03940,0.585396E-01
1.29517,5.04178,0.868077E-01
1.29578,5.04415,0.349742
1.29639,5.04653,-0.406271E-01
1.29700,5.04890,-0.159113
1.29761,5.05128,0.204826E-01
1.29822,5.05366,0.319473E-01
1.29883,5.05603,-0.353355E-01
1.29944,5.05841,0.117522
1.30005,5.06078,0.778163E-01
1.30066,5.06316,0.968323E-01
1.30127,5.06554,0.674939E-01
1.30188,5.06791,-0.370177E-02
1.30249,5.07029,0.331164E-01
1.30310,5.07266,0.254025
1.30371,5.07504,-0.383608E-01
1.30432,5.07742,0.260841
1.30493,5.07979,-0.129084E-01
1.30554,5.08217,0.488083E-01
1.30615,5.08454,0.197064
1.30676,5.08692,0.113360
1.30737,5.08930,0.349357
1.30798,5.09167,0.173999
1.30859,5.09405,0.293255E-01
1.30920,5.09642,-0.375002E-01
1.30981,5.09880,-0.586672E-01
1.31042,5.10118,0.168955
1.31104,5.10355,0.242970
1.31165,5.10593,0.344533
1.31226,5.10830,0.189249
1.31287,5.11068,-0.252060E-01
1.31348,5.11306,0.344148E-01
1.31409,5.11543,0.422068E-01
1.31470,5.11781,0.319106E-01
1.31531,5.12018,-0.225627E-01
1.31592,5.12256,-0.267347
1.31653,5.12494,0.180984
1.31714,5.12731,-0.956493E-02
1.31775,5.12969,-0.198992E-01
1.31836,5.13206,0.530463E-01
1.31897,5.13444,0.787029E-01
1.31958,5.13682,0.238019E-01
1.32019,5.13919,-0.139063
1.32080,5.14157,0.443532E-01
1.32141,5.14394,-0.810176E-01
1.32202,5.14632,0.203157
1.32263,5.14869,-0.117113E-01
1.32324,5.15107,0.138229
1.32385,5.15345,-0.123560
1.32446,5.15582,-0.800079E-01
1.32507,5.15820,0.885858E-01
1.32568,5.16057,0.147109
1.32629,5.16295,0.956124E-01
1.32690,5.16533,-0.857043E-02
1.32751,5.16770,0.137379
1.32812,5.17008,0.155634
1.32874,5.17245,-0.561182E-01
1.32935,5.17483,0.753516E-01
1.32996,5.17721,0.173565E-01
1.33057,5.17958,0.113365E-01
1.33118,5.18196,-0.199225E-01
1.33179,5.18433,0.126725
1.33240,5.18671,0.148270E-03
1.33301,5.18909,0.367094E-01
1.33362,5.19146,0.208594E-01
1.33423,5.19384,-0.598481E-01
1.33484,5.19621,-0.170373
1.33545,5.19859,0.415800E-01
1.33606,5.20097,-0.274862E-01
1.33667,5.20334,-0.601491E-02
1.33728,5.20572,-0.446516E-01
1.33789,5.20809,-0.230461E-01
1.33850,5.21047,-0.283190E-01
1.33911,5.21285,-0.153383E-01
1.33972,5.21522,-0.441323E-01
1.34033,5.21760,0.465765E-01
1.34094,5.21997,0.147230
1.34155,5.22235,0.467865E-01
1.34216,5.22473,0.310907E-01
1.34277,5.22710,-0.633482E-01
1.34338,5.22948,0.142716E-01
1.34399,5.23185,-0.788113E-01
1.34460,5.23423,0.227343
1.34521,5.23661,0.236668E-01
1.34583,5.23898,-0.235107E-02
1.34644,5.24136,0.133184
1.34705,5.24373,0.467986E-01
1.34766,5.24611,-0.920412E-01
1.34827,5.24849,-0.485858E-01
1.34888,5.25086,0.149080
1.34949,5.25324,0.182802E-01
1.35010,5.25561,-0.711150E-01
1.35071,5.25799,0.746358E-01
1.35132,5.26036,0.940115E-01
1.35193,5.26274,-0.677764E-01
1.35254,5.26512,0.729366E-01
1.35315,5.26749,-0.467044E-01
1.35376,5.26987,0.149564
1.35437,5.27224,0.852074E-01
1.35498,5.27462,-0.182700E-01
1.35559,5.27700,0.494591
1.35620,5.27937,0.110159
1.35681,5.28175,0.706067E-01
1.35742,5.28412,0.661590E-01
1.35803,5.28650,0.305824E-01
1.35864,5.28888,-0.166630
1.35925,5.29125,0.393378E-02
1.35986,5.29363,0.698921E-01
1.36047,5.29600,0.103152
1.36108,5.29838,0.566574E-01
1.36169,5.30076,0.344355
1.36230,5.30313,-0.372058E-01
1.36292,5.30551,-0.387844E-01
1.36353,5.30788,0.217028
1.36414,5.31026,0.146268
1.36475,5.31264,-0.434841E-01
1.36536,5.31501,0.131902
1.36597,5.31739,-0.194110E-01
1.36658,5.31976,0.151524
1.36719,5.32214,0.150233
1.36780,5.32452,0.712548E-02
1.36841,5.32689,-0.699394E-01
1.36902,5.32927,0.123875
1.36963,5.33164,-0.178940E-01
1.37024,5.33402,0.540962E-01
1.37085,5.33640,0.449554E-01
1.37146,5.33877,0.959270E-01
1.37207,5.34115,0.185041
1.37268,5.34352,0.119900
1.37329,5.34590,0.347978E-01
1.37390,5.34828,-0.102770
1.37451,5.35065,0.115380
1.37512,5.35303,-0.224752E-02
1.37573,5.35540,-0.111340
1.37634,5.35778,-0.818121E-02
1.37695,5.36015,0.319794
1.37756,5.36253,0.260369
1.37817,5.36491,0.439949E-01
1.37878,5.36728,0.110446
1.37939,5.36966,0.448250E-01
1.38000,5.37203,0.446948
1.38062,5.37441,-0.215327E-01
1.38123,5.37679,0.694736E-01
1.38184,5.37916,0.497625E-01
1.38245,5.38154,-0.116278
1.38306,5.38391,0.204330E-01
1.38367,5.38629,0.320785E-01
1.38428,5.38867,0.120455E-01
1.38489,5.39104,0.142934
1.38550,5.39342,0.297855
1.38611,5.39579,0.317576
1.38672,5.39817,-0.208395E-01
1.38733,5.40055,0.469585E-01
1.38794,5.40292,0.513259E-01
1.38855,5.40530,-0.249624E-01
1.38916,5.40767,-0.914612E-02
1.38977,5.41005,0.188117
1.39038,5.41243,0.506910
1.39099,5.41480,0.542996E-01
1.39160,5.41718,0.887875E-01
1.39221,5.41955,0.393196
1.39282,5.42193,0.908874E-01
1.39343,5.42431,0.131129
1.39404,5.42668,1.24497
1.39465,5.42906,0.718671E-01
1.39526,5.43143,-0.100884E-01
1.39587,5.43381,0.687962
1.39648,5.43619,-0.423801E-01
1.39709,5.43856,0.308102E-02
1.39771,5.44094,0.182458
1.39832,5.44331,-0.205375E-01
1.39893,5.44569,-0.176570
1.39954,5.44807,0.742792E-01
1.40015,5.45044,0.208604E-01
1.40076,5.45282,-0.642276E-01
1.40137,5.45519,0.520788E-01
1.40198,5.45757,-0.970632E-01
1.40259,5.45995,-0.108309
1.40320,5.46232,0.693741E-01
1.40381,5.46470,-0.378905E-01
1.40442,5.46707,0.576203E-01
1.40503,5.46945,0.505165E-01
1.40564,5.47182,0.162423E-02
1.40625,5.47420,0.129433
1.40686,5.47658,-0.124429
1.40747,5.47895,0.198751E-01
1.40808,5.48133,0.618389E-01
1.40869,5.48370,-0.236287E-01
1.40930,5.48608,-0.540587E-01
1.40991,5.48846,0.124679
1.41052,5.49083,0.107542
1.41113,5.49321,-0.383918E-01
1.41174,5.49558,0.559515E-01
1.41235,5.49796,0.149326E-02
1.41296,5.50034,0.114239E-01
1.41357,5.50271,0.122647
1.41418,5.50509,0.451533E-01
1.41479,5.50746,-0.937133E-01
1.41541,5.50984,0.124742
1.41602,5.51222,-0.521602E-01
1.41663,5.51459,-0.756426E-01
1.41724,5.51697,-0.147692
1.41785,5.51934,0.913783E-01
1.41846,5.52172,-0.550686E-01
1.41907,5.52410,0.136216
1.41968,5.52647,0.758512E-01
1.42029,5.52885,0.280678
1.42090,5.53122,-0.215941
1.42151,5.53360,0.298349E-01
1.42212,5.53598,-0.450364E-01
1.42273,5.53835,0.163726
1.42334,5.54073,-0.908997E-02
1.42395,5.54310,0.267031E-01
1.42456,5.54548,-0.400102E-01
1.42517,5.54786,-0.231681E-01
1.42578,5.55023,-0.169537E-01
1.42639,5.55261,0.163691E-01
1.42700,5.55498,0.825893E-01
1.42761,5.55736,-0.190670E-01
1.42822,5.55974,-0.119633
1.42883,5.56211,-0.276608E-02
1.42944,5.56449,-0.445509E-02
1.43005,5.56686,0.181341E-01
1.43066,5.56924,0.503172E-01
1.43127,5.57161,-0.192325
1.43188,5.57399,0.134736E-01
1.43250,5.57637,-0.111676E-01
1.43311,5.57874,-0.464293E-01
1.43372,5.58112,0.631656E-01
1.43433,5.58349,0.495613E-01
1.43494,5.58587,-0.280847E-01
1.43555,5.58825,-0.998473E-02
1.43616,5.59062,-0.103097
1.43677,5.59300,0.161118
1.43738,5.59537,0.354937E-01
1.43799,5.59775,-0.291189E-03
1.43860,5.60013,-0.118867
1.43921,5.60250,-0.135208
1.43982,5.60488,0.452815E-01
1.44043,5.60725,0.929484E-01
1.44104,5.60963,-0.396571
1.44165,5.61201,-0.105565
1.44226,5.61438,0.145872
1.44287,5.61676,0.190862E-01
1.44348,5.61913,0.415288E-01
1.44409,5.62151,0.783633E-01
1.44470,5.62389,-0.569090E-02
1.44531,5.62626,0.311664E-01
1.44592,5.62864,-0.144323E-01
1.44653,5.63101,0.323957
1.44714,5.63339,-0.107419
1.44775,5.63577,-0.176042E-01
1.44836,5.63814,-0.110068E-01
1.44897,5.64052,-0.148935
1.44958,5.64289,0.176554
1.45020,5.64527,-0.777027E-01
1.45081,5.64765,0.501784E-01
1.45142,5.65002,0.327956E-01
1.45203,5.65240,0.373575E-01
1.45264,5.65477,-0.150989E-01
1.45325,5.65715,-0.564517E-01
1.45386,5.65953,0.635127E-02
1.45447,5.66190,-0.131220E-02
1.45508,5.66428,0.195448E-01
1.45569,5.66665,0.226794E-01
1.45630,5.66903,-0.636140E-01
1.45691,5.67141,-0.139926E-01
1.45752,5.67378,0.126556
1.45813,5.67616,0.297747E-01
1.45874,5.67853,0.118338
1.45935,5.68091,-0.841667E-01
1.45996,5.68328,0.411755E-01
1.46057,5.68566,0.122997
1.46118,5.68804,-0.986033E-01
1.46179,5.69041,-0.413997E-01
1.46240,5.69279,0.136535
1.46301,5.69516,-0.176013
1.46362,5.69754,0.373389E-02
1.46423,5.69992,-0.391303E-01
1.46484,5.70229,0.486892E-01
1.46545,5.70467,-0.461151E-01
1.46606,5.70704,-0.179636E-01
1.46667,5.70942,0.149244
1.46729,5.71180,0.179913E-01
1.46790,5.71417,0.155619E-01
1.46851,5.71655,-0.514191E-01
1.46912,5.71892,0.297781
1.46973,5.72130,0.804409E-01
1.47034,5.72368,0.965538E-02
1.47095,5.72605,-0.190718
1.47156,5.72843,0.925599E-01
1.47217,5.73080,-0.950236E-01
1.47278,5.73318,-0.405131E-01
1.47339,5.73556,0.429906E-02
1.47400,5.73793,0.114603
1.47461,5.74031,0.204475E-01
1.47522,5.74268,0.495426E-01
1.47583,5.74506,0.683861E-01
1.47644,5.74744,0.341388E-01
1.47705,5.74981,0.748611E-01
1.47766,5.75219,0.111636
1.47827,5.75456,0.520808E-01
1.47888,5.75694,-0.539389E-01
1.47949,5.75932,0.403343E-01
1.48010,5.76169,-0.139032E-01
1.48071,5.76407,0.186160
1.48132,5.76644,-0.372448E-01
1.48193,5.76882,0.118905
1.48254,5.77120,0.508214E-01
1.48315,5.77357,-0.577688E-01
1.48376,5.77595,-0.164207E-01
1.48438,5.77832,-0.154545E-01
1.48499,5.78070,0.572875E-01
1.48560,5.78307,0.100978
1.48621,5.78545,0.460176E-01
1.48682,5.78783,0.124530
1.48743,5.79020,0.214495
1.48804,5.79258,0.206940E-01
1.48865,5.79495,0.620813E-01
1.48926,5.79733,-0.212813E-01
1.48987,5.79971,0.136420
1.49048,5.80208,-0.925339E-02
1.49109,5.80446,0.428794E-01
1.49170,5.80683,0.943691E-02
1.49231,5.80921,0.854271E-01
1.49292,5.81159,-0.673859E-01
1.49353,5.81396,-0.636544E-02
1.49414,5.81634,0.662031E-01
1.49475,5.81871,0.125431
1.49536,5.82109,-0.109030E-02
1.49597,5.82347,-0.162220
1.49658,5.82584,0.102644E-01
1.49719,5.82822,-0.119894E-01
1.49780,5.83059,0.222395E-01
1.49841,5.83297,0.621695E-02
1.49902,5.83535,-0.522144E-01
1.49963,5.83772,-0.357573E-01
1.50024,5.84010,0.148046
1.50085,5.84247,-0.269104
1.50146,5.84485,-0.150195E-02
1.50208,5.84723,0.847281E-01
1.50269,5.84960,0.315697E-02
1.50330,5.85198,0.346995E-01
1.50391,5.85435,0.106426
1.50452,5.85673,0.131490
1.50513,5.85911,0.604384E-01
1.50574,5.86148,0.221908
1.50635,5.86386,-0.404429
1.50696,5.86623,0.588997E-01
1.50757,5.86861,0.551711E-01
1.50818,5.87099,0.417539
1.50879,5.87336,-0.436965
1.50940,5.87574,0.157166
1.51001,5.87811,0.114368
1.51062,5.88049,0.164804
1.51123,5.88287,0.191212
1.51184,5.88524,0.951116E-01
1.51245,5.88762,-0.100290
1.51306,5.88999,-0.162583
1.51367,5.89237,-0.111085
1.51428,5.89474,0.149130
1.51489,5.89712,0.127505
1.51550,5.89950,0.293971E-01
1.51611,5.90187,-0.219346E-01
1.51672,5.90425,0.624079E-01
1.51733,5.90662,0.275495E-01
1.51794,5.90900,0.863597E-01
1.51855,5.91138,0.101772
1.51917,5.91375,0.104231
1.51978,5.91613,0.231105
1.52039,5.91850,-0.104268E-01
1.52100,5.92088,0.462639E-01
1.52161,5.92326,0.133428
1.52222,5.92563,-0.579273E-01
1.52283,5.92801,0.965470E-01
1.52344,5.93038,-0.473294E-01
1.52405,5.93276,0.249902E-01
1.52466,5.93514,0.188545E-01
1.52527,5.93751,-0.114245E-01
1.52588,5.93989,-0.274010E-01
1.52649,5.94226,-0.156205
1.52710,5.94464,-0.354291E-01
1.52771,5.94702,-0.240535
1.52832,5.94939,0.239208E-01
1.52893,5.95177,-0.159103
1.52954,5.95414,0.561624E-01
1.53015,5.95652,-0.318213E-01
1.53076,5.95890,-0.434311E-01
1.53137,5.96127,0.139911
1.53198,5.96365,0.777422E-01
1.53259,5.96602,0.258059E-01
1.53320,5.96840,0.432848
1.53381,5.97078,-0.310160E-01
1.53442,5.97315,0.131287
1.53503,5.97553,0.799565E-01
1.53564,5.97790,-0.780468E-01
1.53625,5.98028,-0.143907E-01
1.53687,5.98266,0.108277
1.53748,5.98503,-0.457733E-01
1.53809,5.98741,0.206987E-02
1.53870,5.98978,0.334599
1.53931,5.99216,0.253555E-02
1.53992,5.99453,0.139591
1.54053,5.99691,-0.140451
1.54114,5.99929,-0.506696E-01
1.54175,6.00166,0.110220
1.54236,6.00404,0.173916
1.54297,6.00641,-0.137653E-01
1.54358,6.00879,0.703101E-01
1.54419,6.01117,-0.468936E-02
1.54480,6.01354,0.893622E-02
1.54541,6.01592,-0.262222
1.54602,6.01829,0.881883E-02
1.54663,6.02067,0.977097E-01
1.54724,6.02305,0.472108E-01
1.54785,6.02542,0.170185
1.54846,6.02780,0.827994E-01
1.54907,6.03017,-0.123600E-01
1.54968,6.03255,-0.651590E-02
1.55029,6.03493,0.805381E-01
1.55090,6.03730,0.361167E-01
1.55151,6.03968,-0.110527
1.55212,6.04205,-0.157479E-01
1.55273,6.04443,0.138992
1.55334,6.04681,-0.158435
1.55396,6.04918,-0.137399
1.55457,6.05156,-0.649519E-01
1.55518,6.05393,0.422313E-01
1.55579,6.05631,-0.359771E-01
1.55640,6.05869,-0.280318E-02
1.55701,6.06106,0.110275
1.55762,6.06344,-0.652140E-01
1.55823,6.06581,0.127968
1.55884,6.06819,0.102635
1.55945,6.07057,0.169639E-02
1.56006,6.07294,0.199663E-02
1.56067,6.07532,-0.181448
1.56128,6.07769,0.916267E-01
1.56189,6.08007,0.283702E-01
1.56250,6.08245,0.921010E-01
1.56311,6.08482,0.376646E-01
1.56372,6.08720,-0.941046E-03
1.56433,6.08957,-0.122194
1.56494,6.09195,0.519368E-01
1.56555,6.09433,0.124913
1.56616,6.09670,-0.828709E-02
1.56677,6.09908,0.330909
1.56738,6.10145,0.265460E-01
1.56799,6.10383,0.728617E-01
1.56860,6.10620,0.115866E-01
1.56921,6.10858,0.284459E-01
1.56982,6.11096,-0.306406E-01
1.57043,6.11333,0.326554E-02
1.57104,6.11571,0.112680
1.57166,6.11808,0.466012E-01
1.57227,6.12046,-0.784743E-01
1.57288,6.12284,0.895637E-01
1.57349,6.12521,0.177147
1.57410,6.12759,-0.312951E-02
1.57471,6.12996,-0.249345E-01
1.57532,6.13234,0.216703
1.57593,6.13472,0.219429
1.57654,6.13709,0.238282
1.57715,6.13947,0.114670
1.57776,6.14184,0.786583E-01
1.57837,6.14422,0.287303
1.57898,6.14660,0.208899E-01
1.57959,6.14897,-0.711612E-01
1.58020,6.15135,0.545309E-01
1.58081,6.15372,-0.442541E-01
1.58142,6.15610,0.715170E-01
1.58203,6.15848,0.854712E-01
1.58264,6.16085,0.893731E-01
1.58325,6.16323,0.270125
1.58386,6.16560,0.494727E-01
1.58447,6.16798,-0.309286E-04
1.58508,6.17036,-0.138398
1.58569,6.17273,-0.131407E-02
1.58630,6.17511,0.491094E-01
1.58691,6.17748,0.323071E-01
1.58752,6.17986,-0.136655E-01
1.58813,6.18224,-0.150166
1.58875,6.18461,0.705537E-01
1.58936,6.18699,-0.153244E-01
1.58997,6.18936,-0.171578E-01
1.59058,6.19174,-0.551588E-01
1.59119,6.19412,-0.376994
1.59180,6.19649,0.873154E-01
1.59241,6.19887,-0.530664E-01
1.59302,6.20124,-0.699083E-01
1.59363,6.20362,0.169060
1.59424,6.20599,0.136738
1.59485,6.20837,-0.148084
1.59546,6.21075,-0.609195E-02
1.59607,6.21312,0.280434
1.59668,6.21550,0.155096
1.59729,6.21787,0.222066E-01
1.59790,6.22025,0.706118E-01
1.59851,6.22263,0.509077E-01
1.59912,6.22500,-0.126647E-01
1.59973,6.22738,-0.451341E-01
1.60034,6.22975,0.194920
1.60095,6.23213,0.318447
1.60156,6.23451,-0.191177
1.60217,6.23688,0.142352
1.60278,6.23926,0.124553
1.60339,6.24163,0.364518E-01
1.60400,6.24401,0.291225
1.60461,6.24639,0.314087
1.60522,6.24876,-0.585545E-01
1.60583,6.25114,0.177871
1.60645,6.25351,0.247713E-02
1.60706,6.25589,-0.433945E-01
1.60767,6.25827,-0.584456E-03
1.60828,6.26064,-0.239849E-01
1.60889,6.26302,0.102361E-01
1.60950,6.26539,0.725420E-01
1.61011,6.26777,0.571508E-01
1.61072,6.27015,-0.110263
1.61133,6.27252,-0.422761E-01
1.61194,6.27490,-0.386337E-01
1.61255,6.27727,0.192133
1.61316,6.27965,0.906029E-01
1.61377,6.28203,-0.136026
1.61438,6.28440,0.502216E-01
1.61499,6.28678,0.355257
1.61560,6.28915,0.299438E-01
1.61621,6.29153,0.108585
1.61682,6.29391,-0.785299E-01
1.61743,6.29628,-0.438522E-01
1.61804,6.29866,-0.401750E-02
1.61865,6.30103,0.159448
1.61926,6.30341,0.295327E-01
1.61987,6.30579,-0.316859E-02
1.62048,6.30816,0.268960
1.62109,6.31054,0.177623
1.62170,6.31291,-0.408320E-01
1.62231,6.31529,0.245578E-01
1.62292,6.31766,0.459425E-01
1.62354,6.32004,0.136318
1.62415,6.32242,0.157236E-01
1.62476,6.32479,-0.911255E-01
1.62537,6.32717,-0.211954
1.62598,6.32954,0.178191E-01
1.62659,6.33192,0.438140E-01
1.62720,6.33430,-0.933474E-02
1.62781,6.33667,-0.455842E-01
1.62842,6.33905,-0.314586E-01
1.62903,6.34142,-0.724102E-02
1.62964,6.34380,0.104708
1.63025,6.34618,0.838683E-01
1.63086,6.34855,0.285369
1.63147,6.35093,-0.633139E-01
1.63208,6.35330,-0.774261E-01
1.63269,6.35568,0.154800E-01
1.63330,6.35806,0.109736
1.63391,6.36043,-0.434128E-01
1.63452,6.36281,0.880439E-01
1.63513,6.36518,0.248641
1.63574,6.36756,-0.308412
1.63635,6.36994,0.401820
1.63696,6.37231,0.593649E-01
1.63757,6.37469,-0.550745E-01
1.63818,6.37706,0.814109E-01
1.63879,6.37944,-0.650657E-02
1.63940,6.38182,-0.266958E-01
1.64001,6.38419,-0.327316E-01
1.64062,6.38657,-0.533726E-01
1.64124,6.38894,-0.920680E-01
1.64185,6.39132,0.834579E-01
1.64246,6.39370,0.136634
1.64307,6.39607,-0.998463E-01
1.64368,6.39845,0.205685
1.64429,6.40082,-0.705002E-02
1.64490,6.40320,0.794963E-01
1.64551,6.40558,-0.479474E-02
1.64612,6.40795,-0.875430E-03
1.64673,6.41033,-0.892907E-01
1.64734,6.41270,0.143404
1.64795,6.41508,0.235805E-01
1.64856,6.41745,-0.675875E-01
1.64917,6.41983,-0.130477
1.64978,6.42221,0.105824
1.65039,6.42458,0.313640
1.65100,6.42696,0.352473
1.65161,6.42933,0.621174E-01
1.65222,6.43171,0.111207
1.65283,6.43409,0.176135
1.65344,6.43646,-0.776497E-02
1.65405,6.43884,0.154037
1.65466,6.44121,-0.125523
1.65527,6.44359,-0.998747E-01
1.65588,6.44597,0.109800
1.65649,6.44834,0.124724
1.65710,6.45072,0.244446E-01
1.65771,6.45309,0.110986
1.65833,6.45547,0.100959
1.65894,6.45785,-0.280336E-01
1.65955,6.46022,-0.243665E-01
1.66016,6.46260,-0.274847E-01
1.66077,6.46497,0.253641
1.66138,6.46735,-0.116890
1.66199,6.46973,0.437558E-01
1.66260,6.47210,0.137806E-01
1.66321,6.47448,0.755783E-01
1.66382,6.47685,0.166146E-01
1.66443,6.47923,-0.482561E-01
1.66504,6.48161,0.697659E-01
1.66565,6.48398,-0.773301E-01
1.66626,6.48636,0.152929
1.66687,6.48873,-0.233094
1.66748,6.49111,0.240639E-01
1.66809,6.49349,-0.749793E-01
1.66870,6.49586,-0.223441E-02
1.66931,6.49824,-0.213627
1.66992,6.50061,0.162277
1.67053,6.50299,0.168813
1.67114,6.50537,-0.137837E-01
1.67175,6.50774,-0.525109E-01
1.67236,6.51012,0.541744E-01
1.67297,6.51249,0.476334E-01
1.67358,6.51487,-0.428541E-01
1.67419,6.51725,0.116323
1.67480,6.51962,-0.676267E-01
1.67542,6.52200,-0.870334E-01
1.67603,6.52437,-0.647347E-02
1.67664,6.52675,0.269315E-01
1.67725,6.52912,-0.559116E-01
1.67786,6.53150,0.258938E-01
1.67847,6.53388,0.405255
1.67908,6.53625,0.303731
1.67969,6.53863,-0.721954E-02
1.68030,6.54100,-0.142877
1.68091,6.54338,0.924073E-02
1.68152,6.54576,0.137132
1.68213,6.54813,0.230308
1.68274,6.55051,-0.448740E-01
1.68335,6.55288,0.474350
1.68396,6.55526,0.321761
1.68457,6.55764,0.133319
1.68518,6.56001,-0.664998E-01
1.68579,6.56239,-0.604414E-01
1.68640,6.56476,0.463921E-01
1.68701,6.56714,-0.348083E-01
1.68762,6.56952,-0.374483
1.68823,6.57189,0.128015
1.68884,6.57427,0.581040E-01
1.68945,6.57664,0.109318
1.69006,6.57902,-0.140024
1.69067,6.58140,-0.990422E-01
1.69128,6.58377,0.717095E-02
1.69189,6.58615,0.474720E-01
1.69250,6.58852,-0.592108E-01
1.69312,6.59090,0.558522E-01
1.69373,6.59328,0.156096
1.69434,6.59565,0.105506
1.69495,6.59803,0.635466E-01
1.69556,6.60040,-0.276343
1.69617,6.60278,0.368743E-01
1.69678,6.60516,0.232572
1.69739,6.60753,0.117565
1.69800,6.60991,0.193125
1.69861,6.61228,0.280403
1.69922,6.61466,-0.225128
1.69983,6.61704,-0.182832
1.70044,6.61941,0.624843E-01
1.70105,6.62179,0.412673E-01
1.70166,6.62416,-0.243231E-01
1.70227,6.62654,0.150732
1.70288,6.62892,0.296322
1.70349,6.63129,0.128743
1.70410,6.63367,-0.578126E-01
1.70471,6.63604,0.235362
1.70532,6.63842,-0.387796E-01
1.70593,6.64079,0.185200
1.70654,6.64317,0.303709E-01
1.70715,6.64555,0.107950
1.70776,6.64792,0.539566E-01
1.70837,6.65030,0.946321E-01
1.70898,6.65267,0.730539E-01
1.70959,6.65505,0.183335E-01
1.71021,6.65743,0.760615E-01
1.71082,6.65980,0.200549E-01
1.71143,6.66218,-0.853742E-01
1.71204,6.66455,-0.316615E-01
1.71265,6.66693,-0.540941E-01
1.71326,6.66931,0.396831E-01
1.71387,6.67168,0.579588E-01
1.71448,6.67406,0.767964E-01
1.71509,6.67643,0.147761
1.71570,6.67881,-0.114238
1.71631,6.68119,0.399475E-01
1.71692,6.68356,-0.113422
1.71753,6.68594,0.712879E-01
1.71814,6.68831,-0.508348E-01
1.71875,6.69069,-0.175451
1.71936,6.69307,0.677415E-01
1.71997,6.69544,-0.122228
1.72058,6.69782,-0.117818E-01
1.72119,6.70019,0.823581E-01
1.72180,6.70257,0.405800E-01
1.72241,6.70495,0.147729
1.72302,6.70732,0.677257E-01
1.72363,6.70970,-0.503223E-01
1.72424,6.71207,0.112248
1.72485,6.71445,-0.318339E-01
1.72546,6.71683,0.327231E-01
1.72607,6.71920,0.286624
1.72668,6.72158,0.135632
1.72729,6.72395,0.377904E-01
1.72791,6.72633,0.343459E-01
1.72852,6.72871,-0.306839
1.72913,6.73108,0.516798E-01
1.72974,6.73346,-0.922410E-01
1.73035,6.73583,0.149673E-01
1.73096,6.73821,0.505293E-02
1.73157,6.74058,0.304810E-01
1.73218,6.74296,0.339531E-02
1.73279,6.74534,0.702026E-01
1.73340,6.74771,0.294147
1.73401,6.75009,0.685817E-01
1.73462,6.75246,0.651045E-02
1.73523,6.75484,0.166151
1.73584,6.75722,0.179684
1.73645,6.75959,0.408053
1.73706,6.76197,0.124251
1.73767,6.76434,-0.841836E-03
1.73828,6.76672,0.276344
1.73889,6.76910,-0.322493E-01
1.73950,6.77147,-0.888942E-01
1.74011,6.77385,-0.742480E-01
1.74072,6.77622,-0.771215E-01
1.74133,6.77860,-0.721389E-02
1.74194,6.78098,0.290331E-01
1.74255,6.78335,0.392736E-01
1.74316,6.78573,0.528735E-02
1.74377,6.78810,0.159461
1.74438,6.79048,0.187059
1.74500,6.79286,-0.960784E-01
1.74561,6.79523,0.101016E-02
1.74622,6.79761,-0.625639E-01
1.74683,6.79998,0.198349E-02
1.74744,6.80236,-0.131564E-02
1.74805,6.80474,0.388348E-01
1.74866,6.80711,0.698325E-01
1.74927,6.80949,-0.100793
1.74988,6.81186,-0.128929
1.75049,6.81424,-0.219401E-01
1.75110,6.81662,0.511416E-01
1.75171,6.81899,0.896255E-02
1.75232,6.82137,-0.221053
1.75293,6.82374,-0.228145E-01
1.75354,6.82612,0.602945E-01
1.75415,6.82850,0.189386
1.75476,6.83087,-0.173276E-01
1.75537,6.83325,0.121817
1.75598,6.83562,0.111794E-01
1.75659,6.83800,-0.159484E-01
1.75720,6.84038,0.784017E-02
1.75781,6.84275,-0.255945E-01
1.75842,6.84513,0.601611E-01
1.75903,6.84750,0.523236E-01
1.75964,6.84988,-0.209156E-01
1.76025,6.85225,-0.833362E-01
1.76086,6.85463,-0.822015E-02
1.76147,6.85701,-0.708960E-01
1.76208,6.85938,-0.316829E-01
1.76270,6.86176,0.293889
1.76331,6.86413,-0.278111E-01
1.76392,6.86651,0.762879E-02
1.76453,6.86889,0.950602E-01
1.76514,6.87126,-0.520180E-01
1.76575,6.87364,-0.122521
1.76636,6.87601,-0.575951E-01
1.76697,6.87839,-0.164319E-01
1.76758,6.88077,0.902344E-01
1.76819,6.88314,0.373697E-01
1.76880,6.88552,-0.231897
1.76941,6.88789,0.215267E-01
1.77002,6.89027,-0.345252E-01
1.77063,6.89265,0.240106E-02
1.77124,6.89502,0.123195
1.77185,6.89740,0.179588E-01
1.77246,6.89977,0.902017E-01
1.77307,6.90215,-0.423460E-02
1.77368,6.90453,-0.324494E-01
1.77429,6.90690,-0.209352
1.77490,6.90928,0.324174E-01
1.77551,6.91165,0.446234E-01
1.77612,6.91403,-0.101005E-01
1.77673,6.91641,0.972814E-01
1.77734,6.91878,0.239077
1.77795,6.92116,0.994312E-01
1.77856,6.92353,0.197340
1.77917,6.92591,-0.247732
1.77979,6.92829,0.119295E-01
1.78040,6.93066,0.955272E-01
1.78101,6.93304,0.128724E-02
1.78162,6.93541,-0.349207E-01
1.78223,6.93779,0.354354E-01
1.78284,6.94017,0.149792
1.78345,6.94254,-0.921548E-01
1.78406,6.94492,-0.119199E-01
1.78467,6.94729,-0.105315
1.78528,6.94967,-0.285364E-01
1.78589,6.95204,0.621334E-01
1.78650,6.95442,-0.791361E-01
1.78711,6.95680,-0.974758E-01
1.78772,6.95917,0.354902
1.78833,6.96155,-0.598038E-01
1.78894,6.96392,0.913281E-02
1.78955,6.96630,0.219373E-01
1.79016,6.96868,-0.988758E-01
1.79077,6.97105,0.177661E-01
1.79138,6.97343,-0.509180E-01
1.79199,6.97580,-0.664204E-01
1.79260,6.97818,0.219015E-01
1.79321,6.98056,0.135277
1.79382,6.98293,0.156681
1.79443,6.98531,0.113904
1.79504,6.98768,0.191496
1.79565,6.99006,0.153219E-01
1.79626,6.99244,0.137134
1.79688,6.99481,0.744190E-02
1.79749,6.99719,0.810852E-01
1.79810,6.99956,0.382905
1.79871,7.00194,0.166225
1.79932,7.00432,0.302066E-01
1.79993,7.00669,0.260089E-01
1.80054,7.00907,-0.102846
1.80115,7.01144,-0.227736E-01
1.80176,7.01382,-0.180426E-01
1.80237,7.01620,-0.509704E-02
1.80298,7.01857,0.115950
1.80359,7.02095,0.242296E-01
1.80420,7.02332,-0.749786E-01
1.80481,7.02570,-0.852065E-03
1.80542,7.02808,-0.721572E-01
1.80603,7.03045,0.115861
1.80664,7.03283,0.210480
1.80725,7.03520,-0.141015
1.80786,7.03758,0.115319
1.80847,7.03996,0.413248E-01
1.80908,7.04233,0.345060E-02
1.80969,7.04471,0.103215
1.81030,7.04708,0.166988
1.81091,7.04946,0.916573E-01
1.81152,7.05184,0.152800E-01
1.81213,7.05421,0.136309
1.81274,7.05659,0.857361E-01
1.81335,7.05896,-0.523428E-01
1.81396,7.06134,-0.991013E-01
1.81458,7.06371,-0.264611E-02
1.81519,7.06609,0.117229E-01
1.81580,7.06847,-0.237280E-01
1.81641,7.07084,-0.158408E-01
1.81702,7.07322,0.376429E-01
1.81763,7.07559,0.659922E-01
1.81824,7.07797,0.142899
1.81885,7.08035,0.174507
1.81946,7.08272,-0.528680E-01
1.82007,7.08510,-0.185411E-02
1.82068,7.08747,0.676232E-01
1.82129,7.08985,-0.138858E-01
1.82190,7.09223,0.973629E-01
1.82251,7.09460,0.242894
1.82312,7.09698,0.335183E-01
1.82373,7.09935,0.182661E-02
1.82434,7.10173,0.317344
1.82495,7.10411,-0.169953E-02
1.82556,7.10648,0.278651
1.82617,7.10886,0.421773E-01
1.82678,7.11123,0.183118
1.82739,7.11361,0.119579
1.82800,7.11599,0.442706E-02
1.82861,7.11836,-0.171560
1.82922,7.12074,0.177930
1.82983,7.12311,0.666686E-01
1.83044,7.12549,0.141193E-01
1.83105,7.12787,0.481116E-01
1.83167,7.13024,0.273611E-02
1.83228,7.13262,0.206643E-02
1.83289,7.13499,-0.831495E-02
1.83350,7.13737,-0.123829
1.83411,7.13975,0.126528
1.83472,7.14212,0.557253E-01
1.83533,7.14450,0.760597E-01
1.83594,7.14687,0.270377
1.83655,7.14925,0.200044E-01
1.83716,7.15163,0.222803E-01
1.83777,7.15400,-0.425835E-02
1.83838,7.15638,-0.277182E-01
1.83899,7.15875,0.729591E-01
1.83960,7.16113,-0.102859
1.84021,7.16350,-0.186342E-01
1.84082,7.16588,0.430409E-01
1.84143,7.16826,0.952773E-01
1.84204,7.17063,-0.105684E-01
1.84265,7.17301,-0.124100
1.84326,7.17538,-0.413460E-01
1.84387,7.17776,0.857669E-01
1.84448,7.18014,0.379456E-01
1.84509,7.18251,-0.505219E-01
1.84570,7.18489,0.435752E-01
1.84631,7.18726,-0.828312E-01
1.84692,7.18964,0.207638
1.84753,7.19202,0.119396E-01
1.84814,7.19439,0.160737
1.84875,7.19677,0.574473E-01
1.84937,7.19914,0.533593E-01
1.84998,7.20152,-0.123460
1.85059,7.20390,0.762398E-01
1.85120,7.20627,0.112138
1.85181,7.20865,0.129312
1.85242,7.21102,-0.873042E-01
1.85303,7.21340,0.184482E-01
1.85364,7.21578,-0.359136E-01
1.85425,7.21815,-0.140124
1.85486,7.22053,-0.162719
1.85547,7.22290,-0.270968E-01
1.85608,7.22528,0.204836E-02
1.85669,7.22766,0.305627E-01
1.85730,7.23003,-0.254062E-01
1.85791,7.23241,0.941652E-01
1.85852,7.23478,-0.108301E-01
1.85913,7.23716,0.839884E-01
1.85974,7.23954,0.850927E-02
1.86035,7.24191,0.390699
1.86096,7.24429,0.170344
1.86157,7.24666,-0.424927E-01
1.86218,7.24904,0.261669E-01
1.86279,7.25142,0.323351
1.86340,7.25379,-0.143177
1.86401,7.25617,-0.434519E-03
1.86462,7.25854,0.242582E-01
1.86523,7.26092,0.737420E-01
1.86584,7.26330,0.876751E-01
1.86646,7.26567,0.447639E-01
1.86707,7.26805,0.771370E-01
1.86768,7.27042,0.122143
1.86829,7.27280,0.595406E-01
1.86890,7.27517,0.360108E-01
1.86951,7.27755,0.138649E-01
1.87012,7.27993,-0.749005E-02
1.87073,7.28230,0.233820E-01
1.87134,7.28468,-0.150776
1.87195,7.28705,0.286847
1.87256,7.28943,-0.272358
1.87317,7.29181,-0.331578E-01
1.87378,7.29418,-0.261983E-02
1.87439,7.29656,0.534121E-01
1.87500,7.29893,0.123940E-01
1.87561,7.30131,0.121421E-01
1.87622,7.30369,0.147114
1.87683,7.30606,-0.291752E-01
1.87744,7.30844,0.275304
1.87805,7.31081,0.157884
1.87866,7.31319,-0.801116E-01
1.87927,7.31557,-0.850090E-01
1.87988,7.31794,0.900816E-01
1.88049,7.32032,-0.205553
1.88110,7.32269,0.377879E-01
1.88171,7.32507,0.588703E-01
1.88232,7.32745,0.139203
1.88293,7.32982,0.457335E-01
1.88354,7.33220,0.170491
1.88416,7.33457,0.472938E-02
1.88477,7.33695,0.122457
1.88538,7.33933,-0.744115E-01
1.88599,7.34170,0.403012E-01
1.88660,7.34408,0.377144E-01
1.88721,7.34645,0.865877E-01
1.88782,7.34883,0.784374E-01
1.88843,7.35121,-0.574114E-01
1.88904,7.35358,-0.256609
1.88965,7.35596,0.367245
1.89026,7.35833,-0.310684
1.89087,7.36071,-0.403217E-01
1.89148,7.36309,0.243508
1.89209,7.36546,0.489836E-01
1.89270,7.36784,0.658631E-01
1.89331,7.37021,0.280262E-01
1.89392,7.37259,-0.657745E-01
1.89453,7.37496,0.508480E-01
1.89514,7.37734,-0.244070
1.89575,7.37972,-0.296723E-01
1.89636,7.38209,0.147610
1.89697,7.38447,0.575428E-01
1.89758,7.38684,0.157668E-01
1.89819,7.38922,-0.661149E-01
1.89880,7.39160,0.107100
1.89941,7.39397,-0.156277
1.90002,7.39635,0.781259E-01
1.90063,7.39872,-0.235119E-01
1.90125,7.40110,0.539880E-01
1.90186,7.40348,0.363954
1.90247,7.40585,0.163242
1.90308,7.40823,0.839133E-02
1.90369,7.41060,0.886746E-01
1.90430,7.41298,0.274967E-01
1.90491,7.41536,0.287235E-01
1.90552,7.41773,-0.711053E-01
1.90613,7.42011,0.707643E-01
1.90674,7.42248,0.186722E-01
1.90735,7.42486,0.243968
1.90796,7.42724,-0.185489E-01
1.90857,7.42961,0.683732E-01
1.90918,7.43199,0.337285
1.90979,7.43436,-0.660699E-01
1.91040,7.43674,0.111420
1.91101,7.43912,-0.120378E-01
1.91162,7.44149,-0.116311
1.91223,7.44387,0.111241E-01
1.91284,7.44624,0.777730E-01
1.91345,7.44862,0.447014E-01
1.91406,7.45100,0.238719
1.91467,7.45337,0.220785
1.91528,7.45575,-0.175311
1.91589,7.45812,0.101639
1.91650,7.46050,-0.353376E-01
1.91711,7.46288,0.842017E-01
1.91772,7.46525,0.198173
1.91833,7.46763,0.259229
1.91895,7.47000,-0.100493
1.91956,7.47238,0.250885E-01
1.92017,7.47476,-0.906266E-03
1.92078,7.47713,0.122862
1.92139,7.47951,-0.571814E-01
1.92200,7.48188,-0.254527E-01
1.92261,7.48426,0.188256
1.92322,7.48663,0.803170E-02
1.92383,7.48901,0.279667
1.92444,7.49139,-0.148022
1.92505,7.49376,-0.304556
1.92566,7.49614,0.383783E-01
1.92627,7.49851,0.461951E-01
1.92688,7.50089,-0.192750
1.92749,7.50327,0.873682E-01
1.92810,7.50564,0.163782E-01
1.92871,7.50802,0.492535E-02
1.92932,7.51039,0.289207
1.92993,7.51277,-0.468100E-01
1.93054,7.51515,-0.129977
1.93115,7.51752,-0.141434E-01
1.93176,7.51990,-0.238150E-01
1.93237,7.52227,-0.753867E-02
1.93298,7.52465,0.448310E-01
1.93359,7.52703,0.300969E-01
1.93420,7.52940,0.206034E-01
1.93481,7.53178,0.172603E-01
1.93542,7.53415,-0.157416E-02
1.93604,7.53653,0.212905
1.93665,7.53891,-0.170298
1.93726,7.54128,0.671360E-01
1.93787,7.54366,-0.144552
1.93848,7.54603,-0.648178E-01
1.93909,7.54841,0.342542E-01
1.93970,7.55079,-0.972795E-03
1.94031,7.55316,-0.144707E-01
1.94092,7.55554,-0.710493E-01
1.94153,7.55791,-0.425981E-01
1.94214,7.56029,0.194482E-01
1.94275,7.56267,-0.289103E-01
1.94336,7.56504,0.287347
1.94397,7.56742,0.154747
1.94458,7.56979,-0.198167
1.94519,7.57217,0.212222E-01
1.94580,7.57455,-0.936330E-01
1.94641,7.57692,0.927237E-01
1.94702,7.57930,0.128289
1.94763,7.58167,0.262565E-01
1.94824,7.58405,0.171393E-01
1.94885,7.58642,0.173445E-01
1.94946,7.58880,0.180611E-01
1.95007,7.59118,-0.122236E-01
1.95068,7.59355,0.907347E-01
1.95129,7.59593,0.368745E-01
1.95190,7.59830,0.767326E-02
1.95251,7.60068,-0.727681E-02
1.95312,7.60306,0.241730
1.95374,7.60543,-0.213871E-01
1.95435,7.60781,0.505203E-01
1.95496,7.61018,0.269390E-01
1.95557,7.61256,-0.213250E-01
1.95618,7.61494,-0.841791E-01
1.95679,7.61731,-0.494832E-01
1.95740,7.61969,0.189673E-01
1.95801,7.62206,-0.479934E-01
1.95862,7.62444,0.136279E-01
1.95923,7.62682,0.389181
1.95984,7.62919,0.613739E-01
1.96045,7.63157,0.138080E-01
1.96106,7.63394,-0.194682
1.96167,7.63632,-0.582959E-02
1.96228,7.63870,-0.108581
1.96289,7.64107,0.156609
1.96350,7.64345,-0.411557E-02
1.96411,7.64582,-0.347787E-01
1.96472,7.64820,-0.252755E-01
1.96533,7.65058,-0.772391E-01
1.96594,7.65295,0.901561E-01
1.96655,7.65533,0.413500E-01
1.96716,7.65770,-0.100651E-01
1.96777,7.66008,0.109901
1.96838,7.66246,0.108387
1.96899,7.66483,0.101312
1.96960,7.66721,0.894813E-01
1.97021,7.66958,0.409224E-01
1.97083,7.67196,0.121171
1.97144,7.67434,0.296521E-01
1.97205,7.67671,-0.110499
1.97266,7.67909,-0.153109E-01
1.97327,7.68146,-0.959339E-01
1.97388,7.68384,0.319694E-02
1.97449,7.68622,0.550236E-04
1.97510,7.68859,0.194278
1.97571,7.69097,-0.149851E-01
1.97632,7.69334,-0.111976
1.97693,7.69572,0.167103
1.97754,7.69809,0.115120
1.97815,7.70047,0.114717
1.97876,7.70285,0.184653E-01
1.97937,7.70522,-0.774434E-01
1.97998,7.70760,0.179540
1.98059,7.70997,0.244020
1.98120,7.71235,0.534791E-02
1.98181,7.71473,0.920877E-01
1.98242,7.71710,0.285936E-01
1.98303,7.71948,0.214863E-01
1.98364,7.72185,0.279693
1.98425,7.72423,0.534838E-01
1.98486,7.72661,-0.650682E-01
1.98547,7.72898,-0.295554E-01
1.98608,7.73136,0.482681E-01
1.98669,7.73373,-0.189135E-01
1.98730,7.73611,-0.225347
1.98792,7.73849,0.364628E-01
1.98853,7.74086,0.132452E-01
1.98914,7.74324,-0.695470E-02
1.98975,7.74561,0.324224E-01
1.99036,7.74799,-0.148553
1.99097,7.75037,-0.635439E-01
1.99158,7.75274,-0.564313E-01
1.99219,7.75512,0.407952E-01
1.99280,7.75749,0.531688E-01
1.99341,7.75987,0.129252
1.99402,7.76225,-0.198112E-01
1.99463,7.76462,0.187464E-01
1.99524,7.76700,0.115407
1.99585,7.76937,-0.203206E-01
1.99646,7.77175,-0.805287E-01
1.99707,7.77413,-0.111035
1.99768,7.77650,-0.274235E-01
1.99829,7.77888,0.711296E-01
1.99890,7.78125,0.903415E-01
1.99951,7.78363,-0.868523E-01
2.00012,7.78601,0.118412
2.00073,7.78838,0.100710
2.00134,7.79076,0.224621
2.00195,7.79313,-0.836745E-02
2.00256,7.79551,0.541629E-01
2.00317,7.79788,0.112946
2.00378,7.80026,0.552125E-01
2.00439,7.80264,0.385554E-01
2.00500,7.80501,0.431791E-02
2.00562,7.80739,-0.999380E-01
2.00623,7.80976,-0.141359
2.00684,7.81214,0.713319E-01
2.00745,7.81452,0.255723E-01
2.00806,7.81689,0.544272E-01
2.00867,7.81927,0.877845E-01
2.00928,7.82164,0.363606
2.00989,7.82402,0.114880E-01
2.01050,7.82640,-0.611068E-01
2.01111,7.82877,0.484561E-01
2.01172,7.83115,0.126401
2.01233,7.83352,-0.351856E-01
2.01294,7.83590,-0.232077E-01
2.01355,7.83828,-0.971958E-01
2.01416,7.84065,0.364310
2.01477,7.84303,0.628704E-01
2.01538,7.84540,-0.417682E-01
2.01599,7.84778,0.182410
2.01660,7.85016,0.265260E-01
2.01721,7.85253,0.677605E-01
2.01782,7.85491,-0.171494E-01
2.01843,7.85728,-0.152955
2.01904,7.85966,0.200404E-02
2.01965,7.86204,0.172798E-01
2.02026,7.86441,-0.122825
2.02087,7.86679,0.204714E-01
2.02148,7.86916,0.252265E-01
2.02209,7.87154,0.144707
2.02271,7.87392,0.135075
2.02332,7.87629,0.109479E-01
2.02393,7.87867,-0.218899E-01
2.02454,7.88104,0.853113E-01
2.02515,7.88342,-0.698653E-01
2.02576,7.88580,-0.178020E-01
2.02637,7.88817,0.968970E-01
2.02698,7.89055,-0.635752E-01
2.02759,7.89292,-0.703846E-01
2.02820,7.89530,-0.913626E-01
2.02881,7.89768,-0.243167E-01
2.02942,7.90005,0.136295
2.03003,7.90243,0.306471E-01
2.03064,7.90480,0.455232E-01
2.03125,7.90718,0.146640
2.03186,7.90955,-0.507898E-01
2.03247,7.91193,-0.134000E-01
2.03308,7.91431,-0.180555E-01
2.03369,7.91668,0.168419
2.03430,7.91906,-0.762794E-01
2.03491,7.92143,0.344588E-01
2.03552,7.92381,0.102114
2.03613,7.92619,0.807733E-01
2.03674,7.92856,-0.496016E-01
2.03735,7.93094,-0.509298E-01
2.03796,7.93331,-0.147553E-01
2.03857,7.93569,0.521700E-02
2.03918,7.93807,0.250612E-01
2.03979,7.94044,-0.114528
2.04041,7.94282,0.748929E-01
2.04102,7.94519,0.925703E-01
2.04163,7.94757,-0.717492E-01
2.04224,7.94995,0.536475E-01
2.04285,7.95232,0.134862E-01
2.04346,7.95470,0.723090E-01
2.04407,7.95707,0.146255E-01
2.04468,7.95945,0.710336E-01
2.04529,7.96183,0.943252E-01
2.04590,7.96420,0.776010E-02
2.04651,7.96658,-0.515197E-01
2.04712,7.96895,0.197259
2.04773,7.97133,-0.528647E-01
2.04834,7.97371,0.106490
2.04895,7.97608,0.778628E-02
2.04956,7.97846,0.107567E-01
2.05017,7.98083,-0.569820E-01
2.05078,7.98321,0.142274
2.05139,7.98559,0.233156E-01
2.05200,7.98796,0.861162E-01
2.05261,7.99034,-0.168346
2.05322,7.99271,-0.435802E-01
2.05383,7.99509,-0.572556E-01
2.05444,7.99747,0.295755E-01
2.05505,7.99984,-0.295347E-01
2.05566,8.00222,-0.213860E-01
2.05627,8.00459,-0.581636E-01
2.05688,8.00697,-0.358129E-01
2.05750,8.00934,0.140270
2.05811,8.01172,-0.264700E-01
2.05872,8.01410,0.693533E-01
2.05933,8.01647,0.217387
2.05994,8.01885,0.610797E-01
2.06055,8.02122,-0.711362E-01
2.06116,8.02360,0.420692E-02
2.06177,8.02598,0.128944E-01
2.06238,8.02835,0.738366E-01
2.06299,8.03073,0.247049E-01
2.06360,8.03310,0.169953
2.06421,8.03548,0.464781E-01
2.06482,8.03786,0.261020
2.06543,8.04023,-0.390420E-01
2.06604,8.04261,0.111927
2.06665,8.04498,-0.465645E-01
2.06726,8.04736,0.742077E-01
2.06787,8.04974,-0.133834
2.06848,8.05211,0.126883E-01
2.06909,8.05449,0.182766
2.06970,8.05686,0.527378E-01
2.07031,8.05924,-0.321303E-02
2.07092,8.06162,-0.526076E-01
2.07153,8.06399,-0.470986E-01
2.07214,8.06637,0.671576E-01
2.07275,8.06874,-0.106727E-01
2.07336,8.07112,0.114494
2.07397,8.07350,-0.254490E-01
2.07458,8.07587,-0.185976E-01
2.07520,8.07825,0.536792E-01
2.07581,8.08062,-0.824530E-01
2.07642,8.08300,0.412723E-01
2.07703,8.08538,0.374593E-01
2.07764,8.08775,0.116839
2.07825,8.09013,-0.746251E-02
2.07886,8.09250,0.218651
2.07947,8.09488,-0.113635
2.08008,8.09726,-0.450299E-02
2.08069,8.09963,0.310014
2.08130,8.10201,0.555488E-01
2.08191,8.10438,0.105137E-01
2.08252,8.10676,0.143457
2.08313,8.10914,0.457185E-01
2.08374,8.11151,0.241187
2.08435,8.11389,-0.276634E-01
2.08496,8.11626,0.461348E-01
2.08557,8.11864,0.338815E-01
2.08618,8.12101,0.211669
2.08679,8.12339,0.204524E-01
2.08740,8.12577,0.131790
2.08801,8.12814,0.314999E-02
2.08862,8.13052,-0.990897E-02
2.08923,8.13289,0.537092E-01
2.08984,8.13527,-0.297752
2.09045,8.13765,-0.151977E-02
2.09106,8.14002,0.527896E-02
2.09167,8.14240,0.448465E-01
2.09229,8.14477,0.446199
2.09290,8.14715,-0.441541E-01
2.09351,8.14953,0.798188E-01
2.09412,8.15190,0.582838E-01
2.09473,8.15428,-0.909596E-01
2.09534,8.15665,0.386422E-01
2.09595,8.15903,-0.989258E-01
2.09656,8.16141,0.130892
2.09717,8.16378,-0.416855E-02
2.09778,8.16616,0.175542E-01
2.09839,8.16853,0.458324E-01
2.09900,8.17091,0.220412
2.09961,8.17329,-0.359403E-01
2.10022,8.17566,-0.440553E-01
2.10083,8.17804,-0.230453E-01
2.10144,8.18041,0.712608E-01
2.10205,8.18279,-0.287111E-01
2.10266,8.18517,0.572010E-01
2.10327,8.18754,0.249597
2.10388,8.18992,0.122412
2.10449,8.19229,0.812297E-01
2.10510,8.19467,0.280544E-01
2.10571,8.19705,0.218643
2.10632,8.19942,0.269998
2.10693,8.20180,-0.184254E-01
2.10754,8.20417,0.593260E-01
2.10815,8.20655,0.219330
2.10876,8.20893,0.250092
2.10938,8.21130,0.381483E-02
2.10999,8.21368,-0.790952E-02
2.11060,8.21605,0.146155E-01
2.11121,8.21843,0.218460E-01
2.11182,8.22080,-0.176178E-01
2.11243,8.22318,0.152918E-01
2.11304,8.22556,-0.652032E-01
2.11365,8.22793,-0.732557E-01
2.11426,8.23031,-0.265131E-01
2.11487,8.23268,-0.304067E-01
2.11548,8.23506,-0.108184E-01
2.11609,8.23744,0.128987
2.11670,8.23981,0.430675E-01
2.11731,8.24219,0.802726E-01
2.11792,8.24456,0.959702E-03
2.11853,8.24694,-0.231086
2.11914,8.24932,0.265526E-01
2.11975,8.25169,0.197718
2.12036,8.25407,0.655376E-01
2.12097,8.25644,0.325837E-01
2.12158,8.25882,0.142085E-02
2.12219,8.26120,0.126138
2.12280,8.26357,0.881469E-01
2.12341,8.26595,0.553059E-01
2.12402,8.26832,0.995525E-02
2.12463,8.27070,0.275861E-01
2.12524,8.27308,0.574226E-01
2.12585,8.27545,-0.623973E-01
2.12646,8.27783,0.106697
2.12708,8.28020,0.290629E-01
2.12769,8.28258,-0.241393E-02
2.12830,8.28496,0.256607
2.12891,8.28733,0.721048E-01
2.12952,8.28971,0.482541E-01
2.13013,8.29208,0.410694E-01
2.13074,8.29446,-0.191019E-01
2.13135,8.29684,0.122367
2.13196,8.29921,0.142652
2.13257,8.30159,-0.717920E-01
2.13318,8.30396,-0.587514E-01
2.13379,8.30634,-0.330091E-01
2.13440,8.30872,0.182664E-01
2.13501,8.31109,0.279089E-02
2.13562,8.31347,-0.910755E-01
2.13623,8.31584,-0.519251E-01
2.13684,8.31822,-0.770524E-01
2.13745,8.32060,0.774482E-01
2.13806,8.32297,-0.364258E-01
2.13867,8.32535,-0.769308E-01
2.13928,8.32772,0.674022E-01
2.13989,8.33010,0.484502E-02
2.14050,8.33247,0.373400
2.14111,8.33485,0.158341E-01
2.14172,8.33723,0.664327E-01
2.14233,8.33960,-0.137295E-02
2.14294,8.34198,0.685226
2.14355,8.34435,0.119466
2.14417,8.34673,0.157343E-01
2.14478,8.34911,-0.249542E-01
2.14539,8.35148,0.427753
2.14600,8.35386,0.253719
2.14661,8.35623,0.245038E-02
2.14722,8.35861,-0.125605
2.14783,8.36099,-0.239855E-01
2.14844,8.36336,0.133819E-02
2.14905,8.36574,-0.428124E-01
2.14966,8.36811,0.130668
2.15027,8.37049,0.501386E-01
2.15088,8.37287,0.864125E-01
2.15149,8.37524,0.126765
2.15210,8.37762,0.415988E-01
2.15271,8.37999,0.333378E-01
2.15332,8.38237,0.300678
2.15393,8.38475,0.430282E-01
2.15454,8.38712,0.359450E-01
2.15515,8.38950,0.151353
2.15576,8.39187,-0.222045E-01
2.15637,8.39425,0.107613
2.15698,8.39663,0.106897
2.15759,8.39900,0.827576E-01
2.15820,8.40138,0.743719E-01
2.15881,8.40375,-0.495122E-01
2.15942,8.40613,-0.741266E-01
2.16003,8.40851,-0.867395E-02
2.16064,8.41088,0.123980E-01
2.16125,8.41326,0.659690E-01
2.16187,8.41563,0.148126
2.16248,8.41801,0.590534E-01
2.16309,8.42039,-0.876530E-02
2.16370,8.42276,-0.195865E-02
2.16431,8.42514,-0.418873E-02
2.16492,8.42751,0.215795E-01
2.16553,8.42989,-0.170617
2.16614,8.43227,0.129943
2.16675,8.43464,0.210384E-01
2.16736,8.43702,0.275600E-01
2.16797,8.43939,0.113616
2.16858,8.44177,0.247077E-02
2.16919,8.44414,0.117701
2.16980,8.44652,0.153878
2.17041,8.44890,-0.220150E-01
2.17102,8.45127,-0.150478E-01
2.17163,8.45365,0.575302E-01
2.17224,8.45602,0.696547E-01
2.17285,8.45840,0.871793E-01
2.17346,8.46078,0.135984
2.17407,8.46315,0.520332E-01
2.17468,8.46553,-0.495882E-01
2.17529,8.46790,0.746460E-01
2.17590,8.47028,0.384061E-01
2.17651,8.47266,0.656652E-01
2.17712,8.47503,-0.162335
2.17773,8.47741,0.535183E-01
2.17834,8.47978,-0.193262E-01
2.17896,8.48216,-0.473554E-01
2.17957,8.48454,-0.160747E-02
2.18018,8.48691,0.126585
2.18079,8.48929,-0.139832
2.18140,8.49166,0.187454E-01
2.18201,8.49404,0.918041E-02
2.18262,8.49642,0.258941
2.18323,8.49879,-0.679983E-01
2.18384,8.50117,-0.614586E-02
2.18445,8.50354,0.896585E-01
2.18506,8.50592,0.263759E-01
2.18567,8.50830,0.940733E-01
2.18628,8.51067,0.171539E-01
2.18689,8.51305,-0.512546E-01
2.18750,8.51542,0.242493E-01
2.18811,8.51780,0.149117
2.18872,8.52018,0.279397E-01
2.18933,8.52255,0.107410E-02
2.18994,8.52493,0.475283E-01
2.19055,8.52730,-0.886364E-01
2.19116,8.52968,-0.234334E-01
2.19177,8.53206,0.144064
2.19238,8.53443,0.265256E-01
2.19299,8.53681,0.250718E-01
2.19360,8.53918,0.622941E-02
2.19421,8.54156,0.135439
2.19482,8.54393,-0.624856E-01
2.19543,8.54631,0.396971E-01
2.19604,8.54869,0.140961
2.19666,8.55106,-0.110978
2.19727,8.55344,0.201994
2.19788,8.55581,0.315623
2.19849,8.55819,0.327973E-01
2.19910,8.56057,0.123721E-01
2.19971,8.56294,-0.844202E-01
2.20032,8.56532,0.835986E-01
2.20093,8.56769,0.360060E-01
2.20154,8.57007,0.206006
2.20215,8.57245,-0.237959
2.20276,8.57482,0.462780E-01
2.20337,8.57720,0.177579E-01
2.20398,8.57957,0.292349E-01
2.20459,8.58195,0.193499E-01
2.20520,8.58433,0.989911E-02
2.20581,8.58670,0.324659E-01
2.20642,8.58908,-0.292042E-02
2.20703,8.59145,-0.819288E-01
2.20764,8.59383,0.206687E-01
2.20825,8.59621,-0.280289E-01
2.20886,8.59858,0.373354E-01
2.20947,8.60096,-0.270722E-02
2.21008,8.60333,0.714942E-01
2.21069,8.60571,0.153928
2.21130,8.60809,0.148271E-01
2.21191,8.61046,-0.190614E-01
2.21252,8.61284,0.148157E-01
2.21313,8.61521,-0.554540E-01
2.21375,8.61759,-0.602687E-01
2.21436,8.61997,0.540671E-01
2.21497,8.62234,0.199626
2.21558,8.62472,-0.526209E-01
2.21619,8.62709,0.163389
2.21680,8.62947,-0.800941E-01
2.21741,8.63185,0.971293E-01
2.21802,8.63422,0.545222E-01
2.21863,8.63660,-0.109278E-01
2.21924,8.63897,0.295531E-01
2.21985,8.64135,0.247889E-01
2.22046,8.64373,0.665220E-01
2.22107,8.64610,0.672352E-01
2.22168,8.64848,0.513330E-01
2.22229,8.65085,0.919263E-01
2.22290,8.65323,-0.171741E-01
2.22351,8.65560,-0.351646E-01
2.22412,8.65798,-0.190846E-02
2.22473,8.66036,0.146068E-01
2.22534,8.66273,-0.103340E-01
2.22595,8.66511,-0.216212
2.22656,8.66748,0.373977E-01
2.22717,8.66986,-0.206698E-01
2.22778,8.67224,0.147004
2.22839,8.67461,-0.148424
2.22900,8.67699,-0.495734E-01
2.22961,8.67936,0.636038E-02
2.23022,8.68174,0.268756
2.23083,8.68412,-0.178044
2.23145,8.68649,-0.477969
2.23206,8.68887,-0.656979E-01
2.23267,8.69124,0.569969E-01
2.23328,8.69362,0.377300E-01
2.23389,8.69600,0.544145E-01
2.23450,8.69837,-0.656786E-01
2.23511,8.70075,0.485444E-02
2.23572,8.70312,0.382761E-02
2.23633,8.70550,0.255089
2.23694,8.70788,0.559517E-01
2.23755,8.71025,0.103095E-01
2.23816,8.71263,0.540642E-01
2.23877,8.71500,0.226122E-01
2.23938,8.71738,0.171251E-01
2.23999,8.71976,0.916283E-01
2.24060,8.72213,-0.841354E-01
2.24121,8.72451,0.228718E-01
2.24182,8.72688,0.320090E-01
2.24243,8.72926,0.181816E-01
2.24304,8.73164,0.201034
2.24365,8.73401,0.104354
2.24426,8.73639,-0.575300E-01
2.24487,8.73876,0.158357
2.24548,8.74114,-0.603115E-01
2.24609,8.74352,0.360254E-01
2.24670,8.74589,0.725629E-02
2.24731,8.74827,-0.330773E-01
2.24792,8.75064,0.677191E-01
2.24854,8.75302,0.652129E-01
2.24915,8.75539,0.224480
2.24976,8.75777,0.317073
2.25037,8.76015,-0.116397E-01
2.25098,8.76252,0.998009E-01
2.25159,8.76490,0.127371
2.25220,8.76727,-0.116303
2.25281,8.76965,0.595443E-01
2.25342,8.77203,-0.383865E-01
2.25403,8.77440,0.965478E-01
2.25464,8.77678,0.282037E-01
2.25525,8.77915,0.143681E-01
2.25586,8.78153,0.434166E-01
2.25647,8.78391,0.100638
2.25708,8.78628,0.923821E-01
2.25769,8.78866,0.139506
2.25830,8.79103,-0.119276
2.25891,8.79341,0.829936E-01
2.25952,8.79579,0.466636E-01
2.26013,8.79816,0.673655E-02
2.26074,8.80054,0.134131
2.26135,8.80291,-0.281551E-02
2.26196,8.80529,0.918123E-01
2.26257,8.80767,0.126804E-01
2.26318,8.81004,0.140673
2.26379,8.81242,-0.513114E-01
2.26440,8.81479,-0.394544E-01
2.26501,8.81717,0.849792E-01
2.26562,8.81955,-0.368545E-01
2.26624,8.82192,0.291422
2.26685,8.82430,-0.278714E-02
2.26746,8.82667,0.417025E-01
2.26807,8.82905,-0.856942E-01
2.26868,8.83143,-0.628743E-01
2.26929,8.83380,0.404705E-01
2.26990,8.83618,-0.183270E-01
2.27051,8.83855,-0.228396E-02
2.27112,8.84093,-0.650649E-02
2.27173,8.84331,0.106151
2.27234,8.84568,0.174987E-01
2.27295,8.84806,0.744198E-02
2.27356,8.85043,0.118760
2.27417,8.85281,-0.397945E-01
2.27478,8.85519,0.264457E-01
2.27539,8.85756,-0.112097E-01
2.27600,8.85994,0.247084E-01
2.27661,8.86231,0.620740E-01
2.27722,8.86469,0.136121
2.27783,8.86706,-0.104229
2.27844,8.86944,0.255352
2.27905,8.87182,-0.264837E-01
2.27966,8.87419,-0.719999E-01
2.28027,8.87657,0.206862
2.28088,8.87894,0.104952
2.28149,8.88132,-0.897147E-01
2.28210,8.88370,-0.664904E-01
2.28271,8.88607,0.178263
2.28333,8.88845,0.113040
2.28394,8.89082,0.162952
2.28455,8.89320,-0.466439E-01
2.28516,8.89558,0.444650
2.28577,8.89795,0.657476E-01
2.28638,8.90033,0.923358E-01
2.28699,8.90270,0.500393E-01
2.28760,8.90508,0.196113
2.28821,8.90746,0.119317
2.28882,8.90983,-0.362826E-01
2.28943,8.91221,0.179837
2.29004,8.91458,-0.150787E-01
2.29065,8.91696,0.516939E-01
2.29126,8.91934,0.344504
2.29187,8.92171,0.136695E-02
2.29248,8.92409,-0.226214E-01
2.29309,8.92646,0.448291E-01
2.29370,8.92884,0.263422
2.29431,8.93122,0.809883E-01
2.29492,8.93359,0.904473E-02
2.29553,8.93597,0.284520E-01
2.29614,8.93834,0.154468
2.29675,8.94072,0.234416E-01
2.29736,8.94310,-0.134233
2.29797,8.94547,-0.952431E-01
2.29858,8.94785,-0.451227E-02
2.29919,8.95022,-0.518782E-02
2.29980,8.95260,-0.601370E-01
2.30042,8.95498,0.148223
2.30103,8.95735,0.298458E-01
2.30164,8.95973,0.104093
2.30225,8.96210,0.549285E-01
2.30286,8.96448,0.420014E-01
2.30347,8.96685,0.113305E-01
2.30408,8.96923,-0.122479E-01
2.30469,8.97161,0.286684E-01
2.30530,8.97398,0.444314E-03
2.30591,8.97636,-0.114262E-02
2.30652,8.97873,0.154191
2.30713,8.98111,-0.199825E-01
2.30774,8.98349,0.639955E-02
2.30835,8.98586,0.193815
2.30896,8.98824,0.128886
2.30957,8.99061,-0.929354E-01
2.31018,8.99299,-0.252107E-01
2.31079,8.99537,0.253403
2.31140,8.99774,0.394595
2.31201,9.00012,-0.151906E-01
2.31262,9.00249,-0.305730E-01
2.31323,9.00487,0.396012E-01
2.31384,9.00725,0.132611
2.31445,9.00962,-0.235416E-01
2.31506,9.01200,0.685189E-01
2.31567,9.01437,-0.906999E-02
2.31628,9.01675,-0.418089E-01
2.31689,9.01913,-0.107401
2.31750,9.02150,-0.920383E-01
2.31812,9.02388,0.397290E-01
2.31873,9.02625,-0.669890E-01
2.31934,9.02863,-0.667790E-01
2.31995,9.03101,0.157653
2.32056,9.03338,0.663643E-01
2.32117,9.03576,0.773028E-01
2.32178,9.03813,0.182618E-01
2.32239,9.04051,-0.204197
2.32300,9.04289,-0.157164E-01
2.32361,9.04526,0.196231E-01
2.32422,9.04764,0.786148E-01
2.32483,9.05001,-0.196292E-01
2.32544,9.05239,0.591075E-01
2.32605,9.05477,0.120671
2.32666,9.05714,0.232905
2.32727,9.05952,0.730864E-01
2.32788,9.06189,-0.297254E-01
2.32849,9.06427,0.228187E-01
2.32910,9.06665,0.187708E-01
2.32971,9.06902,-0.166095E-03
2.33032,9.07140,-0.102335
2.33093,9.07377,0.108332
2.33154,9.07615,-0.311871E-01
2.33215,9.07852,0.473161E-01
2.33276,9.08090,0.318676E-01
2.33337,9.08328,-0.617818E-02
2.33398,9.08565,0.265070E-01
2.33459,9.08803,0.165711E-02
2.33521,9.09040,0.661269E-01
2.33582,9.09278,-0.357113E-01
2.33643,9.09516,-0.104663
2.33704,9.09753,0.244586
2.33765,9.09991,0.251021
2.33826,9.10228,-0.131656E-01
2.33887,9.10466,-0.896463E-01
2.33948,9.10704,0.928837E-01
2.34009,9.10941,-0.547304E-01
2.34070,9.11179,0.174330
2.34131,9.11416,0.762100E-01
2.34192,9.11654,-0.162688
2.34253,9.11892,0.159160
2.34314,9.12129,-0.587885E-01
2.34375,9.12367,0.338446E-01
2.34436,9.12604,0.633507E-01
2.34497,9.12842,-0.162577E-01
2.34558,9.13080,0.445194E-01
2.34619,9.13317,0.179955E-01
2.34680,9.13555,0.317378E-01
2.34741,9.13792,-0.162660
2.34802,9.14030,-0.504673E-01
2.34863,9.14268,0.208772
2.34924,9.14505,0.785363E-01
2.34985,9.14743,-0.122170
2.35046,9.14980,-0.778138E-01
2.35107,9.15218,0.287262
2.35168,9.15456,-0.481384E-02
2.35229,9.15693,-0.378307E-01
2.35291,9.15931,-0.175952E-01
2.35352,9.16168,0.182571
2.35413,9.16406,0.377307E-01
2.35474,9.16644,0.126022E-01
2.35535,9.16881,0.200181E-01
2.35596,9.17119,0.535940E-01
2.35657,9.17356,-0.288519E-01
2.35718,9.17594,0.100149
2.35779,9.17831,0.360953E-01
2.35840,9.18069,0.526589E-01
2.35901,9.18307,0.138949E-01
2.35962,9.18544,0.141467E-01
2.36023,9.18782,0.343605E-01
2.36084,9.19019,-0.278259E-01
2.36145,9.19257,0.390150E-01
2.36206,9.19495,-0.158864E-01
2.36267,9.19732,0.597862E-01
2.36328,9.19970,-0.351155E-02
2.36389,9.20207,0.411035E-01
2.36450,9.20445,-0.126298
2.36511,9.20683,-0.174261
2.36572,9.20920,-0.229696E-01
2.36633,9.21158,0.368583
2.36694,9.21395,-0.941515E-01
2.36755,9.21633,0.687036E-01
2.36816,9.21871,0.483251E-01
2.36877,9.22108,0.583805E-01
2.36938,9.22346,0.100095
2.37000,9.22583,0.156758
2.37061,9.22821,0.871469E-01
2.37122,9.23059,0.193572E-01
2.37183,9.23296,0.235196
2.37244,9.23534,0.350846E-02
2.37305,9.23771,-0.132149E-01
2.37366,9.24009,0.309214
2.37427,9.24247,0.148925
2.37488,9.24484,-0.263812E-01
2.37549,9.24722,0.138757
2.37610,9.24959,0.168021
2.37671,9.25197,0.235650E-01
2.37732,9.25435,-0.107524E-02
2.37793,9.25672,0.168903E-01
2.37854,9.25910,0.214563E-01
2.37915,9.26147,0.328171E-02
2.37976,9.26385,-0.161749E-01
2.38037,9.26623,-0.793462E-01
2.38098,9.26860,-0.140030
2.38159,9.27098,-0.139433
2.38220,9.27335,0.142206E-01
2.38281,9.27573,-0.110159
2.38342,9.27811,0.996258E-01
2.38403,9.28048,0.363509E-02
2.38464,9.28286,-0.668161E-01
2.38525,9.28523,-0.734001E-01
2.38586,9.28761,0.555192E-01
2.38647,9.28998,-0.553093E-01
2.38708,9.29236,0.856186E-02
2.38770,9.29474,-0.498998E-01
2.38831,9.29711,-0.330513E-02
2.38892,9.29949,0.186202E-01
2.38953,9.30186,0.586372E-02
2.39014,9.30424,0.215051
2.39075,9.30662,0.789799E-01
2.39136,9.30899,0.129930
2.39197,9.31137,-0.184444E-01
2.39258,9.31374,0.135054E-01
2.39319,9.31612,0.606455E-01
2.39380,9.31850,0.262702E-01
2.39441,9.32087,0.322150E-02
2.39502,9.32325,0.138760E-01
2.39563,9.32562,0.763868E-02
2.39624,9.32800,0.107660
2.39685,9.33038,0.690214E-01
2.39746,9.33275,-0.346403E-01
2.39807,9.33513,0.162022
2.39868,9.33750,0.524506
2.39929,9.33988,0.188481E-01
2.39990,9.34226,-0.965556E-01
2.40051,9.34463,0.817880E-01
2.40112,9.34701,-0.343377E-02
2.40173,9.34938,0.532119E-01
2.40234,9.35176,0.541791E-01
2.40295,9.35414,-0.254488E-01
2.40356,9.35651,0.100607
2.40417,9.35889,-0.858012E-01
2.40479,9.36126,0.870317E-01
2.40540,9.36364,0.517124E-01
2.40601,9.36602,0.290650
2.40662,9.36839,-0.276656E-01
2.40723,9.37077,0.151383E-01
2.40784,9.37314,0.307793
2.40845,9.37552,0.298978
2.40906,9.37790,0.404282E-01
2.40967,9.38027,0.802091E-01
2.41028,9.38265,0.130082
2.41089,9.38502,0.258820E-01
2.41150,9.38740,0.109417
2.41211,9.38977,-0.993062E-02
2.41272,9.39215,-0.271540E-01
2.41333,9.39453,0.145683
2.41394,9.39690,0.146282E-01
2.41455,9.39928,0.229386E-01
2.41516,9.40165,-0.750164E-02
2.41577,9.40403,0.985538E-04
2.41638,9.40641,0.105024
2.41699,9.40878,0.161081E-01
2.41760,9.41116,0.170180
2.41821,9.41353,0.894364E-01
2.41882,9.41591,0.663501E-01
2.41943,9.41829,0.368208E-01
2.42004,9.42066,0.418450E-01
2.42065,9.42304,-0.215411E-02
2.42126,9.42541,0.290949
2.42188,9.42779,-0.580965E-01
2.42249,9.43017,0.672726E-01
2.42310,9.43254,-0.192475E-01
2.42371,9.43492,-0.599642E-02
2.42432,9.43729,0.175147
2.42493,9.43967,0.248805
2.42554,9.44205,-0.991504E-01
2.42615,9.44442,-0.183302E-01
2.42676,9.44680,0.428483E-01
2.42737,9.44917,0.499477E-03
2.42798,9.45155,-0.173266
2.42859,9.45393,0.171023E-01
2.42920,9.45630,-0.715909E-02
2.42981,9.45868,-0.115184E-01
2.43042,9.46105,-0.113268
2.43103,9.46343,0.481173E-01
2.43164,9.46581,-0.529384E-01
2.43225,9.46818,0.909350E-01
2.43286,9.47056,-0.100142
2.43347,9.47293,0.249804E-02
2.43408,9.47531,-0.721532E-02
2.43469,9.47769,0.112209E-01
2.43530,9.48006,0.603679E-01
2.43591,9.48244,-0.503211E-01
2.43652,9.48481,-0.125563
2.43713,9.48719,0.109591
2.43774,9.48957,-0.177505E-01
2.43835,9.49194,-0.192689
2.43896,9.49432,-0.720988E-02
2.43958,9.49669,-0.133909
2.44019,9.49907,0.180225E-01
2.44080,9.50144,-0.823274E-01
2.44141,9.50382,0.103997E-01
2.44202,9.50620,0.173161E-01
2.44263,9.50857,0.178139
2.44324,9.51095,0.495084E-01
2.44385,9.51332,-0.540662E-01
2.44446,9.51570,0.120856E-01
2.44507,9.51808,-0.654604E-01
2.44568,9.52045,-0.307078E-01
2.44629,9.52283,0.952623E-01
2.44690,9.52520,-0.475111E-01
2.44751,9.52758,0.371198E-01
2.44812,9.52996,0.991883E-01
2.44873,9.53233,-0.120337E-01
2.44934,9.53471,0.394179E-01
2.44995,9.53708,-0.161734E-02
2.45056,9.53946,-0.166755
2.45117,9.54184,-0.213050
2.45178,9.54421,0.134254
2.45239,9.54659,0.370929E-01
2.45300,9.54896,0.112104
2.45361,9.55134,0.139518E-01
2.45422,9.55372,0.726789E-01
2.45483,9.55609,0.156052
2.45544,9.55847,-0.518788E-01
2.45605,9.56084,-0.452127E-01
2.45667,9.56322,0.187251E-01
2.45728,9.56560,0.107991
2.45789,9.56797,-0.829990E-02
2.45850,9.57035,-0.388821E-01
2.45911,9.57272,-0.977556E-01
2.45972,9.57510,0.580405E-01
2.46033,9.57748,0.364024E-01
2.46094,9.57985,0.491518E-01
2.46155,9.58223,0.901526E-01
2.46216,9.58460,0.623681E-01
2.46277,9.58698,0.528271E-02
2.46338,9.58936,0.321491E-01
2.46399,9.59173,0.167084
2.46460,9.59411,0.147378
2.46521,9.59648,-0.589728E-01
2.46582,9.59886,0.207095E-01
2.46643,9.60123,-0.944031E-02
2.46704,9.60361,0.143271
2.46765,9.60599,0.680883E-01
2.46826,9.60836,-0.379801E-01
2.46887,9.61074,0.128155E-01
2.46948,9.61311,0.930402E-01
2.47009,9.61549,-0.194266
2.47070,9.61787,-0.121709
2.47131,9.62024,0.986776E-01
2.47192,9.62262,-0.380349E-01
2.47253,9.62499,-0.639231E-01
2.47314,9.62737,-0.104784
2.47375,9.62975,-0.757775E-01
2.47437,9.63212,-0.145106
2.47498,9.63450,-0.335084E-01
2.47559,9.63687,-0.298569E-01
2.47620,9.63925,-0.149951
2.47681,9.64163,-0.753191E-01
2.47742,9.64400,0.136705
2.47803,9.64638,-0.691022E-01
2.47864,9.64875,0.104439
2.47925,9.65113,0.316820E-01
2.47986,9.65351,0.824900E-01
2.48047,9.65588,0.526921E-02
2.48108,9.65826,0.124694
2.48169,9.66063,-0.103569
2.48230,9.66301,0.467088E-01
2.48291,9.66539,0.155617
2.48352,9.66776,0.204838E-01
2.48413,9.67014,-0.175879E-02
2.48474,9.67251,0.154780E-01
2.48535,9.67489,0.157594
2.48596,9.67727,0.225643E-01
2.48657,9.67964,-0.133433E-01
2.48718,9.68202,-0.145402E-01
2.48779,9.68439,-0.158801E-01
2.48840,9.68677,-0.112939
2.48901,9.68915,-0.600597E-01
2.48962,9.69152,-0.112179E-01
2.49023,9.69390,0.296920
2.49084,9.69627,0.318990E-01
2.49146,9.69865,0.100406E-03
2.49207,9.70103,0.464859E-01
2.49268,9.70340,-0.566749E-01
2.49329,9.70578,-0.613108E-01
2.49390,9.70815,-0.760040E-01
2.49451,9.71053,0.547889E-01
2.49512,9.71290,0.286396
2.49573,9.71528,-0.134757
2.49634,9.71766,0.287209E-01
2.49695,9.72003,0.829402E-01
2.49756,9.72241,-0.951098E-02
2.49817,9.72478,0.848184E-02
2.49878,9.72716,-0.128660
2.49939,9.72954,0.122060E-02
2.50000,9.73191,0.501060E-02
2.50061,9.73429,-0.259275E-01
2.50122,9.73666,-0.307534E-01
2.50183,9.73904,-0.260290E-01
2.50244,9.74142,0.667187E-02
2.50305,9.74379,0.834962E-02
2.50366,9.74617,0.213711E-01
2.50427,9.74854,0.225365
2.50488,9.75092,0.132333
2.50549,9.75330,0.135031E-02
2.50610,9.75567,-0.311665E-01
2.50671,9.75805,0.130197
2.50732,9.76042,0.942987E-01
2.50793,9.76280,-0.147585E-01
2.50854,9.76518,-0.600331E-01
2.50916,9.76755,-0.214390
2.50977,9.76993,-0.452326E-01
2.51038,9.77230,0.229657
2.51099,9.77468,-0.632485E-01
2.51160,9.77706,0.251251E-01
2.51221,9.77943,0.788853E-01
2.51282,9.78181,-0.344475E-02
2.51343,9.78418,0.360017
2.51404,9.78656,-0.133347
2.51465,9.78894,-0.941443E-02
2.51526,9.79131,-0.159328E-01
2.51587,9.79369,0.500604E-01
2.51648,9.79606,0.560910E-01
2.51709,9.79844,-0.276422E-01
2.51770,9.80082,0.234961E-01
2.51831,9.80319,0.237470
2.51892,9.80557,0.182985
2.51953,9.80794,-0.138087E-02
2.52014,9.81032,-0.536296E-02
2.52075,9.81269,-0.795459E-03
2.52136,9.81507,-0.503586E-01
2.52197,9.81745,0.272607
2.52258,9.81982,0.289400E-02
2.52319,9.82220,0.152891
2.52380,9.82457,0.605877E-01
2.52441,9.82695,-0.122115E-01
2.52502,9.82933,-0.139616
2.52563,9.83170,-0.108079
2.52625,9.83408,-0.188080E-01
2.52686,9.83645,0.177950E-01
2.52747,9.83883,0.928954E-01
2.52808,9.84121,0.717605E-01
2.52869,9.84358,0.809679E-01
2.52930,9.84596,0.102173
2.52991,9.84833,-0.788695E-01
2.53052,9.85071,0.928052E-02
2.53113,9.85309,-0.409473E-02
2.53174,9.85546,-0.418389E-01
2.53235,9.85784,0.585088E-01
2.53296,9.86021,-0.186514E-02
2.53357,9.86259,0.674802E-01
2.53418,9.86497,-0.819776E-01
2.53479,9.86734,0.108660E-01
2.53540,9.86972,-0.842160E-01
2.53601,9.87209,0.200623E-01
2.53662,9.87447,0.361448
2.53723,9.87685,-0.868157E-01
2.53784,9.87922,-0.627687E-01
2.53845,9.88160,0.305383E-01
2.53906,9.88397,0.569073E-02
2.53967,9.88635,0.212576
2.54028,9.88873,-0.201267
2.54089,9.89110,0.189401
2.54150,9.89348,0.903895E-01
2.54211,9.89585,-0.165425E-01
2.54272,9.89823,0.644443E-01
2.54333,9.90061,-0.236853E-01
2.54395,9.90298,-0.609552E-02
2.54456,9.90536,0.609737E-01
2.54517,9.90773,0.102761
2.54578,9.91011,0.929578E-01
2.54639,9.91249,0.718152E-01
2.54700,9.91486,0.414391
2.54761,9.91724,0.337430E-01
2.54822,9.91961,-0.967614E-01
2.54883,9.92199,-0.602614E-01
2.54944,9.92436,0.373105E-01
2.55005,9.92674,-0.508089E-02
2.55066,9.92912,0.477839E-01
2.55127,9.93149,0.453799E-01
2.55188,9.93387,-0.198549E-01
2.55249,9.93624,0.145207
2.55310,9.93862,0.321186E-01
2.55371,9.94100,-0.241624E-01
2.55432,9.94337,-0.177968E-01
2.55493,9.94575,-0.891919E-01
2.55554,9.94812,0.133733
2.55615,9.95050,0.119274E-01
2.55676,9.95288,0.224571
2.55737,9.95525,0.473641E-01
2.55798,9.95763,0.363031E-01
2.55859,9.96000,0.191320E-01
2.55920,9.96238,0.238395E-01
2.55981,9.96476,-0.146475E-01
2.56042,9.96713,0.160366E-01
2.56104,9.96951,0.827775E-01
2.56165,9.97188,0.826466E-03
2.56226,9.97426,0.111571
2.56287,9.97664,-0.598665E-01
2.56348,9.97901,0.274370E-01
2.56409,9.98139,-0.668541E-02
2.56470,9.98376,0.961607E-01
2.56531,9.98614,0.178692
2.56592,9.98852,-0.367705E-01
2.56653,9.99089,-0.245315
2.56714,9.99327,-0.432709E-01
2.56775,9.99564,0.160766
2.56836,9.99802,0.390560E-01
2.56897,10.0004,0.158605E-01
2.56958,10.0028,0.159637E-01
2.57019,10.0051,-0.441104E-01
2.57080,10.0075,-0.415020E-02
2.57141,10.0099,0.110116
2.57202,10.0123,0.618224E-01
2.57263,10.0147,-0.256909
2.57324,10.0170,0.648174E-01
2.57385,10.0194,0.164092
2.57446,10.0218,0.174093
2.57507,10.0242,-0.145798
2.57568,10.0265,0.129036
2.57629,10.0289,0.158418E-01
2.57690,10.0313,-0.270588E-02
2.57751,10.0337,-0.167282E-01
2.57812,10.0360,-0.256081E-01
2.57874,10.0384,0.140281
2.57935,10.0408,0.834522E-01
2.57996,10.0432,0.550896E-01
2.58057,10.0455,0.956284E-01
2.58118,10.0479,0.206550
2.58179,10.0503,-0.623081E-01
2.58240,10.0527,-0.461509E-01
2.58301,10.0550,-0.988264E-03
2.58362,10.0574,0.192006
2.58423,10.0598,-0.545705E-01
2.58484,10.0622,0.130819
2.58545,10.0645,-0.243155E-01
2.58606,10.0669,-0.107415E-01
2.58667,10.0693,0.518755E-02
2.58728,10.0717,0.221953E-01
2.58789,10.0741,0.982838E-01
2.58850,10.0764,0.326410E-01
2.58911,10.0788,-0.125441E-01
2.58972,10.0812,0.147247E-01
2.59033,10.0836,0.681860E-01
2.59094,10.0859,0.341541E-01
2.59155,10.0883,0.104191
2.59216,10.0907,0.175622E-01
2.59277,10.0931,0.286232E-01
2.59338,10.0954,-0.106835E-01
2.59399,10.0978,-0.430775E-01
2.59460,10.1002,-0.665070E-01
2.59521,10.1026,0.125571
2.59583,10.1049,-0.341478E-01
2.59644,10.1073,0.185939E-02
2.59705,10.1097,0.711921E-01
2.59766,10.1121,0.102149
2.59827,10.1144,-0.607809E-01
2.59888,10.1168,0.334078E-01
2.59949,10.1192,-0.203241E-02
2.60010,10.1216,0.105085E-01
2.60071,10.1239,0.224105E-01
2.60132,10.1263,-0.295676E-01
2.60193,10.1287,-0.221328E-01
2.60254,10.1311,-0.125400E-01
2.60315,10.1334,-0.656602E-01
2.60376,10.1358,0.357698E-01
2.60437,10.1382,-0.793461E-01
2.60498,10.1406,-0.342167E-01
2.60559,10.1430,0.178904
2.60620,10.1453,0.249959
2.60681,10.1477,0.696182E-02
2.60742,10.1501,0.939213E-01
2.60803,10.1525,-0.463824E-01
2.60864,10.1548,0.107058
2.60925,10.1572,-0.105833E-01
2.60986,10.1596,0.170055
2.61047,10.1620,-0.361538E-01
2.61108,10.1643,0.852172E-01
2.61169,10.1667,-0.213872
2.61230,10.1691,0.998030E-01
2.61292,10.1715,0.624973E-01
2.61353,10.1738,-0.972097E-01
2.61414,10.1762,0.126331
2.61475,10.1786,-0.722600E-01
2.61536,10.1810,0.110572
2.61597,10.1833,-0.240479E-01
2.61658,10.1857,0.266796
2.61719,10.1881,0.134014
2.61780,10.1905,0.792790E-02
2.61841,10.1928,0.910257E-01
2.61902,10.1952,-0.117094
2.61963,10.1976,0.484098E-01
2.62024,10.2000,-0.474713E-02
2.62085,10.2024,-0.255739E-01
2.62146,10.2047,-0.322125E-01
2.62207,10.2071,-0.906544E-01
2.62268,10.2095,0.323623E-02
2.62329,10.2119,0.104107E-01
2.62390,10.2142,0.401034E-01
2.62451,10.2166,0.224127E-01
2.62512,10.2190,0.850089E-01
2.62573,10.2214,-0.296418E-01
2.62634,10.2237,0.189668
2.62695,10.2261,0.102529
2.62756,10.2285,0.766617E-01
2.62817,10.2309,0.374498E-01
2.62878,10.2332,0.462067E-01
2.62939,10.2356,0.240171
2.63000,10.2380,-0.112595E-01
2.63062,10.2404,0.538062E-02
2.63123,10.2427,0.261053E-01
2.63184,10.2451,-0.133760
2.63245,10.2475,0.768846E-01
2.63306,10.2499,0.187962
2.63367,10.2522,-0.579880E-01
2.63428,10.2546,-0.641630E-01
2.63489,10.2570,0.491514E-01
2.63550,10.2594,0.153422
2.63611,10.2618,0.240837
2.63672,10.2641,-0.240514E-01
2.63733,10.2665,0.102098
2.63794,10.2689,0.187318
2.63855,10.2713,0.206642
2.63916,10.2736,0.356531E-01
2.63977,10.2760,-0.559218E-01
2.64038,10.2784,0.301656E-01
2.64099,10.2808,0.279091E-01
2.64160,10.2831,0.124927
2.64221,10.2855,-0.174906E-01
2.64282,10.2879,0.116265E-01
2.64343,10.2903,0.255884E-01
2.64404,10.2926,0.302685E-01
2.64465,10.2950,0.709557E-02
2.64526,10.2974,0.131023E-01
2.64587,10.2998,0.125715
2.64648,10.3021,0.601050E-01
2.64709,10.3045,-0.138978E-01
2.64771,10.3069,0.625697E-01
2.64832,10.3093,0.244527E-01
2.64893,10.3116,0.378983E-01
2.64954,10.3140,0.964663E-02
2.65015,10.3164,-0.395874E-01
2.65076,10.3188,0.420958E-01
2.65137,10.3211,0.223859
2.65198,10.3235,0.500414E-01
2.65259,10.3259,0.791451E-02
2.65320,10.3283,0.621335E-01
2.65381,10.3307,-0.834046E-02
2.65442,10.3330,0.102489
2.65503,10.3354,0.145238
2.65564,10.3378,-0.369977E-01
2.65625,10.3402,0.512373E-01
2.65686,10.3425,-0.575074E-02
2.65747,10.3449,-0.379497E-01
2.65808,10.3473,0.433873E-01
2.65869,10.3497,0.143389
2.65930,10.3520,-0.738550E-02
2.65991,10.3544,-0.925598E-01
2.66052,10.3568,-0.161423
2.66113,10.3592,-0.162086
2.66174,10.3615,-0.413526E-01
2.66235,10.3639,0.159351E-01
2.66296,10.3663,0.881782E-01
2.66357,10.3687,0.459630E-01
2.66418,10.3710,-0.110647E-01
2.66479,10.3734,0.124659
2.66541,10.3758,0.281382E-01
2.66602,10.3782,-0.676270E-01
2.66663,10.3805,0.543501E-02
2.66724,10.3829,0.459913E-01
2.66785,10.3853,-0.104269
2.66846,10.3877,0.262699E-01
2.66907,10.3901,0.139375
2.66968,10.3924,-0.741060E-03
2.67029,10.3948,0.427551E-01
2.67090,10.3972,0.269933E-01
2.67151,10.3996,-0.244109E-01
2.67212,10.4019,0.108933
2.67273,10.4043,0.304167
2.67334,10.4067,0.132027
2.67395,10.4091,0.588141E-01
2.67456,10.4114,-0.449996E-02
2.67517,10.4138,0.731019E-01
2.67578,10.4162,-0.864347E-01
2.67639,10.4186,-0.369287E-01
2.67700,10.4209,0.570416E-01
2.67761,10.4233,0.116873E-01
2.67822,10.4257,-0.536842E-01
2.67883,10.4281,-0.135728
2.67944,10.4304,-0.107656E-01
2.68005,10.4328,0.604044E-01
2.68066,10.4352,0.271624E-01
2.68127,10.4376,0.785872E-01
2.68188,10.4399,-0.671412E-02
2.68250,10.4423,-0.253738E-03
2.68311,10.4447,0.411599
2.68372,10.4471,-0.307209E-02
2.68433,10.4495,0.595659E-01
2.68494,10.4518,-0.735362E-02
2.68555,10.4542,0.149915
2.68616,10.4566,-0.348970E-01
2.68677,10.4590,-0.415357E-01
2.68738,10.4613,0.814042E-01
2.68799,10.4637,0.858146E-01
2.68860,10.4661,0.133891
2.68921,10.4685,0.119359
2.68982,10.4708,0.878416E-01
2.69043,10.4732,-0.280077E-01
2.69104,10.4756,0.157685
2.69165,10.4780,0.359893
2.69226,10.4803,0.117883
2.69287,10.4827,-0.424108E-01
2.69348,10.4851,0.653510E-02
2.69409,10.4875,0.105041
2.69470,10.4898,-0.234434E-01
2.69531,10.4922,0.734218E-01
2.69592,10.4946,-0.179625E-01
2.69653,10.4970,0.380765E-01
2.69714,10.4993,0.270518
2.69775,10.5017,-0.568638E-01
2.69836,10.5041,0.152488E-01
2.69897,10.5065,0.122617
2.69958,10.5088,-0.768037E-01
2.70020,10.5112,0.940245E-02
2.70081,10.5136,0.166583E-01
2.70142,10.5160,0.305040E-01
2.70203,10.5184,-0.101646
2.70264,10.5207,0.112261
2.70325,10.5231,0.894939E-01
2.70386,10.5255,-0.161647E-01
2.70447,10.5279,0.931354E-02
2.70508,10.5302,0.537179E-02
2.70569,10.5326,-0.392405E-01
2.70630,10.5350,0.679945E-01
2.70691,10.5374,0.910324E-02
2.70752,10.5397,0.403823E-01
2.70813,10.5421,0.473500E-01
2.70874,10.5445,-0.817595E-02
2.70935,10.5469,0.335587
2.70996,10.5492,0.108524E-01
2.71057,10.5516,-0.439904E-01
2.71118,10.5540,0.182275E-01
2.71179,10.5564,-0.258869E-01
2.71240,10.5587,-0.516272E-02
2.71301,10.5611,0.395678E-01
2.71362,10.5635,0.149871
2.71423,10.5659,-0.362155E-01
2.71484,10.5682,-0.137859
2.71545,10.5706,-0.140312E-01
2.71606,10.5730,0.541419E-01
2.71667,10.5754,0.159286
2.71729,10.5778,0.220116E-02
2.71790,10.5801,-0.156257
2.71851,10.5825,-0.774332E-01
2.71912,10.5849,-0.991485E-01
2.71973,10.5873,0.169642
2.72034,10.5896,-0.655360E-01
2.72095,10.5920,0.259543E-01
2.72156,10.5944,-0.407608E-01
2.72217,10.5968,-0.362270E-01
2.72278,10.5991,-0.886535E-02
2.72339,10.6015,0.342270E-01
2.72400,10.6039,0.184372E-02
2.72461,10.6063,0.234805E-01
2.72522,10.6086,-0.293742E-01
2.72583,10.6110,-0.218468
2.72644,10.6134,0.646925E-01
2.72705,10.6158,0.123740E-01
2.72766,10.6181,-0.116354E-01
2.72827,10.6205,0.603174E-01
2.72888,10.6229,-0.838864E-01
2.72949,10.6253,-0.332549E-02
2.73010,10.6276,0.133862
2.73071,10.6300,0.112998
2.73132,10.6324,0.851921E-01
2.73193,10.6348,0.544297E-02
2.73254,10.6372,-0.200846E-01
2.73315,10.6395,0.109175
2.73376,10.6419,-0.200992
2.73438,10.6443,0.804825E-02
2.73499,10.6467,0.860937E-02
2.73560,10.6490,-0.807362E-01
2.73621,10.6514,0.401389E-01
2.73682,10.6538,0.441337E-01
2.73743,10.6562,0.376543E-01
2.73804,10.6585,-0.196753E-01
2.73865,10.6609,0.213956E-01
2.73926,10.6633,0.593651E-01
2.73987,10.6657,-0.133434E-01
2.74048,10.6680,-0.112355E-01
2.74109,10.6704,0.156762E-01
2.74170,10.6728,0.736227E-01
2.74231,10.6752,0.123935
2.74292,10.6775,-0.179516E-01
2.74353,10.6799,-0.798023E-02
2.74414,10.6823,-0.770120E-01
2.74475,10.6847,-0.850398E-01
2.74536,10.6870,0.137681E-02
2.74597,10.6894,0.307034E-01
2.74658,10.6918,-0.768176E-01
2.74719,10.6942,0.214635E-01
2.74780,10.6966,0.847491E-02
2.74841,10.6989,0.928420E-01
2.74902,10.7013,0.890737E-04
2.74963,10.7037,0.915407E-02
2.75024,10.7061,-0.304746E-02
2.75085,10.7084,-0.105950
2.75146,10.7108,0.854960E-01
2.75208,10.7132,0.101059
2.75269,10.7156,0.811423E-01
2.75330,10.7179,-0.380500E-01
2.75391,10.7203,-0.412920E-02
2.75452,10.7227,0.212097E-01
2.75513,10.7251,-0.291189E-03
2.75574,10.7274,0.148458
2.75635,10.7298,0.428358E-02
2.75696,10.7322,-0.348890E-02
2.75757,10.7346,0.107313E-01
2.75818,10.7369,-0.909956E-02
2.75879,10.7393,0.105710
2.75940,10.7417,-0.215279E-01
2.76001,10.7441,-0.127866E-03
2.76062,10.7464,-0.556084E-01
2.76123,10.7488,0.340648E-01
2.76184,10.7512,0.214126
2.76245,10.7536,0.215934E-01
2.76306,10.7559,0.161994
2.76367,10.7583,0.715554E-02
2.76428,10.7607,0.166855
2.76489,10.7631,0.338505E-01
2.76550,10.7655,0.449706E-01
2.76611,10.7678,0.311872E-01
2.76672,10.7702,-0.102428
2.76733,10.7726,0.281754E-01
2.76794,10.7750,-0.412274E-01
2.76855,10.7773,0.936593E-01
2.76917,10.7797,0.429115E-01
2.76978,10.7821,-0.991159E-01
2.77039,10.7845,0.766280E-02
2.77100,10.7868,-0.755092E-01
2.77161,10.7892,0.165755
2.77222,10.7916,-0.925669E-02
2.77283,10.7940,0.185832
2.77344,10.7963,-0.790171E-02
2.77405,10.7987,0.609893E-01
2.77466,10.8011,-0.998408E-02
2.77527,10.8035,-0.472102E-01
2.77588,10.8058,-0.124553
2.77649,10.8082,0.175620
2.77710,10.8106,0.844043E-01
2.77771,10.8130,0.190884E-01
2.77832,10.8153,0.398158E-01
2.77893,10.8177,-0.761295E-03
2.77954,10.8201,0.568263E-01
2.78015,10.8225,0.142312
2.78076,10.8249,-0.200943
2.78137,10.8272,-0.660627E-01
2.78198,10.8296,0.259258E-01
2.78259,10.8320,0.518965E-01
2.78320,10.8344,0.183539
2.78381,10.8367,0.207064E-01
2.78442,10.8391,0.171350
2.78503,10.8415,0.931808E-01
2.78564,10.8439,-0.113728
2.78625,10.8462,0.178467E-01
2.78687,10.8486,0.338259
2.78748,10.8510,-0.226675E-01
2.78809,10.8534,-0.876241E-01
2.78870,10.8557,0.151534
2.78931,10.8581,-0.653630E-01
2.78992,10.8605,0.801245E-01
2.79053,10.8629,0.206162
2.79114,10.8652,0.831829E-02
2.79175,10.8676,0.309667E-01
2.79236,10.8700,-0.109107E-01
2.79297,10.8724,-0.108088E-01
2.79358,10.8747,0.246063
2.79419,10.8771,0.108548
2.79480,10.8795,-0.116020E-02
2.79541,10.8819,0.443041E-01
2.79602,10.8843,-0.154800E-01
2.79663,10.8866,-0.222445E-01
2.79724,10.8890,-0.186923E-01
2.79785,10.8914,-0.559095E-01
2.79846,10.8938,0.296561E-02
2.79907,10.8961,0.104231
2.79968,10.8985,0.567631E-01
2.80029,10.9009,-0.216346E-02
2.80090,10.9033,0.128612E-02
2.80151,10.9056,0.124710E-01
2.80212,10.9080,0.475320E-01
2.80273,10.9104,-0.801188E-01
2.80334,10.9128,0.196926
2.80396,10.9151,-0.448240E-01
2.80457,10.9175,-0.394272E-02
2.80518,10.9199,0.321581E-01
2.80579,10.9223,0.539890E-01
2.80640,10.9246,0.103787
2.80701,10.9270,0.264965E-01
2.80762,10.9294,0.987498E-01
2.80823,10.9318,-0.524554E-02
2.80884,10.9341,0.537214E-01
2.80945,10.9365,-0.251829E-01
2.81006,10.9389,0.538043E-01
2.81067,10.9413,-0.109957
2.81128,10.9436,-0.533110E-01
2.81189,10.9460,-0.370751E-01
2.81250,10.9484,-0.198913E-01
2.81311,10.9508,0.433867E-02
2.81372,10.9532,0.220261
2.81433,10.9555,0.194632E-01
2.81494,10.9579,-0.386190E-01
2.81555,10.9603,0.138546
2.81616,10.9627,0.184792E-01
2.81677,10.9650,-0.496001E-02
2.81738,10.9674,0.372821E-01
2.81799,10.9698,-0.351958E-01
2.81860,10.9722,0.234123
2.81921,10.9745,0.215074E-01
2.81982,10.9769,-0.173355E-01
2.82043,10.9793,0.243651E-01
2.82104,10.9817,0.324439E-02
2.82166,10.9840,0.912337E-02
2.82227,10.9864,0.118962E-01
2.82288,10.9888,-0.495316E-01
2.82349,10.9912,0.792436E-01
2.82410,10.9935,-0.348873E-02
2.82471,10.9959,0.826534E-01
2.82532,10.9983,-0.175603E-01
2.82593,11.0007,-0.937588E-01
2.82654,11.0030,-0.874677E-02
2.82715,11.0054,0.601850E-02
2.82776,11.0078,0.986459E-01
2.82837,11.0102,0.154768E-01
2.82898,11.0126,0.151674E-01
2.82959,11.0149,0.485092E-01
2.83020,11.0173,0.154630E-01
2.83081,11.0197,0.204007E-01
2.83142,11.0221,-0.604407E-03
2.83203,11.0244,0.588088E-01
2.83264,11.0268,-0.421998E-01
2.83325,11.0292,-0.238753E-01
2.83386,11.0316,-0.205910E-01
2.83447,11.0339,0.401742E-01
2.83508,11.0363,-0.297740E-01
2.83569,11.0387,-0.973081E-02
2.83630,11.0411,0.459478E-01
2.83691,11.0434,0.330912E-01
2.83752,11.0458,-0.154456E-01
2.83813,11.0482,0.151838E-01
2.83875,11.0506,-0.994974E-02
2.83936,11.0529,0.228107
2.83997,11.0553,-0.450923E-01
2.84058,11.0577,0.328312
2.84119,11.0601,0.174489
2.84180,11.0624,0.129999
2.84241,11.0648,-0.534599E-04
2.84302,11.0672,0.125506E-01
2.84363,11.0696,0.599089E-01
2.84424,11.0720,0.792305E-01
2.84485,11.0743,0.483255E-01
2.84546,11.0767,-0.555221E-01
2.84607,11.0791,0.612104E-01
2.84668,11.0815,-0.770961E-01
2.84729,11.0838,-0.123516
2.84790,11.0862,-0.124300
2.84851,11.0886,0.334761E-01
2.84912,11.0910,-0.699959E-01
2.84973,11.0933,-0.605452E-01
2.85034,11.0957,0.294460E-01
2.85095,11.0981,-0.167526E-01
2.85156,11.1005,-0.302484E-01
2.85217,11.1028,-0.274008E-01
2.85278,11.1052,0.117559
2.85339,11.1076,0.197694
2.85400,11.1100,0.422319E-03
2.85461,11.1123,0.707138E-02
2.85522,11.1147,0.487769E-01
2.85583,11.1171,-0.269228E-01
2.85645,11.1195,-0.153803E-01
2.85706,11.1218,0.149840E-02
2.85767,11.1242,0.943023E-03
2.85828,11.1266,-0.126895
2.85889,11.1290,-0.210262E-01
2.85950,11.1314,-0.877948E-02
2.86011,11.1337,0.110873E-01
2.86072,11.1361,-0.159690
2.86133,11.1385,-0.487547E-01
2.86194,11.1409,0.110665
2.86255,11.1432,-0.229706
2.86316,11.1456,-0.120700E-01
2.86377,11.1480,0.203578E-01
2.86438,11.1504,-0.775383E-01
2.86499,11.1527,-0.593128E-02
2.86560,11.1551,0.868716E-01
2.86621,11.1575,-0.153208E-01
2.86682,11.1599,0.357097E-02
2.86743,11.1622,0.182868E-01
2.86804,11.1646,0.996752E-01
2.86865,11.1670,0.332754E-01
2.86926,11.1694,-0.163346E-01
2.86987,11.1717,-0.268029E-01
2.87048,11.1741,0.479064E-02
2.87109,11.1765,-0.134800E-02
2.87170,11.1789,-0.252890E-01
2.87231,11.1812,-0.107913E-01
2.87292,11.1836,-0.909466E-01
2.87354,11.1860,-0.197735E-01
2.87415,11.1884,0.986422E-01
2.87476,11.1907,0.217849
2.87537,11.1931,0.360937E-01
2.87598,11.1955,-0.425996E-02
2.87659,11.1979,-0.644828E-01
2.87720,11.2003,-0.935077E-02
2.87781,11.2026,0.974966E-01
2.87842,11.2050,-0.295754E-02
2.87903,11.2074,-0.149662E-02
2.87964,11.2098,0.155526
2.88025,11.2121,0.425076E-01
2.88086,11.2145,0.114546E-02
2.88147,11.2169,-0.277588E-01
2.88208,11.2193,-0.216033E-01
2.88269,11.2216,0.254542E-01
2.88330,11.2240,0.138791
2.88391,11.2264,0.656577E-02
2.88452,11.2288,0.567591E-01
2.88513,11.2311,-0.957794E-01
2.88574,11.2335,0.482640E-01
2.88635,11.2359,-0.937326E-01
2.88696,11.2383,-0.255648E-01
2.88757,11.2406,-0.416699E-01
2.88818,11.2430,-0.288237E-01
2.88879,11.2454,0.839085E-01
2.88940,11.2478,-0.714297E-01
2.89001,11.2501,-0.168982E-02
2.89062,11.2525,0.210697
2.89124,11.2549,0.314560E-01
2.89185,11.2573,0.679334E-01
2.89246,11.2597,-0.561369E-01
2.89307,11.2620,0.383618E-01
2.89368,11.2644,0.580396E-01
2.89429,11.2668,0.749529E-01
2.89490,11.2692,-0.314939E-01
2.89551,11.2715,0.121043
2.89612,11.2739,-0.441585E-01
2.89673,11.2763,0.165801E-01
2.89734,11.2787,0.108227
2.89795,11.2810,0.166331
2.89856,11.2834,0.781632E-01
2.89917,11.2858,0.306719E-01
2.89978,11.2882,-0.600035E-01
2.90039,11.2905,0.612999E-01
2.90100,11.2929,0.263776E-01
2.90161,11.2953,0.120159
2.90222,11.2977,0.394145E-02
2.90283,11.3000,0.258506
2.90344,11.3024,-0.168318E-01
2.90405,11.3048,-0.683450E-01
2.90466,11.3072,0.137584
2.90527,11.3095,-0.385391E-04
2.90588,11.3119,-0.182815E-01
2.90649,11.3143,0.130526
2.90710,11.3167,0.816552E-02
2.90771,11.3191,-0.870101E-01
2.90833,11.3214,-0.394894E-01
2.90894,11.3238,0.151561
2.90955,11.3262,-0.113929
2.91016,11.3286,0.138264
2.91077,11.3309,0.762809E-01
2.91138,11.3333,-0.469633E-01
2.91199,11.3357,0.924157E-01
2.91260,11.3381,0.294145E-01
2.91321,11.3404,0.615956E-02
2.91382,11.3428,-0.123678E-01
2.91443,11.3452,-0.201242E-01
2.91504,11.3476,0.102050E-01
2.91565,11.3499,0.150361E-01
2.91626,11.3523,0.276836E-01
2.91687,11.3547,-0.116227
2.91748,11.3571,-0.829119E-01
2.91809,11.3594,-0.756634E-01
2.91870,11.3618,0.105629
2.91931,11.3642,0.432499E-02
2.91992,11.3666,0.462339E-01
2.92053,11.3689,0.226387E-01
2.92114,11.3713,0.570053E-01
2.92175,11.3737,0.831990E-01
2.92236,11.3761,-0.312127E-02
2.92297,11.3784,-0.711740E-01
2.92358,11.3808,-0.381624E-01
2.92419,11.3832,0.701754E-01
2.92480,11.3856,-0.299677E-01
2.92542,11.3880,-0.478891E-01
2.92603,11.3903,0.159272
2.92664,11.3927,0.271032E-01
2.92725,11.3951,0.111225E-01
2.92786,11.3975,0.303891E-01
2.92847,11.3998,0.261520E-01
2.92908,11.4022,-0.712324E-02
2.92969,11.4046,0.529432E-01
2.93030,11.4070,-0.203909E-01
2.93091,11.4093,-0.719219E-01
2.93152,11.4117,-0.538137E-02
2.93213,11.4141,0.115726
2.93274,11.4165,-0.787506E-03
2.93335,11.4188,-0.506770E-01
2.93396,11.4212,-0.492867E-01
2.93457,11.4236,0.142602
2.93518,11.4260,0.663055E-01
2.93579,11.4283,0.856571E-02
2.93640,11.4307,0.951320E-03
2.93701,11.4331,-0.106856
2.93762,11.4355,0.236493E-01
2.93823,11.4378,-0.137599
2.93884,11.4402,-0.633122E-02
2.93945,11.4426,0.592474E-01
2.94006,11.4450,0.816184E-01
2.94067,11.4474,0.324292E-01
2.94128,11.4497,0.100949
2.94189,11.4521,0.145082E-01
2.94250,11.4545,0.662276E-01
2.94312,11.4569,0.146888
2.94373,11.4592,0.620328E-01
2.94434,11.4616,0.935467E-01
2.94495,11.4640,-0.562460E-01
2.94556,11.4664,0.683190E-01
2.94617,11.4687,-0.196256E-01
2.94678,11.4711,-0.651893E-01
2.94739,11.4735,-0.487413E-02
2.94800,11.4759,0.371319E-01
2.94861,11.4782,0.447198E-01
2.94922,11.4806,0.363605E-01
2.94983,11.4830,-0.738566E-01
2.95044,11.4854,-0.948555E-01
2.95105,11.4877,-0.128793E-01
2.95166,11.4901,0.179602E-01
2.95227,11.4925,-0.558009E-01
2.95288,11.4949,0.174084
2.95349,11.4972,-0.187376E-01
2.95410,11.4996,-0.859576E-01
2.95471,11.5020,-0.223615E-03
2.95532,11.5044,-0.536763E-01
2.95593,11.5068,-0.320410E-02
2.95654,11.5091,-0.168212E-01
2.95715,11.5115,0.673421E-01
2.95776,11.5139,0.303437E-01
2.95837,11.5163,0.979277E-01
2.95898,11.5186,0.272943E-01
2.95959,11.5210,-0.433057E-02
2.96021,11.5234,0.478367E-01
2.96082,11.5258,0.557634E-01
2.96143,11.5281,0.583658E-01
2.96204,11.5305,0.583416E-01
2.96265,11.5329,-0.194274E-01
2.96326,11.5353,-0.323063E-01
2.96387,11.5376,-0.382329E-01
2.96448,11.5400,-0.326494E-01
2.96509,11.5424,-0.397299E-01
2.96570,11.5448,-0.702386E-02
2.96631,11.5471,0.300110E-01
2.96692,11.5495,0.187122E-01
2.96753,11.5519,0.998802E-01
2.96814,11.5543,0.326912E-01
2.96875,11.5566,-0.345240E-01
2.96936,11.5590,0.662282E-01
2.96997,11.5614,-0.206437E-02
2.97058,11.5638,-0.234208E-01
2.97119,11.5661,0.404748E-01
2.97180,11.5685,-0.506352E-02
2.97241,11.5709,-0.272996E-01
2.97302,11.5733,0.101625
2.97363,11.5757,-0.116557
2.97424,11.5780,0.316107E-01
2.97485,11.5804,-0.269063E-01
2.97546,11.5828,-0.579695E-01
2.97607,11.5852,-0.258943E-01
2.97668,11.5875,0.273357E-01
2.97729,11.5899,-0.192901E-01
2.97791,11.5923,0.171972E-01
2.97852,11.5947,-0.181383E-01
2.97913,11.5970,-0.203169E-02
2.97974,11.5994,0.664625E-01
2.98035,11.6018,0.425205E-01
2.98096,11.6042,0.189135
2.98157,11.6065,-0.107909
2.98218,11.6089,0.334580E-01
2.98279,11.6113,-0.122971E-01
2.98340,11.6137,0.487277E-02
2.98401,11.6160,0.246342E-01
2.98462,11.6184,-0.302335E-01
2.98523,11.6208,-0.230581
2.98584,11.6232,-0.219466
2.98645,11.6255,0.221472E-01
2.98706,11.6279,-0.570331E-01
2.98767,11.6303,-0.376087E-01
2.98828,11.6327,0.722388E-01
2.98889,11.6351,0.122805
2.98950,11.6374,0.149262E-01
2.99011,11.6398,0.506194E-01
2.99072,11.6422,-0.156903
2.99133,11.6446,-0.856521E-01
2.99194,11.6469,0.143916E-01
2.99255,11.6493,-0.745974E-01
2.99316,11.6517,-0.118245
2.99377,11.6541,-0.604181E-02
2.99438,11.6564,0.129522
2.99500,11.6588,0.293629
2.99561,11.6612,0.323981E-01
2.99622,11.6636,-0.128397
2.99683,11.6659,0.123530
2.99744,11.6683,0.148379E-01
2.99805,11.6707,-0.159174
2.99866,11.6731,-0.335656E-01
2.99927,11.6754,0.185708E-01
2.99988,11.6778,-0.108238
3.00049,11.6802,0.105961
3.00110,11.6826,-0.374928E-02
3.00171,11.6849,-0.624810E-01
3.00232,11.6873,-0.902466E-01
3.00293,11.6897,-0.509826E-01
3.00354,11.6921,-0.561677E-01
3.00415,11.6945,-0.203900E-01
3.00476,11.6968,-0.638700E-01
3.00537,11.6992,0.692670E-02
3.00598,11.7016,0.215750
3.00659,11.7040,-0.239404E-01
3.00720,11.7063,-0.300899E-02
3.00781,11.7087,-0.656320E-01
3.00842,11.7111,0.788743E-01
3.00903,11.7135,-0.126713E-02
3.00964,11.7158,-0.625030E-01
3.01025,11.7182,-0.259570E-02
3.01086,11.7206,-0.495575E-01
3.01147,11.7230,-0.109305
3.01208,11.7253,0.184972E-01
3.01270,11.7277,0.170755
3.01331,11.7301,0.860829E-01
3.01392,11.7325,-0.202829E-01
3.01453,11.7348,-0.104984
3.01514,11.7372,-0.157406E-01
3.01575,11.7396,-0.491549E-01
3.01636,11.7420,-0.159267E-01
3.01697,11.7443,0.284545E-02
3.01758,11.7467,-0.242446
3.01819,11.7491,-0.726417E-01
3.01880,11.7515,-0.567608E-02
3.01941,11.7539,0.108342
3.02002,11.7562,-0.125808E-01
3.02063,11.7586,-0.346623E-01
3.02124,11.7610,0.906093E-01
3.02185,11.7634,0.199408E-02
3.02246,11.7657,-0.284318E-01
3.02307,11.7681,-0.160472
3.02368,11.7705,0.431159E-02
3.02429,11.7729,-0.610014E-01
3.02490,11.7752,0.160890
3.02551,11.7776,0.536623E-01
3.02612,11.7800,0.105538
3.02673,11.7824,-0.137943E-02
3.02734,11.7847,0.523842E-01
3.02795,11.7871,-0.552166E-01
3.02856,11.7895,-0.215273
3.02917,11.7919,-0.120385E-01
3.02979,11.7942,0.143968
3.03040,11.7966,0.134278
3.03101,11.7990,0.471622E-01
3.03162,11.8014,0.113630
3.03223,11.8037,-0.808707E-01
3.03284,11.8061,-0.595276E-02
3.03345,11.8085,-0.263394E-01
3.03406,11.8109,-0.931661E-01
3.03467,11.8132,0.718316E-01
3.03528,11.8156,0.228035E-01
3.03589,11.8180,0.143335E-01
3.03650,11.8204,0.504513E-01
3.03711,11.8228,0.955550E-02
3.03772,11.8251,-0.442601E-01
3.03833,11.8275,0.272382
3.03894,11.8299,0.419674E-01
3.03955,11.8323,0.163259E-01
3.04016,11.8346,0.701915E-01
3.04077,11.8370,-0.158146
3.04138,11.8394,-0.243052E-01
3.04199,11.8418,0.193300E-01
3.04260,11.8441,-0.297357E-01
3.04321,11.8465,0.365213E-01
3.04382,11.8489,0.703383E-01
3.04443,11.8513,-0.170521
3.04504,11.8536,-0.351808E-01
3.04565,11.8560,0.158636E-02
3.04626,11.8584,-0.960762E-02
3.04688,11.8608,-0.183975E-02
3.04749,11.8631,-0.382843E-01
3.04810,11.8655,-0.206793E-01
3.04871,11.8679,0.334294E-01
3.04932,11.8703,-0.105307
3.04993,11.8726,-0.954916E-02
3.05054,11.8750,0.382983E-01
3.05115,11.8774,0.907147E-01
3.05176,11.8798,0.508352E-01
3.05237,11.8822,-0.125066E-01
3.05298,11.8845,0.946606E-01
3.05359,11.8869,0.304467E-01
3.05420,11.8893,0.113713E-02
3.05481,11.8917,-0.117037
3.05542,11.8940,-0.155683E-01
3.05603,11.8964,0.859367E-01
3.05664,11.8988,-0.102391
3.05725,11.9012,0.126195
3.05786,11.9035,0.468592E-01
3.05847,11.9059,0.153988
3.05908,11.9083,0.914165E-01
3.05969,11.9107,-0.588019E-02
3.06030,11.9130,-0.144839
3.06091,11.9154,-0.112406E-01
3.06152,11.9178,-0.428678E-02
3.06213,11.9202,0.773030E-01
3.06274,11.9225,-0.303943E-01
3.06335,11.9249,-0.136356
3.06396,11.9273,0.135186E-01
3.06458,11.9297,0.508685E-01
3.06519,11.9320,0.210440E-01
3.06580,11.9344,0.122072
3.06641,11.9368,0.597121E-01
3.06702,11.9392,-0.251757E-01
3.06763,11.9416,0.552860E-01
3.06824,11.9439,0.149074E-01
3.06885,11.9463,0.697513E-01
3.06946,11.9487,-0.126115
3.07007,11.9511,-0.293803E-02
3.07068,11.9534,0.549857
3.07129,11.9558,0.209160E-01
3.07190,11.9582,0.103386
3.07251,11.9606,-0.171641E-01
3.07312,11.9629,0.122384E-02
3.07373,11.9653,-0.982240E-03
3.07434,11.9677,0.428516E-02
3.07495,11.9701,0.841880E-01
3.07556,11.9724,-0.856959E-01
3.07617,11.9748,-0.149174
3.07678,11.9772,0.586706E-01
3.07739,11.9796,-0.324195E-01
3.07800,11.9819,-0.222413E-02
3.07861,11.9843,-0.481845E-01
3.07922,11.9867,0.133022E-01
3.07983,11.9891,0.101085E-02
3.08044,11.9914,0.401365E-01
3.08105,11.9938,0.602503E-01
3.08167,11.9962,-0.199199E-01
3.08228,11.9986,0.122851
3.08289,12.0009,0.158680
3.08350,12.0033,-0.364444E-01
3.08411,12.0057,-0.241674E-01
3.08472,12.0081,0.139825
3.08533,12.0105,-0.128918
3.08594,12.0128,0.415581E-01
3.08655,12.0152,0.657412E-01
3.08716,12.0176,0.599885E-01
3.08777,12.0200,0.196565
3.08838,12.0223,-0.371720E-01
3.08899,12.0247,0.116741E-01
3.08960,12.0271,0.602895E-01
3.09021,12.0295,0.488126E-01
3.09082,12.0318,-0.267073E-01
3.09143,12.0342,-0.299153E-01
3.09204,12.0366,0.524164E-01
3.09265,12.0390,0.144085
3.09326,12.0413,0.140343E-01
3.09387,12.0437,0.390384E-01
3.09448,12.0461,0.417580E-01
3.09509,12.0485,0.433794E-01
3.09570,12.0508,0.299249E-01
3.09631,12.0532,-0.144486E-01
3.09692,12.0556,0.163410E-01
3.09753,12.0580,0.204229E-01
3.09814,12.0603,-0.275678E-01
3.09875,12.0627,0.203706
3.09937,12.0651,0.200386
3.09998,12.0675,0.152741E-01
3.10059,12.0699,-0.168162E-01
3.10120,12.0722,0.573550E-01
3.10181,12.0746,-0.465640E-01
3.10242,12.0770,0.114774
3.10303,12.0794,-0.416660E-04
3.10364,12.0817,-0.590736E-01
3.10425,12.0841,-0.672730E-01
3.10486,12.0865,-0.343954E-01
3.10547,12.0889,0.192990E-01
3.10608,12.0912,0.104559
3.10669,12.0936,-0.185370E-01
3.10730,12.0960,-0.102960
3.10791,12.0984,0.104832
3.10852,12.1007,0.333102
3.10913,12.1031,0.117645E-01
3.10974,12.1055,0.732694E-01
3.11035,12.1079,0.227933E-01
3.11096,12.1102,-0.117698E-02
3.11157,12.1126,-0.230630E-01
3.11218,12.1150,-0.339534E-01
3.11279,12.1174,0.316889E-01
3.11340,12.1197,-0.202120E-01
3.11401,12.1221,-0.231392E-01
3.11462,12.1245,-0.288162E-01
3.11523,12.1269,0.581557E-01
3.11584,12.1293,-0.111827E-01
3.11646,12.1316,0.201885E-01
3.11707,12.1340,0.231697E-01
3.11768,12.1364,0.196131
3.11829,12.1388,-0.231029E-01
3.11890,12.1411,0.397407E-02
3.11951,12.1435,-0.102172E-01
3.12012,12.1459,0.150354
3.12073,12.1483,0.317790E-01
3.12134,12.1506,0.106383
3.12195,12.1530,0.904956E-01
3.12256,12.1554,-0.104977
3.12317,12.1578,0.194370
3.12378,12.1601,0.851831E-01
3.12439,12.1625,-0.679630E-01
3.12500,12.1649,0.637268E-02
3.12561,12.1673,-0.918062E-01
3.12622,12.1696,0.265077E-01
3.12683,12.1720,-0.365723E-01
3.12744,12.1744,0.143847
3.12805,12.1768,0.248856E-01
3.12866,12.1791,0.728069E-02
3.12927,12.1815,0.167900
3.12988,12.1839,-0.105506
3.13049,12.1863,0.239064
3.13110,12.1887,0.365357E-01
3.13171,12.1910,0.187617E-01
3.13232,12.1934,0.239621E-01
3.13293,12.1958,-0.374514E-01
3.13354,12.1982,0.134323
3.13416,12.2005,0.100088
3.13477,12.2029,-0.246435E-01
3.13538,12.2053,0.949931E-02
3.13599,12.2077,-0.718243E-01
3.13660,12.2100,0.252930E-02
3.13721,12.2124,0.219240
3.13782,12.2148,0.343072E-01
3.13843,12.2172,0.134209
3.13904,12.2195,-0.465888E-02
3.13965,12.2219,0.276398
3.14026,12.2243,0.833324E-02
3.14087,12.2267,0.153473
3.14148,12.2290,0.163884
3.14209,12.2314,0.636559E-01
3.14270,12.2338,0.639330E-02
3.14331,12.2362,-0.555653E-01
3.14392,12.2385,0.199206
3.14453,12.2409,0.493231E-01
3.14514,12.2433,0.938130E-01
3.14575,12.2457,0.951539E-02
3.14636,12.2480,0.354224E-01
3.14697,12.2504,-0.341618E-01
3.14758,12.2528,-0.315045E-01
3.14819,12.2552,-0.422801E-01
3.14880,12.2576,0.108609
3.14941,12.2599,-0.605130E-01
3.15002,12.2623,0.162747
3.15063,12.2647,-0.393442E-01
3.15125,12.2671,-0.964670E-02
3.15186,12.2694,0.727317E-01
3.15247,12.2718,-0.219400E-01
3.15308,12.2742,0.442436E-01
3.15369,12.2766,-0.219079E-01
3.15430,12.2789,0.468128E-01
3.15491,12.2813,-0.814485E-01
3.15552,12.2837,0.276182
3.15613,12.2861,0.122998
3.15674,12.2884,0.486395E-01
3.15735,12.2908,0.131967
3.15796,12.2932,0.999206E-02
3.15857,12.2956,0.816560E-01
3.15918,12.2979,-0.645059E-01
3.15979,12.3003,0.440318E-01
3.16040,12.3027,0.601716E-01
3.16101,12.3051,-0.939213E-02
3.16162,12.3074,-0.300107E-01
3.16223,12.3098,0.120092
3.16284,12.3122,0.489212E-01
3.16345,12.3146,-0.431718E-01
3.16406,12.3170,0.162741
3.16467,12.3193,0.356249
3.16528,12.3217,-0.965257E-01
3.16589,12.3241,0.377263E-01
3.16650,12.3265,0.483339E-01
3.16711,12.3288,0.110635
3.16772,12.3312,0.399523E-01
3.16833,12.3336,0.202229E-01
3.16895,12.3360,-0.216612E-01
3.16956,12.3383,-0.453934E-02
3.17017,12.3407,-0.650579E-01
3.17078,12.3431,-0.183820E-01
3.17139,12.3455,0.491268E-01
3.17200,12.3478,0.139139
3.17261,12.3502,-0.387707E-01
3.17322,12.3526,0.228923E-01
3.17383,12.3550,0.686732E-01
3.17444,12.3573,0.109523E-01
3.17505,12.3597,0.126907E-01
3.17566,12.3621,0.252846E-01
3.17627,12.3645,0.109556
3.17688,12.3668,0.236333
3.17749,12.3692,-0.198910
3.17810,12.3716,0.206604
3.17871,12.3740,-0.857770E-02
3.17932,12.3764,-0.318592
3.17993,12.3787,-0.992017E-01
3.18054,12.3811,-0.687159E-02
3.18115,12.3835,0.252167E-01
3.18176,12.3859,0.969427E-02
3.18237,12.3882,-0.431269E-02
3.18298,12.3906,-0.712379E-02
3.18359,12.3930,-0.222658E-01
3.18420,12.3954,0.334309E-01
3.18481,12.3977,-0.113261
3.18542,12.4001,-0.283663E-02
3.18604,12.4025,-0.570507E-01
3.18665,12.4049,0.766283E-02
3.18726,12.4072,0.852040E-01
3.18787,12.4096,0.464093E-01
3.18848,12.4120,-0.330831E-01
3.18909,12.4144,0.553695E-01
3.18970,12.4167,-0.642712E-01
3.19031,12.4191,0.132247E-01
3.19092,12.4215,0.116893
3.19153,12.4239,-0.154166E-01
3.19214,12.4262,0.325320
3.19275,12.4286,-0.253274E-01
3.19336,12.4310,-0.643873E-02
3.19397,12.4334,0.692259E-01
3.19458,12.4357,0.386529E-01
3.19519,12.4381,-0.166499
3.19580,12.4405,0.411584E-01
3.19641,12.4429,0.199686E-01
3.19702,12.4453,0.161548
3.19763,12.4476,-0.357715E-01
3.19824,12.4500,0.177376E-01
3.19885,12.4524,0.490842E-01
3.19946,12.4548,0.821971E-02
3.20007,12.4571,0.111785E-01
3.20068,12.4595,-0.464556E-01
3.20129,12.4619,0.802254E-02
3.20190,12.4643,0.974319E-01
3.20251,12.4666,0.225367
3.20312,12.4690,-0.261541E-01
3.20374,12.4714,-0.868139E-01
3.20435,12.4738,0.364006E-01
3.20496,12.4761,-0.119675
3.20557,12.4785,0.136777
3.20618,12.4809,-0.551013E-01
3.20679,12.4833,-0.274185E-02
3.20740,12.4856,0.366351E-01
3.20801,12.4880,0.153795
3.20862,12.4904,0.450376E-01
3.20923,12.4928,-0.765050E-02
3.20984,12.4951,-0.236827E-01
3.21045,12.4975,-0.561665E-01
3.21106,12.4999,0.417384E-01
3.21167,12.5023,0.478962
3.21228,12.5047,-0.177846E-01
3.21289,12.5070,0.259251E-01
3.21350,12.5094,0.382402E-01
3.21411,12.5118,-0.915670E-01
3.21472,12.5142,0.145411E-02
3.21533,12.5165,-0.646683E-01
3.21594,12.5189,0.238208E-01
3.21655,12.5213,0.895148E-01
3.21716,12.5237,0.151929
3.21777,12.5260,-0.446788E-02
3.21838,12.5284,-0.119951
3.21899,12.5308,0.105950E-01
3.21960,12.5332,0.468589E-01
3.22021,12.5355,-0.226796E-01
3.22083,12.5379,-0.258294E-01
3.22144,12.5403,-0.173914E-01
3.22205,12.5427,0.496802E-01
3.22266,12.5450,0.899858E-01
3.22327,12.5474,0.497524
3.22388,12.5498,-0.221954E-01
3.22449,12.5522,0.792569E-01
3.22510,12.5545,-0.768515E-01
3.22571,12.5569,0.126226E-01
3.22632,12.5593,-0.277897E-01
3.22693,12.5617,-0.200596
3.22754,12.5641,0.563488E-01
3.22815,12.5664,0.359564E-01
3.22876,12.5688,0.360387E-01
3.22937,12.5712,0.634400E-01
3.22998,12.5736,0.156536E-01
3.23059,12.5759,0.233721E-01
3.23120,12.5783,0.836046E-01
3.23181,12.5807,0.171038E-01
3.23242,12.5831,0.153461
3.23303,12.5854,-0.996322E-01
3.23364,12.5878,0.786609E-03
3.23425,12.5902,-0.174376
3.23486,12.5926,0.136150
3.23547,12.5949,-0.641715E-03
3.23608,12.5973,0.580083E-01
3.23669,12.5997,0.118177
3.23730,12.6021,0.411858E-01
3.23792,12.6044,0.221270E-01
3.23853,12.6068,0.322286E-01
3.23914,12.6092,-0.908030E-01
3.23975,12.6116,-0.241872E-01
3.24036,12.6139,-0.137574
3.24097,12.6163,0.309394
3.24158,12.6187,0.199550
3.24219,12.6211,-0.623805E-01
3.24280,12.6234,0.281055E-02
3.24341,12.6258,-0.128142E-01
3.24402,12.6282,-0.524910E-02
3.24463,12.6306,0.701069E-01
3.24524,12.6330,0.125948
3.24585,12.6353,0.718538E-02
3.24646,12.6377,0.275824E-01
3.24707,12.6401,0.409198E-01
3.24768,12.6425,0.415535E-01
3.24829,12.6448,-0.501542E-02
3.24890,12.6472,-0.470166E-02
3.24951,12.6496,0.114501
3.25012,12.6520,0.997389E-02
3.25073,12.6543,0.788511E-01
3.25134,12.6567,-0.392958E-01
3.25195,12.6591,-0.170840
3.25256,12.6615,0.346606E-02
3.25317,12.6638,-0.393451E-01
3.25378,12.6662,-0.215648E-03
3.25439,12.6686,-0.764506E-02
3.25500,12.6710,-0.832845E-01
3.25562,12.6733,0.181236
3.25623,12.6757,-0.802235E-01
3.25684,12.6781,0.832162E-01
3.25745,12.6805,0.403274E-01
3.25806,12.6828,0.139626
3.25867,12.6852,0.164528E-01
3.25928,12.6876,0.102779
3.25989,12.6900,0.160190
3.26050,12.6924,0.878281E-01
3.26111,12.6947,0.194427
3.26172,12.6971,0.111504
3.26233,12.6995,0.205874
3.26294,12.7019,0.111174
3.26355,12.7042,0.100878
3.26416,12.7066,0.176921
3.26477,12.7090,0.703555E-01
3.26538,12.7114,0.197378E-01
3.26599,12.7137,0.479774E-02
3.26660,12.7161,0.492044E-02
3.26721,12.7185,0.269976E-01
3.26782,12.7209,0.946748E-01
3.26843,12.7232,-0.394025E-02
3.26904,12.7256,-0.599083E-01
3.26965,12.7280,0.711514E-01
3.27026,12.7304,-0.166631E-01
3.27087,12.7327,-0.335194E-01
3.27148,12.7351,0.116888
3.27209,12.7375,0.137505
3.27271,12.7399,0.824838E-01
3.27332,12.7422,0.107272E-01
3.27393,12.7446,0.284828E-01
3.27454,12.7470,0.245162E-01
3.27515,12.7494,-0.951971E-01
3.27576,12.7518,0.508194E-02
3.27637,12.7541,0.224436
3.27698,12.7565,-0.133560E-01
3.27759,12.7589,0.355343E-02
3.27820,12.7613,0.127237
3.27881,12.7636,0.318354
3.27942,12.7660,-0.464279E-02
3.28003,12.7684,0.270752E-01
3.28064,12.7708,-0.260369E-01
3.28125,12.7731,0.223298E-01
3.28186,12.7755,0.185505
3.28247,12.7779,-0.195976E-01
3.28308,12.7803,-0.551303E-02
3.28369,12.7826,-0.190173E-01
3.28430,12.7850,0.118263
3.28491,12.7874,0.216932E-01
3.28552,12.7898,0.590240E-01
3.28613,12.7921,-0.330298E-02
3.28674,12.7945,0.104274E-01
3.28735,12.7969,0.483932E-01
3.28796,12.7993,0.617343E-01
3.28857,12.8016,0.125707
3.28918,12.8040,-0.385708E-02
3.28979,12.8064,0.924893E-01
3.29041,12.8088,0.140458
3.29102,12.8112,0.512470E-01
3.29163,12.8135,0.858914E-01
3.29224,12.8159,0.173124E-01
3.29285,12.8183,-0.258688E-01
3.29346,12.8207,0.296739E-01
3.29407,12.8230,0.167692
3.29468,12.8254,0.240729
3.29529,12.8278,-0.183748E-02
3.29590,12.8302,0.277982E-01
3.29651,12.8325,-0.182071E-01
3.29712,12.8349,0.744966E-01
3.29773,12.8373,0.446806E-01
3.29834,12.8397,0.394684E-01
3.29895,12.8420,0.398512E-01
3.29956,12.8444,0.211602
3.30017,12.8468,-0.530482E-02
3.30078,12.8492,-0.607490E-01
3.30139,12.8515,0.236596E-02
3.30200,12.8539,0.742525E-01
3.30261,12.8563,0.855482E-01
3.30322,12.8587,-0.544094E-01
3.30383,12.8610,0.130065
3.30444,12.8634,-0.508886E-01
3.30505,12.8658,-0.424142E-01
3.30566,12.8682,-0.407702E-02
3.30627,12.8705,0.862179E-01
3.30688,12.8729,0.224348E-01
3.30750,12.8753,0.497837E-01
3.30811,12.8777,0.324333E-01
3.30872,12.8801,-0.150816E-01
3.30933,12.8824,0.139912
3.30994,12.8848,0.242383
3.31055,12.8872,-0.221648E-01
3.31116,12.8896,0.172958E-01
3.31177,12.8919,0.315701E-01
3.31238,12.8943,-0.278094E-01
3.31299,12.8967,-0.920610E-01
3.31360,12.8991,-0.344681E-01
3.31421,12.9014,-0.130151
3.31482,12.9038,0.508300E-01
3.31543,12.9062,-0.182168E-01
3.31604,12.9086,0.373063E-01
3.31665,12.9109,-0.814875E-01
3.31726,12.9133,0.323625E-01
3.31787,12.9157,0.260996
3.31848,12.9181,0.675147E-03
3.31909,12.9204,0.576405E-01
3.31970,12.9228,-0.306294E-01
3.32031,12.9252,0.141678
3.32092,12.9276,-0.296151E-01
3.32153,12.9299,0.311280E-01
3.32214,12.9323,0.210454E-01
3.32275,12.9347,0.230907E-02
3.32336,12.9371,-0.108064E-01
3.32397,12.9395,0.111603E-01
3.32458,12.9418,0.405619E-01
3.32520,12.9442,0.438846E-01
3.32581,12.9466,0.681471E-01
3.32642,12.9490,-0.144639
3.32703,12.9513,-0.542657E-01
3.32764,12.9537,-0.150412E-01
3.32825,12.9561,0.212492
3.32886,12.9585,0.211457E-01
3.32947,12.9608,0.922243E-01
3.33008,12.9632,0.636641E-01
3.33069,12.9656,0.260349E-01
3.33130,12.9680,-0.122881E-01
3.33191,12.9703,-0.667379E-01
3.33252,12.9727,-0.387099E-02
3.33313,12.9751,-0.136181E-02
3.33374,12.9775,0.499310E-01
3.33435,12.9798,-0.143265E-02
3.33496,12.9822,-0.531564E-01
3.33557,12.9846,0.119226
3.33618,12.9870,0.115352E-01
3.33679,12.9893,-0.321735E-01
3.33740,12.9917,0.200216E-02
3.33801,12.9941,0.424947E-01
3.33862,12.9965,-0.221695E-01
3.33923,12.9989,-0.114689
3.33984,13.0012,-0.739088E-01
3.34045,13.0036,0.135652E-01
3.34106,13.0060,-0.176923E-01
3.34167,13.0084,0.148687
3.34229,13.0107,0.743091E-01
3.34290,13.0131,-0.954423E-01
3.34351,13.0155,-0.812204E-01
3.34412,13.0179,0.413852E-02
3.34473,13.0202,0.215643
3.34534,13.0226,0.114000
3.34595,13.0250,0.468953E-01
3.34656,13.0274,-0.373641E-02
3.34717,13.0297,-0.527024E-01
3.34778,13.0321,0.213109E-01
3.34839,13.0345,-0.122228E-01
3.34900,13.0369,0.131016
3.34961,13.0392,0.423999E-01
3.35022,13.0416,0.373658E-01
3.35083,13.0440,0.166235E-01
3.35144,13.0464,-0.400355E-01
3.35205,13.0487,-0.755600E-02
3.35266,13.0511,0.526607E-01
3.35327,13.0535,-0.409593E-01
3.35388,13.0559,0.170754
3.35449,13.0582,0.481723E-01
3.35510,13.0606,0.169272
3.35571,13.0630,-0.150385E-01
3.35632,13.0654,0.814828E-01
3.35693,13.0678,0.953778E-01
3.35754,13.0701,0.274868E-01
3.35815,13.0725,-0.414259E-01
3.35876,13.0749,0.526852E-01
3.35938,13.0773,0.377928E-01
3.35999,13.0796,0.416289E-01
3.36060,13.0820,0.108884
3.36121,13.0844,-0.212297E-01
3.36182,13.0868,0.304434E-01
3.36243,13.0891,0.319583E-02
3.36304,13.0915,0.538826E-01
3.36365,13.0939,-0.146483E-01
3.36426,13.0963,0.411505E-01
3.36487,13.0986,-0.772474E-01
3.36548,13.1010,-0.842570E-01
3.36609,13.1034,0.337686E-02
3.36670,13.1058,0.133486
3.36731,13.1081,0.160632
3.36792,13.1105,0.505759E-01
3.36853,13.1129,0.112999E-01
3.36914,13.1153,-0.563688E-01
3.36975,13.1176,0.247334E-01
3.37036,13.1200,0.850070E-01
3.37097,13.1224,0.152141E-01
3.37158,13.1248,-0.424066E-01
3.37219,13.1272,-0.336689E-01
3.37280,13.1295,0.122469E-01
3.37341,13.1319,0.421469E-01
3.37402,13.1343,-0.516287E-01
3.37463,13.1367,-0.439785E-01
3.37524,13.1390,0.104559
3.37585,13.1414,0.595835E-01
3.37646,13.1438,-0.432454E-01
3.37708,13.1462,0.455198E-03
3.37769,13.1485,-0.174779E-01
3.37830,13.1509,-0.147607
3.37891,13.1533,0.102263
3.37952,13.1557,0.943504E-01
3.38013,13.1580,-0.247630E-02
3.38074,13.1604,0.225057E-01
3.38135,13.1628,0.221987E-03
3.38196,13.1652,-0.156408E-01
3.38257,13.1675,0.108413E-02
3.38318,13.1699,0.185413E-01
3.38379,13.1723,0.130807E-01
3.38440,13.1747,0.575921E-01
3.38501,13.1770,0.952480E-01
3.38562,13.1794,-0.266300E-01
3.38623,13.1818,0.375819
3.38684,13.1842,-0.696292E-01
3.38745,13.1866,0.267354E-01
3.38806,13.1889,-0.838412E-02
3.38867,13.1913,0.140959E-02
3.38928,13.1937,0.152788E-01
3.38989,13.1961,-0.342685E-01
3.39050,13.1984,0.225769E-01
3.39111,13.2008,0.321699E-02
3.39172,13.2032,-0.849913E-02
3.39233,13.2056,-0.291720E-02
3.39294,13.2079,-0.115772E-01
3.39355,13.2103,-0.904800E-01
3.39417,13.2127,0.991834E-01
3.39478,13.2151,0.247146
3.39539,13.2174,-0.695336E-02
3.39600,13.2198,0.405353E-01
3.39661,13.2222,-0.623520E-01
3.39722,13.2246,-0.229016E-01
3.39783,13.2269,-0.288471E-01
3.39844,13.2293,-0.780397E-01
3.39905,13.2317,-0.493081E-02
3.39966,13.2341,0.461843E-01
3.40027,13.2364,0.551104E-01
3.40088,13.2388,0.392787E-01
3.40149,13.2412,-0.110506
3.40210,13.2436,0.396043E-01
3.40271,13.2460,0.560409E-01
3.40332,13.2483,-0.824661E-01
3.40393,13.2507,-0.339761E-01
3.40454,13.2531,0.335689
3.40515,13.2555,0.836328E-01
3.40576,13.2578,-0.157601E-01
3.40637,13.2602,0.514162E-01
3.40698,13.2626,0.818093E-01
3.40759,13.2650,0.555749E-01
3.40820,13.2673,-0.273080E-01
3.40881,13.2697,0.239929E-01
3.40942,13.2721,0.129199
3.41003,13.2745,0.297884
3.41064,13.2768,-0.204677E-01
3.41125,13.2792,-0.445164E-01
3.41187,13.2816,0.384893E-01
3.41248,13.2840,-0.164320E-01
3.41309,13.2863,0.246303E-01
3.41370,13.2887,-0.179097
3.41431,13.2911,0.151243
3.41492,13.2935,-0.373179E-01
3.41553,13.2958,0.155410
3.41614,13.2982,0.141059
3.41675,13.3006,0.191003E-01
3.41736,13.3030,0.405625E-01
3.41797,13.3053,0.407021E-01
3.41858,13.3077,0.388989E-01
3.41919,13.3101,0.210101
3.41980,13.3125,0.828743E-01
3.42041,13.3149,0.510124E-01
3.42102,13.3172,0.652578E-01
3.42163,13.3196,0.360760E-01
3.42224,13.3220,-0.216006E-01
3.42285,13.3244,0.113517
3.42346,13.3267,-0.149066
3.42407,13.3291,0.353492E-01
3.42468,13.3315,-0.125664E-01
3.42529,13.3339,-0.151279E-01
3.42590,13.3362,-0.446127E-01
3.42651,13.3386,-0.617292E-01
3.42712,13.3410,-0.289470E-01
3.42773,13.3434,-0.249678E-01
3.42834,13.3457,0.445830E-02
3.42896,13.3481,-0.317631E-01
3.42957,13.3505,0.404769
3.43018,13.3529,-0.116304E-01
3.43079,13.3552,0.103445
3.43140,13.3576,0.201267E-01
3.43201,13.3600,-0.267390E-01
3.43262,13.3624,0.466023E-01
3.43323,13.3647,0.170989
3.43384,13.3671,-0.454533E-01
3.43445,13.3695,0.499027E-02
3.43506,13.3719,-0.313269E-01
3.43567,13.3743,-0.410204E-01
3.43628,13.3766,0.405106E-02
3.43689,13.3790,0.376860E-01
3.43750,13.3814,0.174625
3.43811,13.3838,-0.868711E-01
3.43872,13.3861,0.162225E-02
3.43933,13.3885,0.504179E-01
3.43994,13.3909,0.307605E-01
3.44055,13.3933,0.611035E-01
3.44116,13.3956,0.127327E-01
3.44177,13.3980,0.456585E-01
3.44238,13.4004,0.264062E-01
3.44299,13.4028,0.272594E-01
3.44360,13.4051,0.165529E-01
3.44421,13.4075,0.224347E-01
3.44482,13.4099,-0.109289
3.44543,13.4123,0.495272E-02
3.44604,13.4146,0.429753E-01
3.44666,13.4170,-0.471746E-01
3.44727,13.4194,0.932781E-02
3.44788,13.4218,0.653608E-01
3.44849,13.4241,0.148365
3.44910,13.4265,0.110634
3.44971,13.4289,0.736124E-01
3.45032,13.4313,-0.590299E-02
3.45093,13.4337,0.723001E-01
3.45154,13.4360,0.185594
3.45215,13.4384,-0.661296E-01
3.45276,13.4408,-0.132327
3.45337,13.4432,0.153914E-03
3.45398,13.4455,-0.177534E-01
3.45459,13.4479,0.753360E-01
3.45520,13.4503,-0.144230E-01
3.45581,13.4527,0.567759E-01
3.45642,13.4550,-0.142978E-01
3.45703,13.4574,0.185651
3.45764,13.4598,-0.148345E-01
3.45825,13.4622,0.122466E-01
3.45886,13.4645,0.771284E-02
3.45947,13.4669,-0.276666E-01
3.46008,13.4693,-0.997274E-03
3.46069,13.4717,-0.775862E-01
3.46130,13.4740,0.246247E-01
3.46191,13.4764,0.126188E-01
3.46252,13.4788,-0.495451E-01
3.46313,13.4812,-0.733747E-01
3.46375,13.4835,0.172098
3.46436,13.4859,-0.114811
3.46497,13.4883,-0.117599E-01
3.46558,13.4907,-0.118714
3.46619,13.4930,0.124501
3.46680,13.4954,0.228717
3.46741,13.4978,0.138792
3.46802,13.5002,0.925356E-01
3.46863,13.5026,0.204556
3.46924,13.5049,0.390653
3.46985,13.5073,0.222987E-01
3.47046,13.5097,0.689633E-02
3.47107,13.5121,0.468903E-01
3.47168,13.5144,0.278118E-01
3.47229,13.5168,-0.109714
3.47290,13.5192,0.177551
3.47351,13.5216,0.421284E-01
3.47412,13.5239,0.710014E-01
3.47473,13.5263,0.992740E-02
3.47534,13.5287,-0.952303E-02
3.47595,13.5311,-0.294293E-01
3.47656,13.5334,0.591604E-01
3.47717,13.5358,-0.831343E-01
3.47778,13.5382,-0.324136E-01
3.47839,13.5406,0.152626
3.47900,13.5429,0.325410
3.47961,13.5453,-0.427165E-01
3.48022,13.5477,0.536205E-01
3.48083,13.5501,0.174853
3.48145,13.5524,-0.104170
3.48206,13.5548,-0.280509E-01
3.48267,13.5572,0.645113E-03
3.48328,13.5596,0.821996E-01
3.48389,13.5620,0.466485E-01
3.48450,13.5643,-0.910352E-02
3.48511,13.5667,0.141684
3.48572,13.5691,0.536376E-02
3.48633,13.5715,-0.515259E-01
3.48694,13.5738,0.331539E-03
3.48755,13.5762,-0.136006
3.48816,13.5786,0.153253
3.48877,13.5810,-0.311875E-01
3.48938,13.5833,0.677908E-01
3.48999,13.5857,0.840383E-02
3.49060,13.5881,0.438886E-01
3.49121,13.5905,-0.300133E-01
3.49182,13.5928,-0.982057E-03
3.49243,13.5952,0.219966E-01
3.49304,13.5976,0.174193
3.49365,13.6000,-0.307850E-01
3.49426,13.6023,0.418753E-02
3.49487,13.6047,0.700725E-01
3.49548,13.6071,-0.240723E-01
3.49609,13.6095,0.150363E-03
3.49670,13.6118,-0.127674
3.49731,13.6142,0.940022E-01
3.49792,13.6166,-0.350614E-01
3.49854,13.6190,-0.663721E-01
3.49915,13.6214,-0.116394
3.49976,13.6237,0.367617E-01
3.50037,13.6261,0.440228E-01
3.50098,13.6285,-0.445165E-02
3.50159,13.6309,0.458176E-01
3.50220,13.6332,0.500726E-01
3.50281,13.6356,0.448806E-01
3.50342,13.6380,0.976616E-01
3.50403,13.6404,0.302937E-01
3.50464,13.6427,-0.604273E-02
3.50525,13.6451,-0.158570E-01
3.50586,13.6475,0.209570
3.50647,13.6499,0.341359E-01
3.50708,13.6522,-0.171269E-01
3.50769,13.6546,0.582988E-01
3.50830,13.6570,0.150111
3.50891,13.6594,0.654165E-01
3.50952,13.6617,0.684008E-01
3.51013,13.6641,0.359412E-01
3.51074,13.6665,0.628576E-02
3.51135,13.6689,0.100114
3.51196,13.6712,0.275127E-01
3.51257,13.6736,0.871227E-01
3.51318,13.6760,0.209037E-01
3.51379,13.6784,0.109629E-01
3.51440,13.6808,0.564374E-01
3.51501,13.6831,-0.225996E-01
3.51562,13.6855,0.106806
3.51624,13.6879,-0.141367
3.51685,13.6903,0.406977E-02
3.51746,13.6926,0.336417E-01
3.51807,13.6950,0.626016E-03
3.51868,13.6974,0.304666E-01
3.51929,13.6998,0.594077E-01
3.51990,13.7021,0.913804E-01
3.52051,13.7045,0.689674E-01
3.52112,13.7069,0.824487E-01
3.52173,13.7093,0.145494
3.52234,13.7116,-0.713906E-01
3.52295,13.7140,-0.912510E-02
3.52356,13.7164,-0.249130E-02
3.52417,13.7188,-0.299342E-01
3.52478,13.7211,-0.232267E-01
3.52539,13.7235,-0.397925E-01
3.52600,13.7259,-0.188077E-01
3.52661,13.7283,0.529268E-01
3.52722,13.7306,0.875080E-01
3.52783,13.7330,0.697369E-01
3.52844,13.7354,0.674806E-01
3.52905,13.7378,-0.387133E-01
3.52966,13.7401,0.235295E-01
3.53027,13.7425,0.810958E-02
3.53088,13.7449,0.100387E-01
3.53149,13.7473,0.212665E-01
3.53210,13.7497,-0.878601E-01
3.53271,13.7520,-0.290022E-01
3.53333,13.7544,-0.117729
3.53394,13.7568,0.120862E-01
3.53455,13.7592,0.212508E-01
3.53516,13.7615,-0.592015E-01
3.53577,13.7639,-0.364314E-01
3.53638,13.7663,-0.392090E-01
3.53699,13.7687,0.162640E-01
3.53760,13.7710,-0.427864E-01
3.53821,13.7734,0.357138
3.53882,13.7758,0.484107E-01
3.53943,13.7782,0.144979
3.54004,13.7805,-0.358096E-01
3.54065,13.7829,-0.317808E-01
3.54126,13.7853,0.231507
3.54187,13.7877,-0.680229E-01
3.54248,13.7900,0.216363E-03
3.54309,13.7924,0.864377E-01
3.54370,13.7948,-0.671232E-01
3.54431,13.7972,0.148051E-01
3.54492,13.7995,-0.103407
3.54553,13.8019,0.103213
3.54614,13.8043,0.806094E-01
3.54675,13.8067,0.135242E-01
3.54736,13.8091,0.166151E-02
3.54797,13.8114,-0.281645E-01
3.54858,13.8138,0.128352
3.54919,13.8162,-0.860766E-02
3.54980,13.8186,-0.980380E-01
3.55042,13.8209,-0.250023E-01
3.55103,13.8233,-0.242154E-02
3.55164,13.8257,-0.259293E-01
3.55225,13.8281,0.268916E-01
3.55286,13.8304,0.158016
3.55347,13.8328,-0.160103E-01
3.55408,13.8352,0.664947E-01
3.55469,13.8376,-0.437577E-01
3.55530,13.8399,-0.385729E-02
3.55591,13.8423,-0.170459
3.55652,13.8447,-0.229156E-01
3.55713,13.8471,-0.279466E-01
3.55774,13.8494,-0.278231E-01
3.55835,13.8518,-0.580111E-01
3.55896,13.8542,0.898035E-02
3.55957,13.8566,-0.476713E-02
3.56018,13.8589,0.264198E-01
3.56079,13.8613,-0.704713E-01
3.56140,13.8637,0.370661
3.56201,13.8661,0.195590E-01
3.56262,13.8685,-0.461702E-01
3.56323,13.8708,-0.456799E-01
3.56384,13.8732,0.476213E-01
3.56445,13.8756,-0.204490E-02
3.56506,13.8780,0.260383E-01
3.56567,13.8803,0.160840E-01
3.56628,13.8827,-0.262454E-01
3.56689,13.8851,-0.745973E-01
3.56750,13.8875,-0.838563E-01
3.56812,13.8898,-0.232049
3.56873,13.8922,0.146934E-01
3.56934,13.8946,0.575042E-01
3.56995,13.8970,0.168355E-01
3.57056,13.8993,-0.264244E-01
3.57117,13.9017,0.372565E-01
3.57178,13.9041,-0.123822
3.57239,13.9065,0.391752E-02
3.57300,13.9088,-0.101498
3.57361,13.9112,-0.184720E-01
3.57422,13.9136,-0.188452
3.57483,13.9160,-0.549286E-01
3.57544,13.9183,-0.176786E-01
3.57605,13.9207,0.381620E-01
3.57666,13.9231,0.466754E-01
3.57727,13.9255,-0.583042E-02
3.57788,13.9278,0.121419E-01
3.57849,13.9302,0.242199
3.57910,13.9326,-0.116450
3.57971,13.9350,-0.100036
3.58032,13.9374,-0.358516E-03
3.58093,13.9397,-0.737004E-01
3.58154,13.9421,-0.457242E-01
3.58215,13.9445,0.149635E-01
3.58276,13.9469,0.929209E-01
3.58337,13.9492,0.196738
3.58398,13.9516,-0.287423E-01
3.58459,13.9540,0.217404E-02
3.58521,13.9564,0.140935E-01
3.58582,13.9587,-0.196674E-01
3.58643,13.9611,-0.149449E-01
3.58704,13.9635,-0.166905
3.58765,13.9659,0.273675E-02
3.58826,13.9682,-0.602747E-01
3.58887,13.9706,-0.104663
3.58948,13.9730,-0.991374E-02
3.59009,13.9754,-0.526778E-01
3.59070,13.9777,-0.917963E-02
3.59131,13.9801,-0.387558E-01
3.59192,13.9825,-0.761017E-01
3.59253,13.9849,0.132634
3.59314,13.9872,-0.363801E-01
3.59375,13.9896,0.354472E-01
3.59436,13.9920,0.649339E-01
3.59497,13.9944,0.278871E-01
3.59558,13.9968,0.401670E-01
3.59619,13.9991,-0.163758E-01
3.59680,14.0015,-0.561638E-01
3.59741,14.0039,-0.881808E-01
3.59802,14.0063,-0.178160E-01
3.59863,14.0086,-0.704182E-01
3.59924,14.0110,0.114350
3.59985,14.0134,0.510079E-01
3.60046,14.0158,-0.139669
3.60107,14.0181,0.165009
3.60168,14.0205,0.517530E-01
3.60229,14.0229,0.302309E-01
3.60291,14.0253,0.726573E-01
3.60352,14.0276,-0.102788E-01
3.60413,14.0300,0.378450E-02
3.60474,14.0324,-0.454914E-01
3.60535,14.0348,0.503789E-01
3.60596,14.0371,0.997166E-02
3.60657,14.0395,0.144877
3.60718,14.0419,0.261377
3.60779,14.0443,-0.125736E-01
3.60840,14.0466,0.193552E-01
3.60901,14.0490,0.268388E-01
3.60962,14.0514,0.976982E-01
3.61023,14.0538,0.197280E-02
3.61084,14.0562,-0.497546E-01
3.61145,14.0585,-0.640449E-01
3.61206,14.0609,0.641104E-01
3.61267,14.0633,0.319135E-01
3.61328,14.0657,0.214569
3.61389,14.0680,0.900178E-02
3.61450,14.0704,0.183154E-02
3.61511,14.0728,-0.152498E-01
3.61572,14.0752,0.121214
3.61633,14.0775,0.137442
3.61694,14.0799,0.420710E-01
3.61755,14.0823,-0.169036E-01
3.61816,14.0847,0.397156E-01
3.61877,14.0870,0.250383E-01
3.61938,14.0894,0.104041E-01
3.62000,14.0918,0.119525
3.62061,14.0942,-0.304172E-01
3.62122,14.0965,-0.831534E-01
3.62183,14.0989,-0.227031
3.62244,14.1013,0.140613
3.62305,14.1037,-0.282644E-03
3.62366,14.1060,-0.826655E-01
3.62427,14.1084,0.421359E-01
3.62488,14.1108,0.142795
3.62549,14.1132,0.109240
3.62610,14.1155,0.426103E-01
3.62671,14.1179,-0.175359E-01
3.62732,14.1203,0.126055
3.62793,14.1227,-0.114838
3.62854,14.1251,-0.374355E-01
3.62915,14.1274,-0.690461E-01
3.62976,14.1298,-0.632479E-01
3.63037,14.1322,-0.775199E-01
3.63098,14.1346,0.484520E-01
3.63159,14.1369,0.460210E-02
3.63220,14.1393,-0.137188
3.63281,14.1417,0.624740E-01
3.63342,14.1441,-0.119431
3.63403,14.1464,0.124674
3.63464,14.1488,-0.322221E-01
3.63525,14.1512,0.261202E-01
3.63586,14.1536,0.498711E-02
3.63647,14.1559,-0.943871E-01
3.63708,14.1583,0.263080
3.63770,14.1607,0.517315E-01
3.63831,14.1631,0.111423
3.63892,14.1654,0.489188E-01
3.63953,14.1678,0.684299E-01
3.64014,14.1702,0.310770
3.64075,14.1726,0.373272E-01
3.64136,14.1749,-0.448939E-01
3.64197,14.1773,-0.502395E-01
3.64258,14.1797,-0.281978E-04
3.64319,14.1821,0.462794E-01
3.64380,14.1845,0.134093E-01
3.64441,14.1868,-0.237133E-02
3.64502,14.1892,0.102534
3.64563,14.1916,0.968731E-01
3.64624,14.1940,0.841900E-01
3.64685,14.1963,0.292257E-01
3.64746,14.1987,-0.336709E-01
3.64807,14.2011,-0.723206E-02
3.64868,14.2035,-0.109819E-01
3.64929,14.2058,-0.948031E-02
3.64990,14.2082,-0.177308E-01
3.65051,14.2106,-0.224146
3.65112,14.2130,0.363573E-01
3.65173,14.2153,-0.761550E-01
3.65234,14.2177,-0.942126E-01
3.65295,14.2201,-0.474017E-01
3.65356,14.2225,0.334947E-01
3.65417,14.2248,0.968302E-01
3.65479,14.2272,0.215991E-01
3.65540,14.2296,-0.733692E-01
3.65601,14.2320,-0.209993E-01
3.65662,14.2343,-0.178360E-02
3.65723,14.2367,0.462224E-01
3.65784,14.2391,-0.228414E-01
3.65845,14.2415,0.124319
3.65906,14.2439,-0.950510E-01
3.65967,14.2462,-0.886357E-01
3.66028,14.2486,0.111159
3.66089,14.2510,0.817799E-01
3.66150,14.2534,0.212208E-01
3.66211,14.2557,0.128847
3.66272,14.2581,0.580140E-03
3.66333,14.2605,0.296191E-01
3.66394,14.2629,0.219757
3.66455,14.2652,0.234942E-01
3.66516,14.2676,0.208664E-01
3.66577,14.2700,0.643872E-02
3.66638,14.2724,-0.119481
3.66699,14.2747,0.400591E-01
3.66760,14.2771,-0.185728E-01
3.66821,14.2795,-0.456330E-02
3.66882,14.2819,-0.650406E-01
3.66943,14.2842,0.105894E-01
3.67004,14.2866,0.776911E-02
3.67065,14.2890,0.658446E-01
3.67126,14.2914,-0.658477E-01
3.67188,14.2937,-0.771866E-02
3.67249,14.2961,-0.933352E-03
3.67310,14.2985,-0.379324E-01
3.67371,14.3009,0.548462E-01
3.67432,14.3033,-0.765768E-01
3.67493,14.3056,0.623568E-01
3.67554,14.3080,0.113760E-01
3.67615,14.3104,0.434618E-02
3.67676,14.3128,0.416615E-01
3.67737,14.3151,0.785822E-01
3.67798,14.3175,-0.554129E-02
3.67859,14.3199,0.464511E-02
3.67920,14.3223,-0.174497E-01
3.67981,14.3246,0.281630E-01
3.68042,14.3270,0.153401E-01
3.68103,14.3294,-0.314262E-02
3.68164,14.3318,0.827075E-01
3.68225,14.3341,0.429298E-01
3.68286,14.3365,0.474210E-01
3.68347,14.3389,0.906933E-02
3.68408,14.3413,-0.166585E-01
3.68469,14.3436,0.525531E-01
3.68530,14.3460,0.485343E-01
3.68591,14.3484,-0.163724E-01
3.68652,14.3508,-0.272000E-02
3.68713,14.3531,0.794499E-01
3.68774,14.3555,0.283984E-01
3.68835,14.3579,-0.378736E-02
3.68896,14.3603,-0.138521
3.68958,14.3626,0.291704
3.69019,14.3650,-0.433167E-02
3.69080,14.3674,0.285142
3.69141,14.3698,0.599830E-01
3.69202,14.3722,0.137875
3.69263,14.3745,-0.222961
3.69324,14.3769,0.108689
3.69385,14.3793,-0.472030E-01
3.69446,14.3817,0.162001
3.69507,14.3840,-0.741648E-01
3.69568,14.3864,0.851347E-01
3.69629,14.3888,-0.950645E-02
3.69690,14.3912,-0.342707E-01
3.69751,14.3935,-0.111395
3.69812,14.3959,0.291104
3.69873,14.3983,0.202028E-01
3.69934,14.4007,0.873813E-01
3.69995,14.4030,-0.504491E-02
3.70056,14.4054,-0.458910E-02
3.70117,14.4078,-0.960068E-01
3.70178,14.4102,0.116758
3.70239,14.4125,-0.149263E-01
3.70300,14.4149,0.467219E-01
3.70361,14.4173,0.408028
3.70422,14.4197,0.104100E-01
3.70483,14.4220,0.548751E-01
3.70544,14.4244,-0.384061E-01
3.70605,14.4268,0.101710
3.70667,14.4292,-0.834677E-01
3.70728,14.4316,0.507343E-01
3.70789,14.4339,0.937632E-02
3.70850,14.4363,0.155895E-01
3.70911,14.4387,0.217349
3.70972,14.4411,-0.311569E-01
3.71033,14.4434,-0.403275E-01
3.71094,14.4458,-0.106218E-01
3.71155,14.4482,-0.791932E-01
3.71216,14.4506,0.111564
3.71277,14.4529,0.185123E-01
3.71338,14.4553,0.237096
3.71399,14.4577,-0.435032E-02
3.71460,14.4601,-0.184181E-01
3.71521,14.4624,0.561983E-01
3.71582,14.4648,-0.156234E-01
3.71643,14.4672,-0.130785E-03
3.71704,14.4696,0.484666E-01
3.71765,14.4719,0.297395E-01
3.71826,14.4743,0.171916E-02
3.71887,14.4767,-0.765830E-02
3.71948,14.4791,0.978531E-01
3.72009,14.4814,-0.390522E-01
3.72070,14.4838,0.476099E-01
3.72131,14.4862,0.209292E-01
3.72192,14.4886,0.366233E-01
3.72253,14.4910,-0.934524E-02
3.72314,14.4933,0.534279E-01
3.72375,14.4957,0.100287
3.72437,14.4981,0.968924E-02
3.72498,14.5005,0.123825E-02
3.72559,14.5028,0.617482E-01
3.72620,14.5052,0.553986E-01
3.72681,14.5076,0.130297
3.72742,14.5100,0.824442E-01
3.72803,14.5123,-0.181670E-02
3.72864,14.5147,-0.449088E-01
3.72925,14.5171,0.134999E-01
3.72986,14.5195,0.116632E-01
3.73047,14.5218,-0.793440E-01
3.73108,14.5242,0.317404E-01
3.73169,14.5266,-0.914446E-01
3.73230,14.5290,0.101243
3.73291,14.5313,0.525561E-01
3.73352,14.5337,0.268152E-01
3.73413,14.5361,-0.983542E-01
3.73474,14.5385,0.799993E-01
3.73535,14.5408,-0.132636E-01
3.73596,14.5432,0.569072E-02
3.73657,14.5456,0.323708E-01
3.73718,14.5480,-0.245128E-02
3.73779,14.5503,0.235409E-02
3.73840,14.5527,-0.956736E-02
3.73901,14.5551,-0.199448
3.73962,14.5575,-0.146604E-01
3.74023,14.5599,0.181579E-01
3.74084,14.5622,0.925182E-01
3.74146,14.5646,0.362309E-02
3.74207,14.5670,0.551596E-01
3.74268,14.5694,-0.102641
3.74329,14.5717,-0.120418E-01
3.74390,14.5741,0.830977E-03
3.74451,14.5765,0.343620E-02
3.74512,14.5789,0.526498E-01
3.74573,14.5812,0.613101E-01
3.74634,14.5836,-0.958710E-02
3.74695,14.5860,-0.244895E-01
3.74756,14.5884,-0.662951E-02
3.74817,14.5907,-0.122048E-01
3.74878,14.5931,0.136801E-01
3.74939,14.5955,-0.363192E-01
3.75000,14.5979,-0.766622E-01
3.75061,14.6002,0.759232E-01
3.75122,14.6026,0.160814E-01
3.75183,14.6050,0.409486E-02
3.75244,14.6074,-0.112821
3.75305,14.6097,-0.145967
3.75366,14.6121,0.533544E-01
3.75427,14.6145,0.140598
3.75488,14.6169,0.745186E-01
3.75549,14.6193,0.221962E-01
3.75610,14.6216,0.150433
3.75671,14.6240,-0.843752E-01
3.75732,14.6264,0.237775
3.75793,14.6288,0.594515E-01
3.75854,14.6311,-0.316993E-02
3.75916,14.6335,0.303361E-01
3.75977,14.6359,0.101170E-01
3.76038,14.6383,-0.172329E-01
3.76099,14.6406,-0.645810E-01
3.76160,14.6430,0.605671E-01
3.76221,14.6454,0.172907E-02
3.76282,14.6478,-0.172670E-01
3.76343,14.6501,0.241826E-01
3.76404,14.6525,-0.296392E-01
3.76465,14.6549,0.338153E-01
3.76526,14.6573,0.247688E-01
3.76587,14.6596,0.119915E-01
3.76648,14.6620,0.188291E-01
3.76709,14.6644,0.253492E-01
3.76770,14.6668,0.842797E-01
3.76831,14.6691,0.680627E-02
3.76892,14.6715,0.116644
3.76953,14.6739,-0.100002
3.77014,14.6763,0.449537E-01
3.77075,14.6787,0.133705E-01
3.77136,14.6810,-0.980643E-01
3.77197,14.6834,0.101527E-01
3.77258,14.6858,-0.554080E-03
3.77319,14.6882,0.148262
3.77380,14.6905,0.543930E-01
3.77441,14.6929,0.968178E-01
3.77502,14.6953,0.545342E-02
3.77563,14.6977,0.275317E-01
3.77625,14.7000,0.196051E-01
3.77686,14.7024,0.615950E-01
3.77747,14.7048,0.109576E-01
3.77808,14.7072,0.182359
3.77869,14.7095,0.762395E-01
3.77930,14.7119,-0.109966E-01
3.77991,14.7143,-0.118727
3.78052,14.7167,0.109678E-01
3.78113,14.7190,0.110753
3.78174,14.7214,0.116967
3.78235,14.7238,0.358939E-01
3.78296,14.7262,0.408850E-01
3.78357,14.7285,0.366849E-01
3.78418,14.7309,0.204732
3.78479,14.7333,0.146946E-02
3.78540,14.7357,-0.775228E-01
3.78601,14.7381,-0.516774E-01
3.78662,14.7404,0.134989
3.78723,14.7428,0.256164E-01
3.78784,14.7452,-0.564115E-02
3.78845,14.7476,0.189736E-02
3.78906,14.7499,0.493178E-01
3.78967,14.7523,-0.390468E-02
3.79028,14.7547,0.360063E-03
3.79089,14.7571,0.982970E-01
3.79150,14.7594,0.632451E-02
3.79211,14.7618,-0.987621E-01
3.79272,14.7642,-0.142727E-01
3.79333,14.7666,0.977659E-01
3.79395,14.7689,0.399587E-01
3.79456,14.7713,0.212966
3.79517,14.7737,0.757893E-02
3.79578,14.7761,-0.622231E-01
3.79639,14.7784,0.665061E-01
3.79700,14.7808,-0.937975E-02
3.79761,14.7832,-0.119059E-02
3.79822,14.7856,-0.122321
3.79883,14.7879,0.586004E-01
3.79944,14.7903,0.831996E-01
3.80005,14.7927,0.476084E-01
3.80066,14.7951,-0.234096E-01
3.80127,14.7974,0.580378E-02
3.80188,14.7998,-0.936111E-01
3.80249,14.8022,-0.481438E-01
3.80310,14.8046,0.831858E-01
3.80371,14.8070,0.261576
3.80432,14.8093,0.452505E-01
3.80493,14.8117,0.298809E-01
3.80554,14.8141,0.162089E-01
3.80615,14.8165,0.907685E-01
3.80676,14.8188,-0.101106
3.80737,14.8212,-0.466643E-02
3.80798,14.8236,-0.135322
3.80859,14.8260,0.303310E-01
3.80920,14.8283,-0.101480E-01
3.80981,14.8307,0.498860E-01
3.81042,14.8331,-0.720958E-02
3.81104,14.8355,-0.770384E-01
3.81165,14.8378,0.160276
3.81226,14.8402,0.677210E-02
3.81287,14.8426,0.237320
3.81348,14.8450,0.332863E-01
3.81409,14.8473,0.172222E-01
3.81470,14.8497,0.612931E-01
3.81531,14.8521,0.220064E-01
3.81592,14.8545,0.116339
3.81653,14.8568,-0.312251E-01
3.81714,14.8592,0.637225E-01
3.81775,14.8616,0.275946E-01
3.81836,14.8640,0.729775E-01
3.81897,14.8664,0.867819E-01
3.81958,14.8687,-0.189065E-01
3.82019,14.8711,0.831839E-01
3.82080,14.8735,-0.157807
3.82141,14.8759,0.635285E-01
3.82202,14.8782,0.328196E-01
3.82263,14.8806,-0.549255E-01
3.82324,14.8830,0.102679
3.82385,14.8854,0.161437
3.82446,14.8877,0.652500E-01
3.82507,14.8901,0.384382E-01
3.82568,14.8925,-0.132384
3.82629,14.8949,0.199578E-01
3.82690,14.8972,0.923180E-02
3.82751,14.8996,-0.147830E-01
3.82812,14.9020,-0.387400E-01
3.82874,14.9044,0.857995E-01
3.82935,14.9067,0.125520E-01
3.82996,14.9091,0.167027E-01
3.83057,14.9115,0.129818E-02
3.83118,14.9139,-0.174697
3.83179,14.9162,0.588531E-02
3.83240,14.9186,-0.720807E-01
3.83301,14.9210,0.297852
3.83362,14.9234,0.724299E-01
3.83423,14.9258,-0.468664E-02
3.83484,14.9281,0.754011E-01
3.83545,14.9305,0.113097E-02
3.83606,14.9329,0.416034E-02
3.83667,14.9353,0.422595E-01
3.83728,14.9376,-0.273090E-01
3.83789,14.9400,-0.181519E-01
3.83850,14.9424,0.480984E-01
3.83911,14.9448,-0.537781E-04
3.83972,14.9471,-0.259680E-01
3.84033,14.9495,-0.473983E-03
3.84094,14.9519,0.929739E-01
3.84155,14.9543,0.183621E-01
3.84216,14.9566,0.443193E-01
3.84277,14.9590,-0.609051E-01
3.84338,14.9614,0.636133E-01
3.84399,14.9638,0.661697E-01
3.84460,14.9661,0.308741E-01
3.84521,14.9685,0.470537E-01
3.84583,14.9709,-0.330834E-01
3.84644,14.9733,0.469467E-01
3.84705,14.9756,-0.244905E-01
3.84766,14.9780,0.943307E-02
3.84827,14.9804,0.157760
3.84888,14.9828,-0.481366E-02
3.84949,14.9851,-0.617645E-01
3.85010,14.9875,-0.132201
3.85071,14.9899,-0.629766E-01
3.85132,14.9923,0.622412E-02
3.85193,14.9947,0.161447E-01
3.85254,14.9970,0.334753E-01
3.85315,14.9994,-0.664861E-01
3.85376,15.0018,-0.314171E-02
3.85437,15.0042,-0.639153E-01
3.85498,15.0065,-0.103782E-01
3.85559,15.0089,-0.668429E-02
3.85620,15.0113,-0.633605E-01
3.85681,15.0137,0.132553
3.85742,15.0160,-0.634919E-01
3.85803,15.0184,-0.813737E-01
3.85864,15.0208,0.152111E-01
3.85925,15.0232,-0.325507E-01
3.85986,15.0255,0.409417E-01
3.86047,15.0279,-0.519358E-01
3.86108,15.0303,0.112922E-01
3.86169,15.0327,0.476552E-01
3.86230,15.0350,-0.672522E-01
3.86292,15.0374,0.184090E-01
3.86353,15.0398,-0.595923E-01
3.86414,15.0422,-0.114981
3.86475,15.0445,0.493680E-01
3.86536,15.0469,0.666902E-01
3.86597,15.0493,0.972079E-01
3.86658,15.0517,-0.330589E-01
3.86719,15.0541,0.744852E-01
3.86780,15.0564,-0.123405E-01
3.86841,15.0588,0.158180E-01
3.86902,15.0612,0.850741E-01
3.86963,15.0636,-0.915760E-01
3.87024,15.0659,-0.203054E-01
3.87085,15.0683,0.335827E-01
3.87146,15.0707,0.131447
3.87207,15.0731,0.193615E-01
3.87268,15.0754,0.191921
3.87329,15.0778,0.758100E-01
3.87390,15.0802,-0.220227E-01
3.87451,15.0826,-0.342835E-01
3.87512,15.0849,-0.665483E-01
3.87573,15.0873,0.548914E-02
3.87634,15.0897,0.721311E-01
3.87695,15.0921,0.150931E-01
3.87756,15.0944,-0.779076E-01
3.87817,15.0968,-0.565448E-01
3.87878,15.0992,0.106820E-01
3.87939,15.1016,-0.488097E-01
3.88000,15.1039,0.198987E-01
3.88062,15.1063,0.131866
3.88123,15.1087,0.617291E-01
3.88184,15.1111,-0.301638E-01
3.88245,15.1135,-0.978967E-02
3.88306,15.1158,0.254969E-01
3.88367,15.1182,0.630601E-01
3.88428,15.1206,-0.119876E-01
3.88489,15.1230,-0.658777E-05
3.88550,15.1253,0.761631E-01
3.88611,15.1277,-0.124275
3.88672,15.1301,0.131995
3.88733,15.1325,0.862083E-01
3.88794,15.1348,-0.103131E-01
3.88855,15.1372,-0.182692
3.88916,15.1396,0.369312E-01
3.88977,15.1420,-0.374109E-01
3.89038,15.1443,0.401671E-01
3.89099,15.1467,0.654624E-01
3.89160,15.1491,0.620356E-01
3.89221,15.1515,-0.266341E-01
3.89282,15.1538,-0.273229E-01
3.89343,15.1562,-0.149657
3.89404,15.1586,0.358908E-01
3.89465,15.1610,-0.777264E-01
3.89526,15.1633,0.637093E-01
3.89587,15.1657,-0.111941E-01
3.89648,15.1681,-0.742898E-01
3.89709,15.1705,-0.158651E-01
3.89771,15.1728,0.336794
3.89832,15.1752,0.390934E-01
3.89893,15.1776,0.220465
3.89954,15.1800,0.619301E-01
3.90015,15.1824,-0.336268E-02
3.90076,15.1847,-0.364248E-01
3.90137,15.1871,0.907606E-01
3.90198,15.1895,0.555532E-01
3.90259,15.1919,-0.140968
3.90320,15.1942,0.164327E-01
3.90381,15.1966,-0.166389
3.90442,15.1990,0.143339
3.90503,15.2014,0.515660E-01
3.90564,15.2037,-0.516619E-01
3.90625,15.2061,0.750964E-01
3.90686,15.2085,0.672860E-02
3.90747,15.2109,-0.841810E-02
3.90808,15.2132,0.286979E-01
3.90869,15.2156,-0.101221E-01
3.90930,15.2180,-0.326362E-01
3.90991,15.2204,0.302672E-01
3.91052,15.2227,0.111689
3.91113,15.2251,0.717762E-02
3.91174,15.2275,-0.274292E-01
3.91235,15.2299,0.371715E-01
3.91296,15.2322,0.872540E-01
3.91357,15.2346,0.170108
3.91418,15.2370,0.151651E-01
3.91479,15.2394,-0.890888E-01
3.91541,15.2418,-0.903381E-01
3.91602,15.2441,-0.525653E-01
3.91663,15.2465,0.947446E-01
3.91724,15.2489,0.204709E-01
3.91785,15.2513,0.917044E-01
3.91846,15.2536,0.583752E-01
3.91907,15.2560,-0.353488E-01
3.91968,15.2584,0.621279E-01
3.92029,15.2608,-0.855091E-01
3.92090,15.2631,0.107245
3.92151,15.2655,0.615104E-02
3.92212,15.2679,0.704679E-01
3.92273,15.2703,-0.127084
3.92334,15.2726,0.966046E-02
3.92395,15.2750,0.205492E-01
3.92456,15.2774,0.317004E-01
3.92517,15.2798,-0.116319
3.92578,15.2821,0.445002E-01
3.92639,15.2845,-0.453293E-01
3.92700,15.2869,0.192845
3.92761,15.2893,0.511091E-01
3.92822,15.2916,-0.165642
3.92883,15.2940,0.580699E-01
3.92944,15.2964,0.614662E-01
3.93005,15.2988,0.100291E-01
3.93066,15.3012,-0.200938E-01
3.93127,15.3035,0.564912E-02
3.93188,15.3059,0.146064
3.93250,15.3083,0.209968E-01
3.93311,15.3107,0.114954E-01
3.93372,15.3130,0.147944E-01
3.93433,15.3154,0.156447E-01
3.93494,15.3178,0.288206E-01
3.93555,15.3202,0.789961E-01
3.93616,15.3225,-0.114817E-01
3.93677,15.3249,0.227753E-01
3.93738,15.3273,0.109323
3.93799,15.3297,-0.314568E-01
3.93860,15.3320,0.263841E-02
3.93921,15.3344,0.684494E-01
3.93982,15.3368,-0.582762E-01
3.94043,15.3392,-0.155841E-01
3.94104,15.3415,-0.126832E-01
3.94165,15.3439,-0.867507E-02
3.94226,15.3463,-0.210949E-02
3.94287,15.3487,0.440479E-02
3.94348,15.3510,-0.453135E-01
3.94409,15.3534,0.713436E-02
3.94470,15.3558,-0.155807
3.94531,15.3582,0.745985E-01
3.94592,15.3606,-0.904870E-02
3.94653,15.3629,0.254816
3.94714,15.3653,0.910845E-02
3.94775,15.3677,0.787834E-01
3.94836,15.3701,0.485513E-01
3.94897,15.3724,-0.646538E-01
3.94958,15.3748,-0.197805
3.95020,15.3772,0.773329E-01
3.95081,15.3796,-0.439118E-01
3.95142,15.3819,-0.159688E-01
3.95203,15.3843,0.467125E-01
3.95264,15.3867,-0.141108E-01
3.95325,15.3891,0.299952E-01
3.95386,15.3914,-0.231383E-01
3.95447,15.3938,0.920816E-01
3.95508,15.3962,0.352608E-01
3.95569,15.3986,-0.108423
3.95630,15.4009,-0.111512
3.95691,15.4033,0.598858E-01
3.95752,15.4057,0.927041E-02
3.95813,15.4081,-0.320828E-01
3.95874,15.4104,-0.348583E-01
3.95935,15.4128,-0.364249E-01
3.95996,15.4152,0.663930E-02
3.96057,15.4176,-0.303157E-01
3.96118,15.4199,-0.197586
3.96179,15.4223,0.153350E-01
3.96240,15.4247,0.844981E-01
3.96301,15.4271,0.160200
3.96362,15.4295,0.314012
3.96423,15.4318,0.476864E-01
3.96484,15.4342,0.448169E-01
3.96545,15.4366,0.708865E-01
3.96606,15.4390,0.374475E-01
3.96667,15.4413,-0.350350E-02
3.96729,15.4437,0.104194E-01
3.96790,15.4461,-0.121752
3.96851,15.4485,-0.824359E-01
3.96912,15.4508,0.136651
3.96973,15.4532,0.385211E-01
3.97034,15.4556,0.115879E-01
3.97095,15.4580,0.815328E-01
3.97156,15.4603,0.909025E-01
3.97217,15.4627,-0.247685E-02
3.97278,15.4651,0.687801E-01
3.97339,15.4675,0.218349E-01
3.97400,15.4698,0.480141E-01
3.97461,15.4722,-0.178035E-01
3.97522,15.4746,0.503830E-01
3.97583,15.4770,-0.221713E-01
3.97644,15.4793,-0.947502E-01
3.97705,15.4817,-0.981904E-03
3.97766,15.4841,0.282135E-01
3.97827,15.4865,0.189604
3.97888,15.4889,0.920527E-01
3.97949,15.4912,-0.603356E-01
3.98010,15.4936,-0.404285E-01
3.98071,15.4960,0.463965E-01
3.98132,15.4984,0.484965E-01
3.98193,15.5007,0.234619E-01
3.98254,15.5031,-0.109078E-01
3.98315,15.5055,0.511317E-01
3.98376,15.5079,0.122445
3.98438,15.5102,0.174977
3.98499,15.5126,-0.110629E-01
3.98560,15.5150,-0.209489E-01
3.98621,15.5174,-0.574290E-01
3.98682,15.5197,0.330205E-01
3.98743,15.5221,0.203669
3.98804,15.5245,-0.310092E-01
3.98865,15.5269,0.156175
3.98926,15.5292,0.266775E-01
3.98987,15.5316,-0.432321E-01
3.99048,15.5340,0.172733
3.99109,15.5364,-0.337690E-02
3.99170,15.5387,0.103947
3.99231,15.5411,0.635688E-01
3.99292,15.5435,-0.566997E-01
3.99353,15.5459,0.620749E-01
3.99414,15.5483,-0.283591E-01
3.99475,15.5506,-0.227731E-01
3.99536,15.5530,0.204331E-01
3.99597,15.5554,0.115200
3.99658,15.5578,-0.382001E-02
3.99719,15.5601,0.260470E-01
3.99780,15.5625,0.208286
3.99841,15.5649,-0.985029E-02
3.99902,15.5673,-0.154689E-01
3.99963,15.5696,0.420832E-02
4.00024,15.5720,0.198431E-01
4.00085,15.5744,0.615967E-01
4.00146,15.5768,0.433463
4.00208,15.5791,0.403708E-01
4.00269,15.5815,-0.113992E-01
4.00330,15.5839,0.430933E-01
4.00391,15.5863,-0.325347E-01
4.00452,15.5886,0.326941E-01
4.00513,15.5910,0.104412
4.00574,15.5934,0.144190
4.00635,15.5958,0.114354
4.00696,15.5981,0.204618
4.00757,15.6005,0.125279E-01
4.00818,15.6029,0.547665E-01
4.00879,15.6053,-0.119888E-01
4.00940,15.6076,-0.502841E-01
4.01001,15.6100,0.404051E-01
4.01062,15.6124,0.440991E-04
4.01123,15.6148,0.130839
4.01184,15.6172,0.122192
4.01245,15.6195,-0.479167E-01
4.01306,15.6219,-0.226703E-02
4.01367,15.6243,0.415931E-01
4.01428,15.6267,0.138717
4.01489,15.6290,-0.111051E-01
4.01550,15.6314,0.392503E-01
4.01611,15.6338,0.185181
4.01672,15.6362,-0.209420E-01
4.01733,15.6385,0.630225E-01
4.01794,15.6409,0.436455E-01
4.01855,15.6433,-0.650327E-01
4.01917,15.6457,-0.127025E-01
4.01978,15.6480,0.798011E-02
4.02039,15.6504,0.455919E-01
4.02100,15.6528,0.335747E-01
4.02161,15.6552,-0.137908
4.02222,15.6575,0.975047E-01
4.02283,15.6599,-0.459038E-01
4.02344,15.6623,-0.140700E-01
4.02405,15.6647,-0.111128E-01
4.02466,15.6670,0.187830E-02
4.02527,15.6694,0.156026E-01
4.02588,15.6718,0.243819
4.02649,15.6742,0.376507E-01
4.02710,15.6766,0.142277
4.02771,15.6789,0.316551E-01
4.02832,15.6813,0.152636E-01
4.02893,15.6837,-0.105354E-02
4.02954,15.6861,-0.349812E-01
4.03015,15.6884,-0.263161E-02
4.03076,15.6908,-0.374054E-01
4.03137,15.6932,0.523799E-01
4.03198,15.6956,0.191707E-01
4.03259,15.6979,-0.628807E-01
4.03320,15.7003,0.236412
4.03381,15.7027,0.214633E-01
4.03442,15.7051,-0.394216E-01
4.03503,15.7074,0.956668E-02
4.03564,15.7098,0.104459
4.03625,15.7122,0.957307E-02
4.03687,15.7146,-0.745130E-01
4.03748,15.7169,0.634303E-01
4.03809,15.7193,0.383435E-02
4.03870,15.7217,0.779074E-01
4.03931,15.7241,-0.628174E-01
4.03992,15.7264,0.166183
4.04053,15.7288,0.358445
4.04114,15.7312,0.118090E-01
4.04175,15.7336,-0.347350E-01
4.04236,15.7360,0.733615E-01
4.04297,15.7383,-0.138493
4.04358,15.7407,0.546551E-01
4.04419,15.7431,-0.781225E-01
4.04480,15.7455,-0.596749E-01
4.04541,15.7478,-0.526267E-01
4.04602,15.7502,0.850892E-01
4.04663,15.7526,-0.224249E-01
4.04724,15.7550,-0.333709E-01
4.04785,15.7573,-0.102810E-01
4.04846,15.7597,0.743936E-01
4.04907,15.7621,0.436553E-01
4.04968,15.7645,0.387140E-01
4.05029,15.7668,-0.342727E-01
4.05090,15.7692,0.153534E-01
4.05151,15.7716,0.459968E-02
4.05212,15.7740,0.334225E-02
4.05273,15.7763,-0.825468E-01
4.05334,15.7787,-0.181991E-01
4.05396,15.7811,-0.931146E-01
4.05457,15.7835,0.422133E-01
4.05518,15.7858,-0.115268
4.05579,15.7882,-0.261048E-01
4.05640,15.7906,0.112352
4.05701,15.7930,0.151164
4.05762,15.7954,0.472161E-01
4.05823,15.7977,0.114305
4.05884,15.8001,0.314254E-01
4.05945,15.8025,0.791010E-01
4.06006,15.8049,0.437019E-01
4.06067,15.8072,0.476947E-02
4.06128,15.8096,0.365768E-02
4.06189,15.8120,-0.470662E-01
4.06250,15.8144,-0.183701E-02
4.06311,15.8167,0.471754E-01
4.06372,15.8191,0.128230
4.06433,15.8215,0.673926E-01
4.06494,15.8239,-0.173810E-01
4.06555,15.8262,-0.399739E-01
4.06616,15.8286,-0.422617E-01
4.06677,15.8310,0.262839E-01
4.06738,15.8334,0.637273E-01
4.06799,15.8357,0.195015E-02
4.06860,15.8381,0.102629
4.06921,15.8405,-0.762540E-01
4.06982,15.8429,-0.511498E-01
4.07043,15.8452,-0.794378E-01
4.07104,15.8476,-0.669767E-01
4.07166,15.8500,0.124891E-01
4.07227,15.8524,-0.479072E-01
4.07288,15.8547,0.676016E-01
4.07349,15.8571,-0.715181E-01
4.07410,15.8595,0.141592E-02
4.07471,15.8619,0.216036E-01
4.07532,15.8643,0.112672
4.07593,15.8666,0.285325E-01
4.07654,15.8690,0.215401E-01
4.07715,15.8714,-0.236180E-01
4.07776,15.8738,-0.377592E-01
4.07837,15.8761,0.455862E-02
4.07898,15.8785,0.423528E-01
4.07959,15.8809,0.917871E-01
4.08020,15.8833,0.630979E-01
4.08081,15.8856,-0.605696E-01
4.08142,15.8880,0.163949
4.08203,15.8904,0.952860E-01
4.08264,15.8928,0.101775
4.08325,15.8951,-0.710863E-02
4.08386,15.8975,0.191528
4.08447,15.8999,0.157604
4.08508,15.9023,0.970269E-01
4.08569,15.9046,0.204700E-01
4.08630,15.9070,-0.166725E-02
4.08691,15.9094,-0.496889E-02
4.08752,15.9118,0.925907E-01
4.08813,15.9141,-0.183965E-01
4.08875,15.9165,0.306864E-02
4.08936,15.9189,0.272739E-02
4.08997,15.9213,-0.171643
4.09058,15.9237,0.146538
4.09119,15.9260,0.379675E-01
4.09180,15.9284,-0.530148E-02
4.09241,15.9308,0.862560E-01
4.09302,15.9332,-0.629417E-01
4.09363,15.9355,0.278508E-01
4.09424,15.9379,0.652679E-01
4.09485,15.9403,0.234353
4.09546,15.9427,-0.139542
4.09607,15.9450,-0.439027E-01
4.09668,15.9474,-0.955268E-02
4.09729,15.9498,-0.349067E-01
4.09790,15.9522,0.443121E-01
4.09851,15.9545,0.247763E-03
4.09912,15.9569,0.774154E-01
4.09973,15.9593,-0.284546E-01
4.10034,15.9617,0.108809E-01
4.10095,15.9640,-0.111799
4.10156,15.9664,0.602850E-01
4.10217,15.9688,0.154430
4.10278,15.9712,0.613626E-01
4.10339,15.9735,-0.278447E-02
4.10400,15.9759,0.351717E-01
4.10461,15.9783,0.139997
4.10522,15.9807,-0.169059
4.10583,15.9831,-0.456819E-02
4.10645,15.9854,-0.374278E-01
4.10706,15.9878,-0.956238E-02
4.10767,15.9902,0.249683E-01
4.10828,15.9926,0.723930E-01
4.10889,15.9949,0.777731E-01
4.10950,15.9973,-0.341095E-02
4.11011,15.9997,0.545237E-02
4.11072,16.0021,-0.104159E-01
4.11133,16.0044,0.248296E-01
4.11194,16.0068,0.714086E-01
4.11255,16.0092,-0.724693E-02
4.11316,16.0116,0.277341E-01
4.11377,16.0139,-0.215918E-01
4.11438,16.0163,-0.671776E-01
4.11499,16.0187,0.104857
4.11560,16.0211,0.201878E-01
4.11621,16.0234,-0.212429E-01
4.11682,16.0258,0.191862E-01
4.11743,16.0282,0.501463E-01
4.11804,16.0306,0.848586E-02
4.11865,16.0329,0.498519E-02
4.11926,16.0353,-0.561337E-01
4.11987,16.0377,0.431034E-01
4.12048,16.0401,0.343114E-02
4.12109,16.0424,0.762116E-01
4.12170,16.0448,0.469931E-03
4.12231,16.0472,0.104695
4.12292,16.0496,0.273540
4.12354,16.0520,0.192900
4.12415,16.0543,0.122833
4.12476,16.0567,-0.147198E-01
4.12537,16.0591,0.263191E-02
4.12598,16.0615,-0.894827E-01
4.12659,16.0638,-0.179727E-01
4.12720,16.0662,0.293412E-01
4.12781,16.0686,0.116439E-01
4.12842,16.0710,0.145130
4.12903,16.0733,0.111944
4.12964,16.0757,0.486992E-01
4.13025,16.0781,-0.397201E-02
4.13086,16.0805,0.142427E-01
4.13147,16.0828,-0.487843E-01
4.13208,16.0852,0.196859
4.13269,16.0876,0.800271E-02
4.13330,16.0900,-0.163373E-01
4.13391,16.0923,-0.103590E-01
4.13452,16.0947,-0.171302
4.13513,16.0971,-0.116838E-01
4.13574,16.0995,0.112889
4.13635,16.1018,0.919267E-01
4.13696,16.1042,0.315943E-01
4.13757,16.1066,-0.149337
4.13818,16.1090,0.297401E-01
4.13879,16.1114,0.107883E-02
4.13940,16.1137,-0.850962E-02
4.14001,16.1161,-0.757821E-01
4.14062,16.1185,0.280544E-01
4.14124,16.1209,0.784223E-01
4.14185,16.1232,-0.160973
4.14246,16.1256,0.784529E-01
4.14307,16.1280,0.334821E-01
4.14368,16.1304,0.114749E-02
4.14429,16.1327,0.912268E-01
4.14490,16.1351,0.352465E-01
4.14551,16.1375,0.603854E-01
4.14612,16.1399,0.986509E-01
4.14673,16.1422,0.109459
4.14734,16.1446,-0.146964
4.14795,16.1470,0.222537E-01
4.14856,16.1494,0.351885
4.14917,16.1517,-0.768181E-03
4.14978,16.1541,-0.618915E-02
4.15039,16.1565,0.552569E-01
4.15100,16.1589,0.554709E-01
4.15161,16.1612,-0.604181E-01
4.15222,16.1636,-0.219161E-01
4.15283,16.1660,-0.100874
4.15344,16.1684,-0.749053E-01
4.15405,16.1708,-0.376764E-01
4.15466,16.1731,0.328320
4.15527,16.1755,0.333146
4.15588,16.1779,0.253927E-01
4.15649,16.1803,0.126476E-01
4.15710,16.1826,0.740255E-01
4.15771,16.1850,0.510566E-01
4.15833,16.1874,-0.567471E-03
4.15894,16.1898,0.240477E-01
4.15955,16.1921,0.203579E-01
4.16016,16.1945,0.117588
4.16077,16.1969,0.127324
4.16138,16.1993,0.351876E-01
4.16199,16.2016,-0.105189
4.16260,16.2040,0.984358E-01
4.16321,16.2064,0.119453
4.16382,16.2088,-0.690938E-02
4.16443,16.2111,0.385812E-01
4.16504,16.2135,0.478943E-01
4.16565,16.2159,-0.219642E-01
4.16626,16.2183,0.140219E-01
4.16687,16.2206,-0.123263E-01
4.16748,16.2230,-0.801859E-01
4.16809,16.2254,0.228962E-01
4.16870,16.2278,0.968834E-01
4.16931,16.2301,0.148512
4.16992,16.2325,-0.160039
4.17053,16.2349,0.177799E-01
4.17114,16.2373,-0.166054E-01
4.17175,16.2397,0.211735E-01
4.17236,16.2420,0.449626E-01
4.17297,16.2444,-0.228998
4.17358,16.2468,-0.734784E-03
4.17419,16.2492,0.170944E-01
4.17480,16.2515,0.843320E-01
4.17542,16.2539,0.206008
4.17603,16.2563,-0.806329E-02
4.17664,16.2587,0.326625E-01
4.17725,16.2610,0.195454
4.17786,16.2634,0.191547
4.17847,16.2658,0.458044E-01
4.17908,16.2682,0.310094E-02
4.17969,16.2705,-0.238317E-01
4.18030,16.2729,-0.275625E-01
4.18091,16.2753,0.163351E-01
4.18152,16.2777,0.126603E-01
4.18213,16.2800,-0.284723E-02
4.18274,16.2824,0.507134E-01
4.18335,16.2848,0.439327E-01
4.18396,16.2872,0.179525E-01
4.18457,16.2895,-0.999419E-01
4.18518,16.2919,-0.100063
4.18579,16.2943,0.310482
4.18640,16.2967,0.691945E-01
4.18701,16.2991,0.565425E-01
4.18762,16.3014,0.446021E-01
4.18823,16.3038,-0.246392
4.18884,16.3062,0.283828E-02
4.18945,16.3086,-0.203231
4.19006,16.3109,0.533005E-01
4.19067,16.3133,0.168863E-01
4.19128,16.3157,0.100425
4.19189,16.3181,0.141331E-01
4.19250,16.3204,0.844470E-02
4.19312,16.3228,0.139577
4.19373,16.3252,0.686585E-01
4.19434,16.3276,0.859796E-01
4.19495,16.3299,0.794899E-01
4.19556,16.3323,-0.684687E-01
4.19617,16.3347,0.150479E-01
4.19678,16.3371,-0.943762E-01
4.19739,16.3394,-0.326374E-01
4.19800,16.3418,-0.600480E-01
4.19861,16.3442,0.148648
4.19922,16.3466,0.102129E-01
4.19983,16.3489,0.115709E-01
4.20044,16.3513,0.109715
4.20105,16.3537,-0.867341E-01
4.20166,16.3561,0.539372E-01
4.20227,16.3585,0.105602
4.20288,16.3608,0.986068E-01
4.20349,16.3632,0.271998E-02
4.20410,16.3656,-0.397507E-01
4.20471,16.3680,0.209441E-01
4.20532,16.3703,0.347633E-01
4.20593,16.3727,0.206336E-02
4.20654,16.3751,-0.371651E-01
4.20715,16.3775,0.492483E-01
4.20776,16.3798,0.148884E-02
4.20837,16.3822,-0.570474E-01
4.20898,16.3846,-0.112204
4.20959,16.3870,-0.125970
4.21021,16.3893,0.100839E-01
4.21082,16.3917,-0.482732E-01
4.21143,16.3941,0.486540E-01
4.21204,16.3965,0.361555E-01
4.21265,16.3988,-0.120450
4.21326,16.4012,-0.155317
4.21387,16.4036,0.589923E-01
4.21448,16.4060,0.243286
4.21509,16.4083,-0.173051
4.21570,16.4107,0.269872E-01
4.21631,16.4131,-0.718531E-01
4.21692,16.4155,-0.139545E-01
4.21753,16.4179,-0.129432
4.21814,16.4202,0.192374
4.21875,16.4226,-0.160909
4.21936,16.4250,-0.266203E-01
4.21997,16.4274,0.821264E-01
4.22058,16.4297,0.675772E-01
4.22119,16.4321,-0.459720E-01
4.22180,16.4345,0.193378E-01
4.22241,16.4369,0.340970
4.22302,16.4392,-0.264471E-01
4.22363,16.4416,-0.226222E-01
4.22424,16.4440,0.320536E-01
4.22485,16.4464,0.345560
4.22546,16.4487,-0.431560E-01
4.22607,16.4511,-0.241795
4.22668,16.4535,0.105765
4.22729,16.4559,-0.522267E-01
4.22791,16.4582,-0.482669E-01
4.22852,16.4606,0.471633E-01
4.22913,16.4630,0.151608
4.22974,16.4654,0.352185E-01
4.23035,16.4677,-0.620039E-01
4.23096,16.4701,0.174090E-02
4.23157,16.4725,-0.700423E-01
4.23218,16.4749,0.450239E-01
4.23279,16.4772,0.481051E-01
4.23340,16.4796,-0.855306E-02
4.23401,16.4820,-0.336870E-02
4.23462,16.4844,-0.100503
4.23523,16.4868,-0.151255
4.23584,16.4891,-0.228435E-02
4.23645,16.4915,-0.513485E-01
4.23706,16.4939,-0.319509E-01
4.23767,16.4963,0.158538E-01
4.23828,16.4986,0.746619E-01
4.23889,16.5010,-0.945243E-02
4.23950,16.5034,-0.667702E-01
4.24011,16.5058,0.157289E-01
4.24072,16.5081,0.212397
4.24133,16.5105,-0.598872E-01
4.24194,16.5129,0.127970
4.24255,16.5153,0.925721E-01
4.24316,16.5176,0.330204
4.24377,16.5200,0.194972E-01
4.24438,16.5224,-0.563230E-02
4.24500,16.5248,-0.499621E-01
4.24561,16.5271,-0.294381E-01
4.24622,16.5295,0.103639E-01
4.24683,16.5319,-0.104676E-01
4.24744,16.5343,0.128754E-01
4.24805,16.5366,0.356342E-01
4.24866,16.5390,-0.700473E-02
4.24927,16.5414,0.412882E-01
4.24988,16.5438,0.710867E-01
4.25049,16.5462,-0.287826E-01
4.25110,16.5485,0.186968
4.25171,16.5509,-0.151082
4.25232,16.5533,0.241237E-01
4.25293,16.5557,0.112101
4.25354,16.5580,-0.162093E-01
4.25415,16.5604,0.153715
4.25476,16.5628,0.331370E-01
4.25537,16.5652,0.248293E-01
4.25598,16.5675,0.399636E-01
4.25659,16.5699,0.115268
4.25720,16.5723,0.219521
4.25781,16.5747,0.630441E-01
4.25842,16.5770,-0.120645
4.25903,16.5794,-0.418119E-01
4.25964,16.5818,0.543631E-01
4.26025,16.5842,-0.116260E-02
4.26086,16.5865,0.541875E-01
4.26147,16.5889,0.656018E-01
4.26208,16.5913,-0.167785
4.26270,16.5937,0.190555E-01
4.26331,16.5960,-0.281902E-01
4.26392,16.5984,0.576904E-01
4.26453,16.6008,0.726121E-01
4.26514,16.6032,0.110168
4.26575,16.6056,-0.159604E-01
4.26636,16.6079,0.834489E-01
4.26697,16.6103,-0.880464E-02
4.26758,16.6127,0.166303E-01
4.26819,16.6151,0.273019
4.26880,16.6174,-0.204196E-01
4.26941,16.6198,0.339646E-01
4.27002,16.6222,0.582047E-01
4.27063,16.6246,0.148101
4.27124,16.6269,-0.346369E-02
4.27185,16.6293,-0.228677E-01
4.27246,16.6317,-0.371657E-01
4.27307,16.6341,0.573924E-01
4.27368,16.6364,0.185872E-01
4.27429,16.6388,0.661186E-01
4.27490,16.6412,-0.181721E-02
4.27551,16.6436,0.822682E-01
4.27612,16.6459,0.363627E-01
4.27673,16.6483,-0.189540E-01
4.27734,16.6507,0.159682E-01
4.27795,16.6531,-0.411560E-01
4.27856,16.6554,-0.307867
4.27917,16.6578,-0.171910
4.27979,16.6602,0.130154
4.28040,16.6626,0.998524E-01
4.28101,16.6649,0.234521
4.28162,16.6673,0.127490
4.28223,16.6697,0.401328E-01
4.28284,16.6721,0.129347
4.28345,16.6745,0.182544E-01
4.28406,16.6768,0.979026E-02
4.28467,16.6792,-0.996831E-01
4.28528,16.6816,-0.117830
4.28589,16.6840,-0.106883
4.28650,16.6863,0.347020E-01
4.28711,16.6887,0.130588E-01
4.28772,16.6911,0.714885E-01
4.28833,16.6935,-0.107138
4.28894,16.6958,0.107819E-01
4.28955,16.6982,-0.573545E-02
4.29016,16.7006,0.314168E-01
4.29077,16.7030,-0.154840E-02
4.29138,16.7053,0.124978E-01
4.29199,16.7077,-0.712187E-01
4.29260,16.7101,0.167744
4.29321,16.7125,0.287741E-01
4.29382,16.7148,-0.520844E-01
4.29443,16.7172,0.353234E-01
4.29504,16.7196,0.867333E-02
4.29565,16.7220,0.294312E-01
4.29626,16.7243,0.123977
4.29688,16.7267,0.175037
4.29749,16.7291,0.651261E-02
4.29810,16.7315,0.208722E-01
4.29871,16.7339,0.448557E-01
4.29932,16.7362,0.108353
4.29993,16.7386,0.177379E-02
4.30054,16.7410,0.127528E-01
4.30115,16.7434,0.106940E-01
4.30176,16.7457,0.188956
4.30237,16.7481,-0.637210E-01
4.30298,16.7505,0.718200E-02
4.30359,16.7529,0.542698E-01
4.30420,16.7552,-0.609368E-01
4.30481,16.7576,0.427314E-01
4.30542,16.7600,0.398081E-01
4.30603,16.7624,-0.312410E-01
4.30664,16.7647,0.345006
4.30725,16.7671,-0.786655E-02
4.30786,16.7695,-0.668713E-01
4.30847,16.7719,0.582168E-01
4.30908,16.7742,0.597530E-01
4.30969,16.7766,0.811126E-01
4.31030,16.7790,0.687360E-01
4.31091,16.7814,0.155085
4.31152,16.7837,0.132242
4.31213,16.7861,-0.285755
4.31274,16.7885,-0.158950
4.31335,16.7909,-0.773674E-01
4.31396,16.7933,0.290367
4.31458,16.7956,0.247102
4.31519,16.7980,0.441640E-01
4.31580,16.8004,0.390204
4.31641,16.8028,0.106949
4.31702,16.8051,-0.156425
4.31763,16.8075,-0.126544
4.31824,16.8099,-0.413378E-01
4.31885,16.8123,-0.299145E-01
4.31946,16.8146,0.317983
4.32007,16.8170,0.114303
4.32068,16.8194,0.527712E-01
4.32129,16.8218,0.217395E-01
4.32190,16.8241,-0.234537E-01
4.32251,16.8265,0.603742E-01
4.32312,16.8289,0.167485E-01
4.32373,16.8313,0.501707E-01
4.32434,16.8336,0.144473E-01
4.32495,16.8360,0.535629E-01
4.32556,16.8384,0.182068
4.32617,16.8408,-0.631407E-01
4.32678,16.8431,0.144994
4.32739,16.8455,-0.619335E-01
4.32800,16.8479,0.151517E-01
4.32861,16.8503,-0.248712
4.32922,16.8527,-0.103575
4.32983,16.8550,0.142486
4.33044,16.8574,-0.163193E-02
4.33105,16.8598,0.280722E-01
4.33167,16.8622,0.859536E-01
4.33228,16.8645,0.147132
4.33289,16.8669,-0.144393E-01
4.33350,16.8693,0.137026E-01
4.33411,16.8717,0.217113E-01
4.33472,16.8740,0.838179E-01
4.33533,16.8764,-0.113976
4.33594,16.8788,0.500822E-01
4.33655,16.8812,-0.289657E-01
4.33716,16.8835,-0.311166E-01
4.33777,16.8859,0.125765E-02
4.33838,16.8883,-0.230100E-01
4.33899,16.8907,0.390343E-01
4.33960,16.8930,-0.260973E-01
4.34021,16.8954,0.846738E-01
4.34082,16.8978,0.134933
4.34143,16.9002,-0.612986E-01
4.34204,16.9025,0.288917E-01
4.34265,16.9049,-0.680902E-01
4.34326,16.9073,0.163347E-01
4.34387,16.9097,0.148892
4.34448,16.9120,-0.533363E-01
4.34509,16.9144,-0.220851
4.34570,16.9168,-0.650978E-02
4.34631,16.9192,-0.533709E-03
4.34692,16.9216,-0.134533E-01
4.34753,16.9239,0.242335E-01
4.34814,16.9263,-0.457603E-01
4.34875,16.9287,0.141279E-01
4.34937,16.9311,-0.453073E-01
4.34998,16.9334,-0.223424E-01
4.35059,16.9358,0.172285
4.35120,16.9382,0.171719
4.35181,16.9406,0.213320E-01
4.35242,16.9429,0.716675E-02
4.35303,16.9453,0.100061
4.35364,16.9477,-0.910125E-01
4.35425,16.9501,-0.417175E-01
4.35486,16.9524,-0.731212E-01
4.35547,16.9548,-0.844902E-02
4.35608,16.9572,-0.363096E-01
4.35669,16.9596,0.141655
4.35730,16.9619,0.229892E-01
4.35791,16.9643,-0.179525
4.35852,16.9667,0.151113
4.35913,16.9691,-0.480746E-01
4.35974,16.9714,0.290847E-01
4.36035,16.9738,0.365397E-01
4.36096,16.9762,0.967097E-01
4.36157,16.9786,-0.594123E-01
4.36218,16.9810,0.112565
4.36279,16.9833,0.206389
4.36340,16.9857,0.150341
4.36401,16.9881,-0.697022E-01
4.36462,16.9905,-0.145514
4.36523,16.9928,-0.855944E-02
4.36584,16.9952,-0.855647E-02
4.36646,16.9976,0.184979E-01
4.36707,17.0000,0.995395E-01
4.36768,17.0023,-0.267454E-01
4.36829,17.0047,-0.962246E-01
4.36890,17.0071,-0.302534E-01
4.36951,17.0095,-0.130882E-01
4.37012,17.0118,-0.124145
4.37073,17.0142,-0.596498E-01
4.37134,17.0166,-0.740040E-01
4.37195,17.0190,0.137256
4.37256,17.0213,0.166510
4.37317,17.0237,0.573552E-01
4.37378,17.0261,0.227562
4.37439,17.0285,0.883585E-01
4.37500,17.0308,0.150641
4.37561,17.0332,0.420028E-01
4.37622,17.0356,-0.129486
4.37683,17.0380,0.705318E-02
4.37744,17.0404,-0.371912E-01
4.37805,17.0427,-0.672649E-02
4.37866,17.0451,-0.207931E-01
4.37927,17.0475,-0.375427E-01
4.37988,17.0499,0.435986E-01
4.38049,17.0522,0.813493E-01
4.38110,17.0546,-0.385976E-04
4.38171,17.0570,-0.146040E-01
4.38232,17.0594,0.135913
4.38293,17.0617,0.177045E-01
4.38354,17.0641,0.152568E-01
4.38416,17.0665,-0.736156E-01
4.38477,17.0689,0.452242E-01
4.38538,17.0712,0.864231E-01
4.38599,17.0736,-0.594843E-02
4.38660,17.0760,-0.299924E-01
4.38721,17.0784,0.594115E-02
4.38782,17.0807,0.194024E-01
4.38843,17.0831,0.313802E-02
4.38904,17.0855,-0.119222E-01
4.38965,17.0879,-0.365557E-03
4.39026,17.0902,0.518032E-02
4.39087,17.0926,0.475311E-02
4.39148,17.0950,-0.201482E-01
4.39209,17.0974,0.618171E-02
4.39270,17.0997,-0.522734E-03
4.39331,17.1021,0.166342E-01
4.39392,17.1045,0.169298
4.39453,17.1069,-0.319601E-01
4.39514,17.1093,0.143479E-02
4.39575,17.1116,0.349369E-01
4.39636,17.1140,0.868222E-01
4.39697,17.1164,-0.525767E-02
4.39758,17.1188,-0.514313E-01
4.39819,17.1211,0.789000E-03
4.39880,17.1235,0.273155E-01
4.39941,17.1259,0.687663E-01
4.40002,17.1283,0.289625E-01
4.40063,17.1306,0.704856E-02
4.40125,17.1330,-0.291345E-01
4.40186,17.1354,0.338700E-01
4.40247,17.1378,-0.782519E-02
4.40308,17.1401,-0.827012E-01
4.40369,17.1425,-0.861130E-03
4.40430,17.1449,-0.186667
4.40491,17.1473,0.427821E-01
4.40552,17.1496,-0.794664E-02
4.40613,17.1520,0.383043E-01
4.40674,17.1544,0.124724
4.40735,17.1568,-0.693001E-01
4.40796,17.1591,0.327304E-01
4.40857,17.1615,-0.152107E-01
4.40918,17.1639,0.213343E-01
4.40979,17.1663,0.772687E-01
4.41040,17.1687,0.329903E-01
4.41101,17.1710,-0.507480E-01
4.41162,17.1734,-0.273022E-01
4.41223,17.1758,-0.189860
4.41284,17.1782,0.179191E-01
4.41345,17.1805,0.471597E-01
4.41406,17.1829,0.475438E-01
4.41467,17.1853,-0.137511E-01
4.41528,17.1877,0.341604
4.41589,17.1900,-0.444988E-01
4.41650,17.1924,0.112073E-01
4.41711,17.1948,-0.505435E-01
4.41772,17.1972,-0.103226
4.41833,17.1995,0.592098E-01
4.41895,17.2019,-0.385257E-01
4.41956,17.2043,0.110698
4.42017,17.2067,-0.740813E-01
4.42078,17.2090,0.192072
4.42139,17.2114,0.330834E-01
4.42200,17.2138,0.356805E-01
4.42261,17.2162,-0.703369E-01
4.42322,17.2185,0.201586
4.42383,17.2209,-0.130896
4.42444,17.2233,0.345638E-03
4.42505,17.2257,-0.565406E-01
4.42566,17.2281,-0.157159
4.42627,17.2304,-0.473748E-01
4.42688,17.2328,0.182425
4.42749,17.2352,-0.242121E-01
4.42810,17.2376,-0.377311E-02
4.42871,17.2399,-0.100701
4.42932,17.2423,-0.831475E-02
4.42993,17.2447,0.783017E-01
4.43054,17.2471,-0.453832E-01
4.43115,17.2494,0.238514
4.43176,17.2518,0.955346E-03
4.43237,17.2542,0.110566E-01
4.43298,17.2566,-0.319199E-01
4.43359,17.2589,0.141127
4.43420,17.2613,0.470906E-01
4.43481,17.2637,0.526070E-02
4.43542,17.2661,-0.885318E-01
4.43604,17.2684,-0.386125E-01
4.43665,17.2708,0.326283E-01
4.43726,17.2732,0.151971
4.43787,17.2756,-0.290495E-01
4.43848,17.2779,0.430715E-01
4.43909,17.2803,0.748982E-01
4.43970,17.2827,0.318238E-01
4.44031,17.2851,-0.154247
4.44092,17.2875,-0.191476E-01
4.44153,17.2898,0.474949E-01
4.44214,17.2922,0.564911E-01
4.44275,17.2946,-0.211013E-01
4.44336,17.2970,0.573372E-01
4.44397,17.2993,-0.256784E-01
4.44458,17.3017,0.226326E-02
4.44519,17.3041,0.101910E-01
4.44580,17.3065,0.276060E-01
4.44641,17.3088,-0.698461E-01
4.44702,17.3112,-0.130126E-02
4.44763,17.3136,0.499357E-02
4.44824,17.3160,-0.211656E-01
4.44885,17.3183,0.142362
4.44946,17.3207,0.312301
4.45007,17.3231,-0.820909E-01
4.45068,17.3255,0.452636E-01
4.45129,17.3278,0.821212E-01
4.45190,17.3302,0.527196E-01
4.45251,17.3326,-0.134342E-01
4.45312,17.3350,0.107466
4.45374,17.3373,0.923526E-01
4.45435,17.3397,0.360707E-01
4.45496,17.3421,-0.147860E-01
4.45557,17.3445,0.581058E-01
4.45618,17.3468,0.179685
4.45679,17.3492,-0.109717E-01
4.45740,17.3516,0.328574E-01
4.45801,17.3540,0.175170E-01
4.45862,17.3564,-0.225508
4.45923,17.3587,0.390007E-01
4.45984,17.3611,0.102895E-02
4.46045,17.3635,-0.128883
4.46106,17.3659,-0.150400
4.46167,17.3682,-0.713267E-02
4.46228,17.3706,0.627573E-01
4.46289,17.3730,-0.316955E-01
4.46350,17.3754,0.336210E-01
4.46411,17.3777,-0.123970
4.46472,17.3801,0.135687
4.46533,17.3825,-0.918382E-01
4.46594,17.3849,0.375467E-01
4.46655,17.3872,-0.951092E-01
4.46716,17.3896,-0.197309E-01
4.46777,17.3920,-0.550591E-01
4.46838,17.3944,-0.478981E-01
4.46899,17.3967,-0.103060
4.46960,17.3991,0.843612E-01
4.47021,17.4015,-0.131685
4.47083,17.4039,-0.283046E-01
4.47144,17.4062,-0.675282E-02
4.47205,17.4086,0.561509E-01
4.47266,17.4110,0.207551
4.47327,17.4134,0.171674E-01
4.47388,17.4158,-0.538158E-02
4.47449,17.4181,-0.196653E-01
4.47510,17.4205,0.254675
4.47571,17.4229,-0.624291E-02
4.47632,17.4253,0.608549E-01
4.47693,17.4276,0.840701E-01
4.47754,17.4300,0.899527E-01
4.47815,17.4324,0.524475E-01
4.47876,17.4348,-0.113295E-02
4.47937,17.4371,0.559048E-02
4.47998,17.4395,-0.136044E-01
4.48059,17.4419,-0.167448E-02
4.48120,17.4443,0.157265
4.48181,17.4466,0.234776
4.48242,17.4490,0.101823
4.48303,17.4514,-0.829967E-01
4.48364,17.4538,0.680403E-01
4.48425,17.4561,0.688064E-01
4.48486,17.4585,0.169191E-01
4.48547,17.4609,0.327515E-01
4.48608,17.4633,0.716540E-01
4.48669,17.4656,-0.209940E-02
4.48730,17.4680,-0.523535E-02
4.48792,17.4704,-0.137510E-01
4.48853,17.4728,-0.515548E-01
4.48914,17.4752,-0.169038
4.48975,17.4775,-0.306227E-01
4.49036,17.4799,0.586222E-01
4.49097,17.4823,-0.840639E-01
4.49158,17.4847,-0.454754E-01
4.49219,17.4870,-0.187141E-01
4.49280,17.4894,-0.393383E-01
4.49341,17.4918,-0.139391
4.49402,17.4942,-0.408022E-01
4.49463,17.4965,0.929019E-01
4.49524,17.4989,-0.548094E-01
4.49585,17.5013,-0.481508E-01
4.49646,17.5037,0.932343E-01
4.49707,17.5060,-0.778052E-02
4.49768,17.5084,0.114953E-01
4.49829,17.5108,-0.247859E-01
4.49890,17.5132,0.364261E-01
4.49951,17.5155,0.317869E-01
4.50012,17.5179,-0.720032E-01
4.50073,17.5203,0.388455E-01
4.50134,17.5227,0.282572E-01
4.50195,17.5250,-0.744697E-01
4.50256,17.5274,0.622014E-01
4.50317,17.5298,0.428361E-03
4.50378,17.5322,-0.111150E-01
4.50439,17.5345,-0.162420E-01
4.50500,17.5369,-0.883108E-02
4.50562,17.5393,-0.233094E-01
4.50623,17.5417,0.732468E-01
4.50684,17.5441,-0.475058E-01
4.50745,17.5464,-0.500938E-01
4.50806,17.5488,0.879413E-02
4.50867,17.5512,-0.136769E-01
4.50928,17.5536,0.322727E-01
4.50989,17.5559,0.110669
4.51050,17.5583,-0.804115E-02
4.51111,17.5607,-0.393649E-01
4.51172,17.5631,-0.756720E-01
4.51233,17.5654,0.803022E-01
4.51294,17.5678,0.205667
4.51355,17.5702,0.964431E-02
4.51416,17.5726,-0.231329E-01
4.51477,17.5749,-0.807242E-02
4.51538,17.5773,0.132142
4.51599,17.5797,0.134543
4.51660,17.5821,-0.121491
4.51721,17.5844,0.367277E-01
4.51782,17.5868,0.176257
4.51843,17.5892,-0.849787E-01
4.51904,17.5916,-0.290782E-02
4.51965,17.5939,-0.460600E-03
4.52026,17.5963,-0.428777E-01
4.52087,17.5987,0.453109E-02
4.52148,17.6011,0.653576E-01
4.52209,17.6035,-0.488722E-01
4.52271,17.6058,0.683137E-01
4.52332,17.6082,-0.328496E-01
4.52393,17.6106,-0.275895E-01
4.52454,17.6130,0.514762E-01
4.52515,17.6153,-0.272550E-02
4.52576,17.6177,-0.364818E-01
4.52637,17.6201,0.722246E-01
4.52698,17.6225,0.437266E-01
4.52759,17.6248,-0.607283E-01
4.52820,17.6272,0.255511E-01
4.52881,17.6296,-0.464762E-03
4.52942,17.6320,0.549930E-01
4.53003,17.6343,-0.490202E-01
4.53064,17.6367,0.596823E-01
4.53125,17.6391,0.507430E-01
4.53186,17.6415,0.260211E-02
4.53247,17.6438,-0.604390E-01
4.53308,17.6462,0.126303
4.53369,17.6486,0.134738
4.53430,17.6510,-0.192071E-01
4.53491,17.6533,-0.523012E-01
4.53552,17.6557,-0.846443E-01
4.53613,17.6581,0.275284E-01
4.53674,17.6605,-0.942338E-01
4.53735,17.6629,0.605149E-01
4.53796,17.6652,0.350323E-01
4.53857,17.6676,-0.248265E-02
4.53918,17.6700,0.796818E-01
4.53979,17.6724,-0.107781
4.54041,17.6747,0.148876
4.54102,17.6771,-0.233008E-01
4.54163,17.6795,-0.121999E-01
4.54224,17.6819,-0.315668E-01
4.54285,17.6842,0.126603E-01
4.54346,17.6866,0.410239E-01
4.54407,17.6890,-0.386419E-01
4.54468,17.6914,0.908114E-01
4.54529,17.6937,0.124536
4.54590,17.6961,-0.911956E-02
4.54651,17.6985,-0.745252E-01
4.54712,17.7009,0.191617E-01
4.54773,17.7032,-0.446468E-01
4.54834,17.7056,0.294958E-01
4.54895,17.7080,-0.446294E-01
4.54956,17.7104,-0.218160E-01
4.55017,17.7127,0.183372
4.55078,17.7151,-0.108664
4.55139,17.7175,-0.232752E-01
4.55200,17.7199,-0.191952E-02
4.55261,17.7222,0.245311E-01
4.55322,17.7246,-0.249879E-01
4.55383,17.7270,-0.169700E-01
4.55444,17.7294,0.487008E-01
4.55505,17.7318,0.408533E-01
4.55566,17.7341,0.181719E-01
4.55627,17.7365,-0.244280E-01
4.55688,17.7389,0.109903
4.55750,17.7413,0.124810
4.55811,17.7436,0.230573E-02
4.55872,17.7460,0.137156
4.55933,17.7484,0.346920E-01
4.55994,17.7508,-0.149224E-01
4.56055,17.7531,0.786438E-02
4.56116,17.7555,-0.356308E-01
4.56177,17.7579,0.886401E-01
4.56238,17.7603,0.666498E-02
4.56299,17.7626,-0.754678E-01
4.56360,17.7650,-0.175261E-01
4.56421,17.7674,-0.110976E-01
4.56482,17.7698,0.267046E-01
4.56543,17.7721,0.603132E-01
4.56604,17.7745,0.291605E-01
4.56665,17.7769,0.309565E-01
4.56726,17.7793,-0.134943
4.56787,17.7816,0.107924E-01
4.56848,17.7840,0.428122E-01
4.56909,17.7864,-0.104919E-01
4.56970,17.7888,0.427637E-01
4.57031,17.7912,0.640122E-01
4.57092,17.7935,0.104868
4.57153,17.7959,0.608758E-01
4.57214,17.7983,0.297039E-02
4.57275,17.8007,0.683557E-01
4.57336,17.8030,-0.134225E-01
4.57397,17.8054,-0.648796E-01
4.57458,17.8078,0.431821E-01
4.57520,17.8102,-0.425145E-02
4.57581,17.8125,0.613497E-01
4.57642,17.8149,0.517542E-01
4.57703,17.8173,-0.119984E-01
4.57764,17.8197,0.239868
4.57825,17.8220,-0.383535E-02
4.57886,17.8244,0.896515E-01
4.57947,17.8268,0.619607E-01
4.58008,17.8292,-0.392065E-01
4.58069,17.8315,0.108652E-01
4.58130,17.8339,0.331784E-01
4.58191,17.8363,0.704447E-02
4.58252,17.8387,0.718227E-02
4.58313,17.8410,0.450763E-01
4.58374,17.8434,0.698522E-01
4.58435,17.8458,0.329006E-01
4.58496,17.8482,-0.432428E-01
4.58557,17.8506,0.974289E-01
4.58618,17.8529,0.203268
4.58679,17.8553,-0.929398E-02
4.58740,17.8577,0.792339E-01
4.58801,17.8601,0.170148E-01
4.58862,17.8624,-0.481224E-01
4.58923,17.8648,0.415875E-01
4.58984,17.8672,0.248030E-01
4.59045,17.8696,-0.373842E-01
4.59106,17.8719,0.439110E-02
4.59167,17.8743,0.234038E-01
4.59229,17.8767,0.888994E-01
4.59290,17.8791,0.249143
4.59351,17.8814,0.260792
4.59412,17.8838,0.671870E-01
4.59473,17.8862,-0.393733E-03
4.59534,17.8886,0.219789E-01
4.59595,17.8909,0.686422E-01
4.59656,17.8933,-0.101762
4.59717,17.8957,-0.915459E-01
4.59778,17.8981,0.308854E-01
4.59839,17.9004,-0.625599E-02
4.59900,17.9028,0.228791E-01
4.59961,17.9052,0.135399
4.60022,17.9076,0.107691E-01
4.60083,17.9100,0.998163E-01
4.60144,17.9123,-0.144522
4.60205,17.9147,-0.441108E-01
4.60266,17.9171,-0.506028E-01
4.60327,17.9195,0.779620E-01
4.60388,17.9218,0.170744
4.60449,17.9242,0.204301E-01
4.60510,17.9266,-0.900024E-02
4.60571,17.9290,0.501088E-01
4.60632,17.9313,-0.136499E-01
4.60693,17.9337,-0.903485E-01
4.60754,17.9361,0.656733E-01
4.60815,17.9385,0.324082E-02
4.60876,17.9408,0.104926
4.60938,17.9432,0.461627E-02
4.60999,17.9456,0.304981E-02
4.61060,17.9480,-0.189832E-01
4.61121,17.9503,0.146178E-01
4.61182,17.9527,-0.362250E-01
4.61243,17.9551,-0.513020E-01
4.61304,17.9575,-0.987766E-01
4.61365,17.9598,0.217132
4.61426,17.9622,0.138500
4.61487,17.9646,-0.158431
4.61548,17.9670,-0.142807E-01
4.61609,17.9693,-0.288450E-01
4.61670,17.9717,0.198892E-01
4.61731,17.9741,-0.400117E-01
4.61792,17.9765,-0.557098E-01
4.61853,17.9789,-0.105003
4.61914,17.9812,0.967950E-01
4.61975,17.9836,0.399508E-01
4.62036,17.9860,-0.219481E-02
4.62097,17.9884,-0.114236E-02
4.62158,17.9907,0.578268E-01
4.62219,17.9931,0.131232E-01
4.62280,17.9955,-0.234878E-01
4.62341,17.9979,-0.658187E-01
4.62402,18.0002,-0.389677E-01
4.62463,18.0026,-0.277536E-01
4.62524,18.0050,0.466165E-01
4.62585,18.0074,-0.724087E-03
4.62646,18.0097,0.180377E-01
4.62708,18.0121,-0.128682E-02
4.62769,18.0145,-0.117507
4.62830,18.0169,-0.819214E-01
4.62891,18.0192,0.124791E-01
4.62952,18.0216,-0.503478E-02
4.63013,18.0240,0.416681E-01
4.63074,18.0264,0.123303
4.63135,18.0287,-0.182529E-01
4.63196,18.0311,0.116602
4.63257,18.0335,0.944061E-02
4.63318,18.0359,0.398567E-01
4.63379,18.0383,-0.864548E-02
4.63440,18.0406,0.779641E-01
4.63501,18.0430,0.173422E-01
4.63562,18.0454,0.223490
4.63623,18.0478,-0.182020
4.63684,18.0501,-0.128092
4.63745,18.0525,-0.709271E-02
4.63806,18.0549,-0.139141
4.63867,18.0573,0.414249E-01
4.63928,18.0596,0.547679E-01
4.63989,18.0620,0.124119
4.64050,18.0644,0.289176
4.64111,18.0668,0.687427E-01
4.64172,18.0691,0.102906
4.64233,18.0715,0.971729E-01
4.64294,18.0739,-0.133352
4.64355,18.0763,0.782001E-01
4.64417,18.0786,0.300859E-01
4.64478,18.0810,-0.439209E-01
4.64539,18.0834,-0.309191E-01
4.64600,18.0858,0.530567E-01
4.64661,18.0881,-0.206997E-01
4.64722,18.0905,0.129871
4.64783,18.0929,0.144009
4.64844,18.0953,-0.321919E-01
4.64905,18.0977,-0.656318E-01
4.64966,18.1000,0.171041E-01
4.65027,18.1024,0.194816E-01
4.65088,18.1048,-0.356927E-01
4.65149,18.1072,0.446079E-02
4.65210,18.1095,0.275506E-01
4.65271,18.1119,0.283056E-01
4.65332,18.1143,0.309356E-01
4.65393,18.1167,-0.964971E-01
4.65454,18.1190,0.272657E-01
4.65515,18.1214,0.158100E-01
4.65576,18.1238,-0.160185E-01
4.65637,18.1262,-0.102446E-01
4.65698,18.1285,-0.277927E-01
4.65759,18.1309,0.635486E-01
4.65820,18.1333,-0.591823E-02
4.65881,18.1357,-0.902391E-02
4.65942,18.1380,0.175305E-01
4.66003,18.1404,0.235969E-01
4.66064,18.1428,0.150667E-01
4.66125,18.1452,0.217910
4.66187,18.1475,0.226365
4.66248,18.1499,0.166496
4.66309,18.1523,-0.659464E-01
4.66370,18.1547,-0.955668E-01
4.66431,18.1570,-0.241761E-03
4.66492,18.1594,0.755069E-01
4.66553,18.1618,0.504425E-01
4.66614,18.1642,-0.203206E-01
4.66675,18.1666,0.549154
4.66736,18.1689,0.271413E-01
4.66797,18.1713,0.168754
4.66858,18.1737,0.785984E-01
4.66919,18.1761,-0.785454E-02
4.66980,18.1784,0.794485E-01
4.67041,18.1808,0.156208E-01
4.67102,18.1832,-0.790535E-02
4.67163,18.1856,0.802194E-02
4.67224,18.1879,0.425261E-01
4.67285,18.1903,0.236665E-01
4.67346,18.1927,-0.826047E-02
4.67407,18.1951,-0.111625
4.67468,18.1974,0.669550E-01
4.67529,18.1998,-0.592964E-02
4.67590,18.2022,0.702404E-01
4.67651,18.2046,0.174688E-01
4.67712,18.2069,0.889619E-01
4.67773,18.2093,-0.440139E-01
4.67834,18.2117,0.285101E-02
4.67896,18.2141,-0.372739E-01
4.67957,18.2164,-0.570278E-01
4.68018,18.2188,0.148034E-02
4.68079,18.2212,-0.438275E-01
4.68140,18.2236,-0.531689E-01
4.68201,18.2260,0.428599E-03
4.68262,18.2283,0.150585
4.68323,18.2307,-0.589724E-01
4.68384,18.2331,0.450245E-01
4.68445,18.2355,0.980692E-01
4.68506,18.2378,0.827432E-02
4.68567,18.2402,-0.503749E-01
4.68628,18.2426,0.333814E-01
4.68689,18.2450,-0.113631E-01
4.68750,18.2473,0.271447E-01
4.68811,18.2497,0.525520
4.68872,18.2521,-0.167378
4.68933,18.2545,-0.554640E-01
4.68994,18.2568,0.702642E-01
4.69055,18.2592,-0.999324E-01
4.69116,18.2616,0.157028
4.69177,18.2640,0.660966E-01
4.69238,18.2663,-0.165948
4.69299,18.2687,-0.152987
4.69360,18.2711,0.293395E-01
4.69421,18.2735,-0.478697E-01
4.69482,18.2758,0.414445E-01
4.69543,18.2782,-0.633712E-01
4.69604,18.2806,0.225174E-01
4.69666,18.2830,-0.117896E-01
4.69727,18.2854,-0.226273E-01
4.69788,18.2877,-0.181693E-01
4.69849,18.2901,0.494760E-02
4.69910,18.2925,-0.388789E-01
4.69971,18.2949,0.218040E-01
4.70032,18.2972,0.450245E-02
4.70093,18.2996,0.262830E-01
4.70154,18.3020,0.391950E-02
4.70215,18.3044,0.136453
4.70276,18.3067,-0.332181E-01
4.70337,18.3091,0.156637E-01
4.70398,18.3115,-0.174970E-01
4.70459,18.3139,0.122533
4.70520,18.3162,-0.399202E-01
4.70581,18.3186,0.440456E-01
4.70642,18.3210,0.825530E-01
4.70703,18.3234,-0.267756
4.70764,18.3257,0.111111E-03
4.70825,18.3281,0.129846E-01
4.70886,18.3305,-0.172056E-01
4.70947,18.3329,0.962315E-02
4.71008,18.3352,0.294501
4.71069,18.3376,0.563892E-03
4.71130,18.3400,0.124836
4.71191,18.3424,0.177106E-01
4.71252,18.3448,-0.704759E-01
4.71313,18.3471,0.364627E-02
4.71375,18.3495,-0.236927E-01
4.71436,18.3519,0.554769E-01
4.71497,18.3543,0.607381E-01
4.71558,18.3566,0.121657
4.71619,18.3590,0.193352
4.71680,18.3614,-0.112128
4.71741,18.3638,0.412194E-01
4.71802,18.3661,-0.108920E-01
4.71863,18.3685,-0.296132E-01
4.71924,18.3709,-0.949818E-01
4.71985,18.3733,-0.719682E-01
4.72046,18.3756,0.149144
4.72107,18.3780,-0.136318
4.72168,18.3804,0.108946E-01
4.72229,18.3828,0.861158E-01
4.72290,18.3851,-0.239999E-01
4.72351,18.3875,-0.329950E-01
4.72412,18.3899,-0.999881E-01
4.72473,18.3923,-0.126767
4.72534,18.3946,-0.355359E-01
4.72595,18.3970,-0.476865E-01
4.72656,18.3994,-0.158945
4.72717,18.4018,0.498942E-01
4.72778,18.4041,-0.121966E-01
4.72839,18.4065,-0.132398
4.72900,18.4089,0.702897E-01
4.72961,18.4113,0.290585
4.73022,18.4137,0.151293
4.73083,18.4160,0.298754E-02
4.73145,18.4184,0.230812E-02
4.73206,18.4208,0.152685E-01
4.73267,18.4232,0.145959E-01
4.73328,18.4255,0.284120
4.73389,18.4279,-0.317855E-01
4.73450,18.4303,-0.100324E-01
4.73511,18.4327,0.138134
4.73572,18.4350,0.717015E-02
4.73633,18.4374,0.265559E-01
4.73694,18.4398,0.636910E-01
4.73755,18.4422,0.138068
4.73816,18.4445,0.640240E-01
4.73877,18.4469,0.294169E-01
4.73938,18.4493,-0.108974E-02
4.73999,18.4517,-0.135244
4.74060,18.4540,0.555761E-02
4.74121,18.4564,-0.374622E-01
4.74182,18.4588,0.407321E-03
4.74243,18.4612,0.226196
4.74304,18.4635,-0.811065E-01
4.74365,18.4659,0.770967E-01
4.74426,18.4683,-0.221438E-01
4.74487,18.4707,-0.913437E-01
4.74548,18.4731,-0.119498
4.74609,18.4754,0.152522
4.74670,18.4778,0.106900
4.74731,18.4802,0.229028E-01
4.74792,18.4826,-0.428599E-02
4.74854,18.4849,0.271244
4.74915,18.4873,-0.614621E-01
4.74976,18.4897,-0.291029E-01
4.75037,18.4921,-0.849558E-01
4.75098,18.4944,0.424311E-02
4.75159,18.4968,0.881183E-01
4.75220,18.4992,0.519294E-01
4.75281,18.5016,0.460584E-01
4.75342,18.5039,0.574507E-01
4.75403,18.5063,0.133295
4.75464,18.5087,0.680600E-02
4.75525,18.5111,0.168894E-01
4.75586,18.5134,0.504741E-01
4.75647,18.5158,0.932959E-01
4.75708,18.5182,0.219587E-01
4.75769,18.5206,0.113226
4.75830,18.5229,-0.179024
4.75891,18.5253,0.249223
4.75952,18.5277,0.779982E-01
4.76013,18.5301,-0.611029E-02
4.76074,18.5325,-0.455942E-02
4.76135,18.5348,-0.853076E-01
4.76196,18.5372,0.139506E-01
4.76257,18.5396,0.932944E-01
4.76318,18.5420,0.955198E-01
4.76379,18.5443,0.544395E-01
4.76440,18.5467,0.612287E-01
4.76501,18.5491,-0.150141
4.76562,18.5515,-0.113480
4.76624,18.5538,-0.344042E-01
4.76685,18.5562,0.700023E-01
4.76746,18.5586,0.905250E-01
4.76807,18.5610,0.130069E-01
4.76868,18.5633,0.963792E-03
4.76929,18.5657,0.658502E-01
4.76990,18.5681,0.266091E-02
4.77051,18.5705,0.115645E-01
4.77112,18.5728,0.158801E-01
4.77173,18.5752,0.256171E-01
4.77234,18.5776,-0.206600E-02
4.77295,18.5800,-0.416748E-02
4.77356,18.5823,0.164442
4.77417,18.5847,0.114606
4.77478,18.5871,0.164763E-01
4.77539,18.5895,-0.266839E-01
4.77600,18.5918,-0.171821E-01
4.77661,18.5942,-0.406210E-01
4.77722,18.5966,-0.779011E-02
4.77783,18.5990,0.462155E-02
4.77844,18.6014,0.379901E-01
4.77905,18.6037,-0.159655E-01
4.77966,18.6061,-0.130372E-01
4.78027,18.6085,0.103607E-01
4.78088,18.6109,-0.636345E-01
4.78149,18.6132,-0.560167E-01
4.78210,18.6156,0.542379E-01
4.78271,18.6180,0.113968
4.78333,18.6204,0.116924
4.78394,18.6227,-0.100691E-01
4.78455,18.6251,0.184934
4.78516,18.6275,-0.254421E-01
4.78577,18.6299,0.320043E-01
4.78638,18.6322,-0.176392E-01
4.78699,18.6346,0.183989
4.78760,18.6370,0.161376E-01
4.78821,18.6394,-0.564853E-01
4.78882,18.6417,0.973196E-01
4.78943,18.6441,0.428229E-02
4.79004,18.6465,-0.601987E-02
4.79065,18.6489,0.498519E-01
4.79126,18.6512,-0.728123E-01
4.79187,18.6536,0.378094E-01
4.79248,18.6560,-0.330004E-02
4.79309,18.6584,0.155378E-01
4.79370,18.6608,-0.493212E-01
4.79431,18.6631,-0.992204E-02
4.79492,18.6655,0.326897E-01
4.79553,18.6679,0.133205E-01
4.79614,18.6703,0.181398E-01
4.79675,18.6726,-0.182717E-01
4.79736,18.6750,-0.227957E-01
4.79797,18.6774,0.269874E-02
4.79858,18.6798,-0.437573E-02
4.79919,18.6821,-0.154272
4.79980,18.6845,0.171589E-01
4.80042,18.6869,0.526569E-01
4.80103,18.6893,-0.859567E-01
4.80164,18.6916,0.740024E-01
4.80225,18.6940,0.118533
4.80286,18.6964,-0.310832E-01
4.80347,18.6988,-0.942849E-01
4.80408,18.7011,0.809595E-01
4.80469,18.7035,0.150195
4.80530,18.7059,0.114768
4.80591,18.7083,-0.668737E-01
4.80652,18.7106,-0.575496E-01
4.80713,18.7130,0.153767E-01
4.80774,18.7154,-0.508738E-01
4.80835,18.7178,0.191880E-01
4.80896,18.7202,-0.582740E-01
4.80957,18.7225,-0.564070E-01
4.81018,18.7249,0.515444E-01
4.81079,18.7273,0.362889E-02
4.81140,18.7297,0.141264E-02
4.81201,18.7320,-0.182117E-01
4.81262,18.7344,0.357221E-01
4.81323,18.7368,-0.889538E-01
4.81384,18.7392,0.454234E-01
4.81445,18.7415,0.153118
4.81506,18.7439,-0.417824E-01
4.81567,18.7463,0.549746E-01
4.81628,18.7487,-0.717745E-01
4.81689,18.7510,-0.293382E-01
4.81750,18.7534,0.107408
4.81812,18.7558,0.339838E-02
4.81873,18.7582,0.385083E-01
4.81934,18.7605,0.413225E-01
4.81995,18.7629,-0.653421E-01
4.82056,18.7653,-0.122664
4.82117,18.7677,-0.653387E-02
4.82178,18.7700,0.103421
4.82239,18.7724,0.472260E-01
4.82300,18.7748,0.111731E-01
4.82361,18.7772,-0.617722E-01
4.82422,18.7795,-0.122048
4.82483,18.7819,-0.776264E-01
4.82544,18.7843,0.159362E-01
4.82605,18.7867,0.750066E-01
4.82666,18.7891,-0.150681E-02
4.82727,18.7914,0.399310E-01
4.82788,18.7938,0.257194E-01
4.82849,18.7962,0.648211E-01
4.82910,18.7986,0.325011E-01
4.82971,18.8009,0.698458E-02
4.83032,18.8033,-0.477002E-02
4.83093,18.8057,0.512314E-02
4.83154,18.8081,-0.298031E-01
4.83215,18.8104,0.115611E-02
4.83276,18.8128,0.610831E-01
4.83337,18.8152,0.209501E-01
4.83398,18.8176,-0.140745E-01
4.83459,18.8199,0.102499
4.83521,18.8223,0.144573E-01
4.83582,18.8247,0.354557E-01
4.83643,18.8271,-0.838880E-02
4.83704,18.8294,0.374998E-01
4.83765,18.8318,0.957158E-02
4.83826,18.8342,0.603958E-01
4.83887,18.8366,-0.474811E-01
4.83948,18.8389,0.104466
4.84009,18.8413,-0.992448E-01
4.84070,18.8437,-0.176732
4.84131,18.8461,0.392074E-01
4.84192,18.8485,0.352567E-01
4.84253,18.8508,-0.186659E-01
4.84314,18.8532,0.140018
4.84375,18.8556,0.151395E-02
4.84436,18.8580,-0.697944E-01
4.84497,18.8603,0.104745E-01
4.84558,18.8627,-0.380184E-01
4.84619,18.8651,0.154495
4.84680,18.8675,0.263464E-02
4.84741,18.8698,0.299992E-02
4.84802,18.8722,0.335548E-02
4.84863,18.8746,-0.154948E-01
4.84924,18.8770,0.206707E-01
4.84985,18.8793,0.402597E-01
4.85046,18.8817,-0.160495
4.85107,18.8841,0.432331E-02
4.85168,18.8865,-0.174383
4.85229,18.8888,0.730860E-01
4.85291,18.8912,-0.673344E-01
4.85352,18.8936,-0.194035E-01
4.85413,18.8960,-0.529049E-01
4.85474,18.8983,0.509575E-02
4.85535,18.9007,0.336435E-01
4.85596,18.9031,0.141792E-01
4.85657,18.9055,-0.517804E-02
4.85718,18.9079,0.989616E-01
4.85779,18.9102,-0.466130E-01
4.85840,18.9126,0.147750
4.85901,18.9150,-0.380407E-01
4.85962,18.9174,0.352401E-01
4.86023,18.9197,0.110214
4.86084,18.9221,-0.397374E-01
4.86145,18.9245,-0.821181E-02
4.86206,18.9269,0.844413E-01
4.86267,18.9292,0.330300
4.86328,18.9316,0.518219E-01
4.86389,18.9340,0.749085E-01
4.86450,18.9364,0.170578E-01
4.86511,18.9387,-0.403635E-01
4.86572,18.9411,0.805309E-01
4.86633,18.9435,-0.426052E-01
4.86694,18.9459,0.226631E-01
4.86755,18.9482,0.185595
4.86816,18.9506,0.797733E-01
4.86877,18.9530,-0.174758E-01
4.86938,18.9554,0.190655
4.87000,18.9577,0.531657E-01
4.87061,18.9601,0.183381
4.87122,18.9625,0.133624E-02
4.87183,18.9649,0.412798E-01
4.87244,18.9673,-0.870758E-01
4.87305,18.9696,-0.149538E-01
4.87366,18.9720,0.170063E-02
4.87427,18.9744,0.236010E-01
4.87488,18.9768,-0.114079
4.87549,18.9791,-0.256563E-01
4.87610,18.9815,-0.179009E-01
4.87671,18.9839,0.501941E-01
4.87732,18.9863,0.348734E-01
4.87793,18.9886,-0.241371E-01
4.87854,18.9910,0.119076
4.87915,18.9934,0.217640E-01
4.87976,18.9958,0.838374E-01
4.88037,18.9981,-0.716977E-01
4.88098,19.0005,-0.227862E-03
4.88159,19.0029,0.314189E-01
4.88220,19.0053,0.526776E-01
4.88281,19.0076,-0.387399E-01
4.88342,19.0100,-0.131588E-01
4.88403,19.0124,0.832284E-01
4.88464,19.0148,0.365159E-01
4.88525,19.0171,0.280002
4.88586,19.0195,0.134307E-01
4.88647,19.0219,0.239324E-01
4.88708,19.0243,-0.783156E-02
4.88770,19.0266,-0.923874E-01
4.88831,19.0290,0.453333E-02
4.88892,19.0314,0.231091E-01
4.88953,19.0338,0.551972E-01
4.89014,19.0362,-0.449186E-01
4.89075,19.0385,-0.305278E-01
4.89136,19.0409,0.749966E-01
4.89197,19.0433,0.153390E-01
4.89258,19.0457,-0.126998E-01
4.89319,19.0480,0.283209E-01
4.89380,19.0504,-0.192442E-02
4.89441,19.0528,0.165936E-01
4.89502,19.0552,0.151889E-01
4.89563,19.0575,-0.443166E-01
4.89624,19.0599,-0.170828E-01
4.89685,19.0623,0.311026
4.89746,19.0647,-0.682011E-01
4.89807,19.0670,-0.797791E-01
4.89868,19.0694,0.144589
4.89929,19.0718,0.136866
4.89990,19.0742,0.108703
4.90051,19.0765,0.948696E-01
4.90112,19.0789,-0.365202E-01
4.90173,19.0813,0.170334E-01
4.90234,19.0837,0.973343E-01
4.90295,19.0860,0.453362E-01
4.90356,19.0884,0.114393
4.90417,19.0908,0.104901
4.90479,19.0932,0.143257
4.90540,19.0956,-0.106324
4.90601,19.0979,-0.137136
4.90662,19.1003,0.647550E-01
4.90723,19.1027,0.104523
4.90784,19.1051,0.784670E-01
4.90845,19.1074,-0.144588
4.90906,19.1098,0.786069E-01
4.90967,19.1122,0.208403
4.91028,19.1146,-0.972160E-01
4.91089,19.1169,-0.113783E-02
4.91150,19.1193,0.173560E-01
4.91211,19.1217,-0.293331E-01
4.91272,19.1241,0.450426E-01
4.91333,19.1264,0.166590E-01
4.91394,19.1288,-0.196989E-01
4.91455,19.1312,0.174677E-01
4.91516,19.1336,0.176292
4.91577,19.1359,-0.197013E-02
4.91638,19.1383,-0.161817
4.91699,19.1407,-0.259109E-01
4.91760,19.1431,0.744910E-01
4.91821,19.1454,0.936873E-02
4.91882,19.1478,0.395967E-01
4.91943,19.1502,-0.774258E-01
4.92004,19.1526,0.220826
4.92065,19.1550,0.654425E-01
4.92126,19.1573,0.184204E-01
4.92188,19.1597,0.450781E-01
4.92249,19.1621,0.218640E-01
4.92310,19.1645,0.187442E-01
4.92371,19.1668,-0.455288E-01
4.92432,19.1692,-0.304249E-01
4.92493,19.1716,0.551685E-02
4.92554,19.1740,-0.175187
4.92615,19.1763,0.971192E-01
4.92676,19.1787,0.275738
4.92737,19.1811,-0.157245E-01
4.92798,19.1835,0.435597E-01
4.92859,19.1858,-0.589179E-01
4.92920,19.1882,0.135511
4.92981,19.1906,-0.523072E-02
4.93042,19.1930,-0.892981E-03
4.93103,19.1953,0.247625E-01
4.93164,19.1977,0.227682
4.93225,19.2001,-0.392884E-01
4.93286,19.2025,0.157139E-01
4.93347,19.2048,-0.343061E-01
4.93408,19.2072,-0.759268E-01
4.93469,19.2096,0.161564E-01
4.93530,19.2120,0.497531E-01
4.93591,19.2143,-0.285434E-01
4.93652,19.2167,0.100312E-01
4.93713,19.2191,0.385174E-01
4.93774,19.2215,0.321610E-01
4.93835,19.2239,-0.460855E-02
4.93896,19.2262,0.224555E-01
4.93958,19.2286,-0.959348E-02
4.94019,19.2310,0.124118
4.94080,19.2334,-0.186709E-01
4.94141,19.2357,0.316871E-01
4.94202,19.2381,-0.769647E-02
4.94263,19.2405,0.591717E-01
4.94324,19.2429,-0.265719E-01
4.94385,19.2452,0.101618
4.94446,19.2476,0.228497
4.94507,19.2500,0.424265E-02
4.94568,19.2524,0.346308E-01
4.94629,19.2547,0.131335
4.94690,19.2571,-0.630020E-01
4.94751,19.2595,0.644038E-03
4.94812,19.2619,-0.501752E-02
4.94873,19.2642,-0.600184E-01
4.94934,19.2666,-0.320019E-02
4.94995,19.2690,-0.267520E-01
4.95056,19.2714,0.901135E-01
4.95117,19.2737,-0.705654E-02
4.95178,19.2761,-0.421333E-01
4.95239,19.2785,-0.701964E-02
4.95300,19.2809,0.724873E-01
4.95361,19.2833,-0.566350E-02
4.95422,19.2856,0.945479E-02
4.95483,19.2880,0.168570E-01
4.95544,19.2904,0.757375E-01
4.95605,19.2928,-0.286690E-01
4.95667,19.2951,-0.479425E-01
4.95728,19.2975,-0.271802
4.95789,19.2999,-0.234951E-01
4.95850,19.3023,-0.854390E-01
4.95911,19.3046,-0.266595E-01
4.95972,19.3070,0.330841E-02
4.96033,19.3094,0.550256E-01
4.96094,19.3118,-0.693674E-02
4.96155,19.3141,0.115322E-01
4.96216,19.3165,-0.601403E-01
4.96277,19.3189,-0.635467E-01
4.96338,19.3213,0.478678E-01
4.96399,19.3236,-0.377349E-01
4.96460,19.3260,0.169365
4.96521,19.3284,-0.139186E-01
4.96582,19.3308,-0.128511
4.96643,19.3331,-0.310888E-01
4.96704,19.3355,-0.137356
4.96765,19.3379,0.702042E-01
4.96826,19.3403,0.895733E-02
4.96887,19.3427,-0.140775
4.96948,19.3450,0.512533E-01
4.97009,19.3474,0.136971E-01
4.97070,19.3498,-0.111833
4.97131,19.3522,0.180064E-01
4.97192,19.3545,0.117507E-01
4.97253,19.3569,0.117562
4.97314,19.3593,0.220465E-01
4.97375,19.3617,0.133910
4.97437,19.3640,0.346512E-01
4.97498,19.3664,0.837653E-02
4.97559,19.3688,0.441648E-01
4.97620,19.3712,-0.231893
4.97681,19.3735,0.125821
4.97742,19.3759,0.694653E-01
4.97803,19.3783,-0.274070E-01
4.97864,19.3807,0.648877E-02
4.97925,19.3830,-0.129154
4.97986,19.3854,0.286803E-01
4.98047,19.3878,0.127477
4.98108,19.3902,-0.181306
4.98169,19.3925,-0.107481E-01
4.98230,19.3949,-0.395749E-01
4.98291,19.3973,-0.662908E-01
4.98352,19.3997,0.433443E-01
4.98413,19.4021,0.253013E-01
4.98474,19.4044,0.453568E-01
4.98535,19.4068,-0.185821E-01
4.98596,19.4092,0.102980
4.98657,19.4116,-0.442984E-02
4.98718,19.4139,-0.776334E-02
4.98779,19.4163,0.285792E-01
4.98840,19.4187,0.107817
4.98901,19.4211,0.430173E-01
4.98962,19.4234,0.947617E-01
4.99023,19.4258,0.191532E-01
4.99084,19.4282,0.178932
4.99146,19.4306,0.542723E-01
4.99207,19.4329,-0.470633E-02
4.99268,19.4353,0.101567
4.99329,19.4377,0.764157E-01
4.99390,19.4401,0.150204E-01
4.99451,19.4424,0.119297
4.99512,19.4448,0.299409E-01
4.99573,19.4472,0.126933
4.99634,19.4496,0.569297E-01
4.99695,19.4519,0.439176E-02
4.99756,19.4543,0.713108E-01
4.99817,19.4567,-0.182651E-02
4.99878,19.4591,0.152861
4.99939,19.4614,-0.325629E-01
5.00000,19.4638,0.108283E-02
