Full_(co)spectra
----------------
natural_frequency_[Hz]_->_from_[1/_averaging_interval]_to_[acquisition_frequency_/_2]
normalized_frequency_[#]->_natural_frequency_*_measuring_height_/_wind_speed
y-axis_->_natural_frequency_*_(co)spectrum_/_(co)variance
acquisition_frequency_[Hz]_=_ 10.000
measuring_height_(z-d)_[m]_=_  3.990
wind_speed_[m+1s-1]_=_  0.096
averaging_interval_[min]_=_     30
tapering_window_=_SQUARED_(no_tapering_forced_by_EddyPro._Tapering_is_only_applied_for_binned_(co)spectra)
,,cov(w_ts)
,,-1.0583958300386049E-004
natural_frequency,normalized_frequency,f_nat*cospec(w_ts)
0.610352E-03,0.253015E-01,1.44949
0.122070E-02,0.506031E-01,1.23391
0.183105E-02,0.759046E-01,1.23574
0.244141E-02,0.101206,0.387504
0.305176E-02,0.126508,-0.117510
0.366211E-02,0.151809,-0.760325E-01
0.427246E-02,0.177111,-0.341290E-01
0.488281E-02,0.202412,0.118517
0.549316E-02,0.227714,0.333325
0.610352E-02,0.253015,-0.245802
0.671387E-02,0.278317,0.451611
0.732422E-02,0.303618,0.184478
0.793457E-02,0.328920,0.189392
0.854492E-02,0.354221,-1.62336
0.915527E-02,0.379523,-0.555786
0.976562E-02,0.404824,0.804807
0.103760E-01,0.430126,0.551428
0.109863E-01,0.455428,0.179075E-01
0.115967E-01,0.480729,0.311745
0.122070E-01,0.506031,0.197414
0.128174E-01,0.531332,0.445819
0.134277E-01,0.556634,-0.153893E-01
0.140381E-01,0.581935,-0.371428
0.146484E-01,0.607237,0.153270
0.152588E-01,0.632538,0.816811E-01
0.158691E-01,0.657840,-1.21280
0.164795E-01,0.683141,0.216290
0.170898E-01,0.708443,-1.26722
0.177002E-01,0.733744,-0.165963
0.183105E-01,0.759046,-0.707955
0.189209E-01,0.784347,1.68715
0.195312E-01,0.809649,-1.13348
0.201416E-01,0.834951,-0.196114
0.207520E-01,0.860252,-0.863990
0.213623E-01,0.885554,-0.424641
0.219727E-01,0.910855,-3.62316
0.225830E-01,0.936157,0.516870
0.231934E-01,0.961458,-0.902654
0.238037E-01,0.986760,1.03187
0.244141E-01,1.01206,-0.497288
0.250244E-01,1.03736,-0.707917
0.256348E-01,1.06266,-0.450388
0.262451E-01,1.08797,-1.04132
0.268555E-01,1.11327,-0.144500
0.274658E-01,1.13857,-0.363437
0.280762E-01,1.16387,-0.386481
0.286865E-01,1.18917,-0.714240
0.292969E-01,1.21447,-0.702570
0.299072E-01,1.23978,0.696267
0.305176E-01,1.26508,0.308255
0.311279E-01,1.29038,0.270622E-01
0.317383E-01,1.31568,-0.669746E-01
0.323486E-01,1.34098,-0.481909
0.329590E-01,1.36628,-3.12908
0.335693E-01,1.39158,-2.78030
0.341797E-01,1.41689,-0.580046
0.347900E-01,1.44219,0.488505
0.354004E-01,1.46749,0.515682
0.360107E-01,1.49279,1.32375
0.366211E-01,1.51809,-0.356365
0.372314E-01,1.54339,-0.942200E-01
0.378418E-01,1.56869,-0.645511
0.384521E-01,1.59400,-1.09032
0.390625E-01,1.61930,0.172684
0.396729E-01,1.64460,-0.148061
0.402832E-01,1.66990,0.576157
0.408936E-01,1.69520,-3.01260
0.415039E-01,1.72050,-2.00869
0.421143E-01,1.74581,-0.502785
0.427246E-01,1.77111,-0.171930
0.433350E-01,1.79641,-1.79932
0.439453E-01,1.82171,-0.937076
0.445557E-01,1.84701,-1.80428
0.451660E-01,1.87231,-0.952998
0.457764E-01,1.89761,-0.160891E-01
0.463867E-01,1.92292,-0.448344E-01
0.469971E-01,1.94822,-0.605452E-02
0.476074E-01,1.97352,-1.30619
0.482178E-01,1.99882,-0.708201
0.488281E-01,2.02412,-0.601321
0.494385E-01,2.04942,-0.338183
0.500488E-01,2.07473,-2.60978
0.506592E-01,2.10003,-0.118653
0.512695E-01,2.12533,-0.785149E-01
0.518799E-01,2.15063,-0.439809E-01
0.524902E-01,2.17593,1.63085
0.531006E-01,2.20123,-1.10506
0.537109E-01,2.22653,-0.725634
0.543213E-01,2.25184,-0.948310
0.549316E-01,2.27714,-0.135106
0.555420E-01,2.30244,0.140287
0.561523E-01,2.32774,0.177200
0.567627E-01,2.35304,-1.60397
0.573730E-01,2.37834,-1.07458
0.579834E-01,2.40365,-0.320447
0.585938E-01,2.42895,0.358391
0.592041E-01,2.45425,0.160947
0.598145E-01,2.47955,-1.15695
0.604248E-01,2.50485,-0.718768
0.610352E-01,2.53015,-0.483355
0.616455E-01,2.55545,0.623156
0.622559E-01,2.58076,1.44050
0.628662E-01,2.60606,-2.18970
0.634766E-01,2.63136,-4.04105
0.640869E-01,2.65666,-1.17241
0.646973E-01,2.68196,0.840791E-01
0.653076E-01,2.70726,-1.91435
0.659180E-01,2.73257,-0.349761
0.665283E-01,2.75787,-0.835766
0.671387E-01,2.78317,-0.744022
0.677490E-01,2.80847,-0.942852
0.683594E-01,2.83377,-0.710628E-01
0.689697E-01,2.85907,-0.300216
0.695801E-01,2.88437,-0.351279
0.701904E-01,2.90968,-0.103144
0.708008E-01,2.93498,-2.46251
0.714111E-01,2.96028,-0.578296
0.720215E-01,2.98558,-1.29849
0.726318E-01,3.01088,-0.383479
0.732422E-01,3.03618,-0.755758
0.738525E-01,3.06149,-0.125551
0.744629E-01,3.08679,0.240363E-01
0.750732E-01,3.11209,0.502554
0.756836E-01,3.13739,-0.825792
0.762939E-01,3.16269,0.547391
0.769043E-01,3.18799,1.09430
0.775146E-01,3.21329,-1.07503
0.781250E-01,3.23860,-1.54551
0.787354E-01,3.26390,0.381392
0.793457E-01,3.28920,-2.45684
0.799561E-01,3.31450,-0.344948
0.805664E-01,3.33980,-3.70383
0.811768E-01,3.36510,1.68653
0.817871E-01,3.39041,0.745417
0.823975E-01,3.41571,-0.446795
0.830078E-01,3.44101,-0.946517
0.836182E-01,3.46631,-0.628320
0.842285E-01,3.49161,-1.67265
0.848389E-01,3.51691,1.63579
0.854492E-01,3.54221,0.588095
0.860596E-01,3.56752,-1.89130
0.866699E-01,3.59282,-6.88370
0.872803E-01,3.61812,-2.99603
0.878906E-01,3.64342,0.235820
0.885010E-01,3.66872,-0.164067
0.891113E-01,3.69402,-0.275780E-01
0.897217E-01,3.71933,0.416611
0.903320E-01,3.74463,-0.345745E-01
0.909424E-01,3.76993,-0.705521
0.915527E-01,3.79523,0.144847
0.921631E-01,3.82053,2.54313
0.927734E-01,3.84583,-0.908324
0.933838E-01,3.87113,-1.35083
0.939941E-01,3.89644,-0.987665
0.946045E-01,3.92174,0.209715
0.952148E-01,3.94704,0.771383
0.958252E-01,3.97234,-1.74294
0.964355E-01,3.99764,-1.64698
0.970459E-01,4.02294,-0.340630E-01
0.976562E-01,4.04824,-3.14572
0.982666E-01,4.07355,-1.34305
0.988770E-01,4.09885,-0.318715E-01
0.994873E-01,4.12415,-0.553593
0.100098,4.14945,-0.328719
0.100708,4.17475,-0.650573
0.101318,4.20005,0.151283E-01
0.101929,4.22536,-0.196146
0.102539,4.25066,0.373828
0.103149,4.27596,-0.931867
0.103760,4.30126,-1.06205
0.104370,4.32656,-1.49006
0.104980,4.35186,0.866638
0.105591,4.37716,-1.51684
0.106201,4.40247,-0.582192
0.106812,4.42777,-0.505333
0.107422,4.45307,0.978386E-01
0.108032,4.47837,0.623779E-01
0.108643,4.50367,0.201284
0.109253,4.52897,-1.09915
0.109863,4.55428,-0.682828E-01
0.110474,4.57958,-0.663369
0.111084,4.60488,0.166673
0.111694,4.63018,0.523500
0.112305,4.65548,0.358215
0.112915,4.68078,-0.642591
0.113525,4.70608,0.383695
0.114136,4.73139,-0.117613
0.114746,4.75669,-1.17146
0.115356,4.78199,-2.45769
0.115967,4.80729,-0.519803
0.116577,4.83259,-0.201190
0.117188,4.85789,0.367146E-01
0.117798,4.88320,-0.970354E-01
0.118408,4.90850,-0.593612
0.119019,4.93380,-2.02794
0.119629,4.95910,-0.137365
0.120239,4.98440,-0.277129
0.120850,5.00970,-1.21548
0.121460,5.03500,-1.12819
0.122070,5.06031,-1.28056
0.122681,5.08561,-2.43206
0.123291,5.11091,0.380020
0.123901,5.13621,0.251310
0.124512,5.16151,0.572225E-01
0.125122,5.18681,0.148971
0.125732,5.21212,1.43910
0.126343,5.23742,-0.376273
0.126953,5.26272,0.666239
0.127563,5.28802,0.226888
0.128174,5.31332,0.579611
0.128784,5.33862,-1.96909
0.129395,5.36392,-1.25427
0.130005,5.38923,-0.236391
0.130615,5.41453,-0.245505
0.131226,5.43983,-0.953385E-01
0.131836,5.46513,0.537458
0.132446,5.49043,-0.446487
0.133057,5.51573,-0.494637
0.133667,5.54104,0.218040
0.134277,5.56634,-0.157506
0.134888,5.59164,0.247998E-01
0.135498,5.61694,-0.363803
0.136108,5.64224,-1.08152
0.136719,5.66754,-0.313027
0.137329,5.69284,-0.350964
0.137939,5.71815,-0.278760E-01
0.138550,5.74345,-0.393028
0.139160,5.76875,-1.39899
0.139771,5.79405,0.496603E-01
0.140381,5.81935,-0.457049
0.140991,5.84465,0.546089E-01
0.141602,5.86996,0.281524
0.142212,5.89526,-0.874327
0.142822,5.92056,-0.423435E-02
0.143433,5.94586,-0.375657
0.144043,5.97116,2.22175
0.144653,5.99646,-0.284396
0.145264,6.02176,-0.302460
0.145874,6.04707,-3.99380
0.146484,6.07237,0.286224
0.147095,6.09767,0.320171
0.147705,6.12297,-0.882534E-01
0.148315,6.14827,-0.357052
0.148926,6.17357,-0.326247
0.149536,6.19888,0.182587
0.150146,6.22418,-0.189090
0.150757,6.24948,0.186893
0.151367,6.27478,-1.02972
0.151978,6.30008,-1.13388
0.152588,6.32538,-0.922054
0.153198,6.35068,-1.57221
0.153809,6.37599,-0.600171
0.154419,6.40129,-2.63440
0.155029,6.42659,0.215898
0.155640,6.45189,-1.15560
0.156250,6.47719,-1.79403
0.156860,6.50249,-0.318967
0.157471,6.52779,-0.190218
0.158081,6.55310,-0.303819
0.158691,6.57840,0.794371E-01
0.159302,6.60370,-0.721867E-02
0.159912,6.62900,-0.599238
0.160522,6.65430,-3.60177
0.161133,6.67960,-1.71942
0.161743,6.70491,-0.371453
0.162354,6.73021,-0.690009
0.162964,6.75551,-0.393600
0.163574,6.78081,-1.50470
0.164185,6.80611,0.399148
0.164795,6.83141,-0.579264
0.165405,6.85671,0.148077E-01
0.166016,6.88202,-0.579509
0.166626,6.90732,-0.287107E-01
0.167236,6.93262,0.841763
0.167847,6.95792,-2.78093
0.168457,6.98322,-1.96921
0.169067,7.00852,-0.758017
0.169678,7.03383,-0.380611E-01
0.170288,7.05913,-0.392985
0.170898,7.08443,-0.356067
0.171509,7.10973,-0.241566
0.172119,7.13503,0.630799
0.172729,7.16033,-1.26525
0.173340,7.18563,-0.127436
0.173950,7.21094,-0.667340
0.174561,7.23624,-2.15143
0.175171,7.26154,0.917033
0.175781,7.28684,0.812964E-01
0.176392,7.31214,-0.908100
0.177002,7.33744,0.696269
0.177612,7.36275,0.213790
0.178223,7.38805,-0.823493
0.178833,7.41335,0.562042
0.179443,7.43865,0.478964
0.180054,7.46395,0.538564
0.180664,7.48925,-0.627241
0.181274,7.51455,0.955120
0.181885,7.53986,1.31824
0.182495,7.56516,-1.59550
0.183105,7.59046,-0.793352
0.183716,7.61576,0.309543
0.184326,7.64106,-1.17943
0.184937,7.66636,2.75728
0.185547,7.69167,-1.96962
0.186157,7.71697,-0.456889
0.186768,7.74227,1.64530
0.187378,7.76757,0.904291
0.187988,7.79287,-0.627155
0.188599,7.81817,-1.08301
0.189209,7.84347,-0.537962
0.189819,7.86878,-0.414054
0.190430,7.89408,-1.21149
0.191040,7.91938,0.445493
0.191650,7.94468,0.462915E-01
0.192261,7.96998,-1.42002
0.192871,7.99528,-0.611412E-01
0.193481,8.02059,-0.258238
0.194092,8.04589,-0.640779
0.194702,8.07119,-0.415108
0.195312,8.09649,-0.953606E-01
0.195923,8.12179,-2.11259
0.196533,8.14709,-0.394705
0.197144,8.17239,-0.189486
0.197754,8.19770,0.628860E-01
0.198364,8.22300,0.220916E-01
0.198975,8.24830,-0.364156
0.199585,8.27360,0.944981
0.200195,8.29890,-0.302295
0.200806,8.32420,0.165794
0.201416,8.34951,-1.27651
0.202026,8.37481,0.574880E-01
0.202637,8.40011,-0.619392
0.203247,8.42541,-0.811616
0.203857,8.45071,-0.694742
0.204468,8.47601,-0.388064
0.205078,8.50131,-0.342061
0.205688,8.52662,-0.407833
0.206299,8.55192,0.640769
0.206909,8.57722,-0.330689
0.207520,8.60252,-0.891558
0.208130,8.62782,-1.07041
0.208740,8.65312,-0.357984
0.209351,8.67843,1.19071
0.209961,8.70373,-0.722194E-01
0.210571,8.72903,-1.11245
0.211182,8.75433,-0.312983
0.211792,8.77963,0.208910
0.212402,8.80493,0.131723
0.213013,8.83023,0.444807
0.213623,8.85554,-0.890970E-01
0.214233,8.88084,-0.403992
0.214844,8.90614,-0.806995
0.215454,8.93144,-1.45206
0.216064,8.95674,0.110730
0.216675,8.98204,0.761850
0.217285,9.00734,0.716063
0.217896,9.03265,-0.632019
0.218506,9.05795,0.312377
0.219116,9.08325,-0.239422
0.219727,9.10855,0.971047E-01
0.220337,9.13385,-0.205730
0.220947,9.15915,-1.11458
0.221558,9.18446,-0.109004
0.222168,9.20976,0.146795E-01
0.222778,9.23506,-1.03883
0.223389,9.26036,-0.260537
0.223999,9.28566,-1.38703
0.224609,9.31096,-0.362650E-01
0.225220,9.33626,-0.624686
0.225830,9.36157,-0.867417
0.226440,9.38687,0.484829
0.227051,9.41217,-0.940339E-01
0.227661,9.43747,0.247423
0.228271,9.46277,-0.156056
0.228882,9.48807,-0.669619E-01
0.229492,9.51338,0.173738E-01
0.230103,9.53868,0.207564
0.230713,9.56398,-0.325901
0.231323,9.58928,0.163671
0.231934,9.61458,0.550452
0.232544,9.63988,0.111796
0.233154,9.66518,-0.438755
0.233765,9.69049,0.846253
0.234375,9.71579,-0.696253
0.234985,9.74109,-0.245315
0.235596,9.76639,0.107201
0.236206,9.79169,-0.598717
0.236816,9.81699,-0.612010
0.237427,9.84230,-0.882766
0.238037,9.86760,0.362148
0.238647,9.89290,0.112079
0.239258,9.91820,0.248627
0.239868,9.94350,0.347368
0.240479,9.96880,0.897122E-01
0.241089,9.99410,-0.579704E-01
0.241699,10.0194,-0.284253
0.242310,10.0447,-0.833881
0.242920,10.0700,0.797107
0.243530,10.0953,1.91776
0.244141,10.1206,-0.638021
0.244751,10.1459,0.413032
0.245361,10.1712,-3.50402
0.245972,10.1965,0.100642E-02
0.246582,10.2218,-0.973904
0.247192,10.2471,-0.241967
0.247803,10.2724,-0.452941E-02
0.248413,10.2977,0.952989
0.249023,10.3230,-0.795770
0.249634,10.3483,0.150297
0.250244,10.3736,-0.611910E-01
0.250854,10.3989,-0.236290
0.251465,10.4242,0.259052
0.252075,10.4495,0.248542
0.252686,10.4748,-0.402181
0.253296,10.5001,-0.323034
0.253906,10.5254,-0.380598E-01
0.254517,10.5507,0.153006
0.255127,10.5760,-1.76754
0.255737,10.6013,-0.255221
0.256348,10.6266,-0.581348
0.256958,10.6519,-0.981753
0.257568,10.6772,-0.128937E-01
0.258179,10.7025,2.23769
0.258789,10.7278,-0.149603
0.259399,10.7532,-1.20493
0.260010,10.7785,0.203747
0.260620,10.8038,0.498993E-01
0.261230,10.8291,0.160989
0.261841,10.8544,-0.668940
0.262451,10.8797,-0.617234
0.263062,10.9050,0.543887
0.263672,10.9303,-0.252894E-02
0.264282,10.9556,-0.260484
0.264893,10.9809,-0.515969
0.265503,11.0062,-1.89945
0.266113,11.0315,0.631340
0.266724,11.0568,-1.81346
0.267334,11.0821,0.407115
0.267944,11.1074,-1.18746
0.268555,11.1327,0.510703
0.269165,11.1580,-0.951100E-01
0.269775,11.1833,0.234904
0.270386,11.2086,-0.856851
0.270996,11.2339,-0.331248
0.271606,11.2592,0.647012
0.272217,11.2845,0.248536E-01
0.272827,11.3098,-0.114160
0.273438,11.3351,-0.365717
0.274048,11.3604,-0.152652
0.274658,11.3857,-0.905085E-01
0.275269,11.4110,0.397251E-01
0.275879,11.4363,-1.14171
0.276489,11.4616,0.414025
0.277100,11.4869,-0.151361
0.277710,11.5122,-0.505272E-01
0.278320,11.5375,-0.398332
0.278931,11.5628,0.104219
0.279541,11.5881,-0.491044
0.280151,11.6134,-0.805052E-01
0.280762,11.6387,-0.272353E-01
0.281372,11.6640,0.249155
0.281982,11.6893,-0.682280
0.282593,11.7146,-1.15156
0.283203,11.7399,-0.178863
0.283813,11.7652,0.593593
0.284424,11.7905,-0.814855E-02
0.285034,11.8158,-0.596906
0.285645,11.8411,0.233591
0.286255,11.8664,0.330773
0.286865,11.8917,-0.291073
0.287476,11.9170,-1.07392
0.288086,11.9423,0.736703
0.288696,11.9676,-0.186666E-01
0.289307,11.9929,0.152951
0.289917,12.0182,-0.844321
0.290527,12.0435,-0.489719
0.291138,12.0688,-0.288570
0.291748,12.0941,-0.413782
0.292358,12.1194,0.140032
0.292969,12.1447,-0.706967
0.293579,12.1700,-0.170501
0.294189,12.1953,0.973260E-01
0.294800,12.2206,0.862532
0.295410,12.2459,0.207657E-01
0.296021,12.2712,-0.768074
0.296631,12.2965,0.215368
0.297241,12.3218,-0.361548
0.297852,12.3471,-0.760900
0.298462,12.3724,0.262125E-01
0.299072,12.3978,0.125978
0.299683,12.4231,0.342279E-01
0.300293,12.4484,-0.774279
0.300903,12.4737,-0.209384
0.301514,12.4990,-0.100268
0.302124,12.5243,0.168658E-01
0.302734,12.5496,0.658785
0.303345,12.5749,-0.163725
0.303955,12.6002,-0.398399
0.304565,12.6255,0.154872E-01
0.305176,12.6508,-0.458994
0.305786,12.6761,-0.303166
0.306396,12.7014,-0.210938
0.307007,12.7267,0.180014
0.307617,12.7520,-0.584042E-01
0.308228,12.7773,-0.670090
0.308838,12.8026,-0.794892E-01
0.309448,12.8279,0.148601
0.310059,12.8532,-1.39027
0.310669,12.8785,-0.929438
0.311279,12.9038,0.111170
0.311890,12.9291,-0.617759
0.312500,12.9544,-1.47588
0.313110,12.9797,-0.872988E-02
0.313721,13.0050,0.148560
0.314331,13.0303,-0.119810
0.314941,13.0556,-2.19339
0.315552,13.0809,-0.197349
0.316162,13.1062,-0.471398
0.316772,13.1315,-0.565569E-01
0.317383,13.1568,-0.150203
0.317993,13.1821,-0.187640
0.318604,13.2074,-1.37254
0.319214,13.2327,0.556911
0.319824,13.2580,0.179744
0.320435,13.2833,-0.122911
0.321045,13.3086,0.571580
0.321655,13.3339,-0.404697E-02
0.322266,13.3592,0.133822
0.322876,13.3845,-2.41009
0.323486,13.4098,-0.788238E-01
0.324097,13.4351,0.125557
0.324707,13.4604,-0.307407E-01
0.325317,13.4857,-1.56091
0.325928,13.5110,-0.441902
0.326538,13.5363,0.651440
0.327148,13.5616,-1.51312
0.327759,13.5869,0.279665
0.328369,13.6122,0.171280
0.328979,13.6375,-0.828856
0.329590,13.6628,-0.320541
0.330200,13.6881,-0.155593
0.330811,13.7134,-0.810781
0.331421,13.7387,-0.738332
0.332031,13.7640,-0.821656E-01
0.332642,13.7893,0.228097
0.333252,13.8146,-0.389231
0.333862,13.8399,-0.142503
0.334473,13.8652,0.383249
0.335083,13.8905,-0.296884
0.335693,13.9158,-0.675897
0.336304,13.9411,-0.300567
0.336914,13.9664,-0.394458
0.337524,13.9917,0.281526
0.338135,14.0170,-0.126306E-01
0.338745,14.0423,0.247404
0.339355,14.0677,-0.302740E-01
0.339966,14.0930,-0.111459
0.340576,14.1183,-0.168019
0.341187,14.1436,-0.847007
0.341797,14.1689,0.614961
0.342407,14.1942,-0.358464E-01
0.343018,14.2195,-0.402021
0.343628,14.2448,0.394379E-01
0.344238,14.2701,-0.773119E-01
0.344849,14.2954,-0.281127
0.345459,14.3207,-0.716851
0.346069,14.3460,-0.282517
0.346680,14.3713,-0.621390
0.347290,14.3966,-0.708345
0.347900,14.4219,0.117169
0.348511,14.4472,-0.718244E-01
0.349121,14.4725,-0.186815
0.349731,14.4978,0.227838
0.350342,14.5231,0.180121
0.350952,14.5484,-0.410157
0.351562,14.5737,-1.24170
0.352173,14.5990,-0.523617
0.352783,14.6243,0.318296
0.353394,14.6496,-2.00444
0.354004,14.6749,0.470179
0.354614,14.7002,-0.872127E-01
0.355225,14.7255,-0.445134
0.355835,14.7508,0.814561E-01
0.356445,14.7761,-0.318314
0.357056,14.8014,0.754562E-01
0.357666,14.8267,-0.575435E-01
0.358276,14.8520,-0.893860E-01
0.358887,14.8773,-0.913646E-01
0.359497,14.9026,-0.170833
0.360107,14.9279,-0.411712
0.360718,14.9532,0.495894
0.361328,14.9785,0.149437
0.361938,15.0038,-0.541840E-03
0.362549,15.0291,-1.38820
0.363159,15.0544,-0.275810
0.363770,15.0797,-1.21686
0.364380,15.1050,-0.535134
0.364990,15.1303,-0.226370
0.365601,15.1556,0.170592
0.366211,15.1809,-0.853844
0.366821,15.2062,-0.110790
0.367432,15.2315,-1.02929
0.368042,15.2568,-0.272486
0.368652,15.2821,-0.337042
0.369263,15.3074,-0.199001
0.369873,15.3327,0.378056E-01
0.370483,15.3580,-0.648594E-01
0.371094,15.3833,-0.539048
0.371704,15.4086,-1.21662
0.372314,15.4339,-0.200652
0.372925,15.4592,-0.936252E-01
0.373535,15.4845,-0.229025
0.374146,15.5098,0.561683
0.374756,15.5351,-0.382606
0.375366,15.5604,-0.255769
0.375977,15.5857,-0.203958
0.376587,15.6110,0.203747
0.377197,15.6363,0.458716E-01
0.377808,15.6616,-0.436474
0.378418,15.6869,0.587303E-01
0.379028,15.7123,-0.900178
0.379639,15.7376,0.607083E-02
0.380249,15.7629,-0.270251
0.380859,15.7882,-0.329016
0.381470,15.8135,-0.457941E-01
0.382080,15.8388,0.355005
0.382690,15.8641,0.155156
0.383301,15.8894,-0.397292
0.383911,15.9147,-0.968203
0.384521,15.9400,0.736177
0.385132,15.9653,-0.274151
0.385742,15.9906,0.845038
0.386353,16.0159,-0.830557
0.386963,16.0412,0.135053
0.387573,16.0665,0.156844
0.388184,16.0918,-0.738656
0.388794,16.1171,0.731296
0.389404,16.1424,0.100213
0.390015,16.1677,-0.448190
0.390625,16.1930,-0.106944
0.391235,16.2183,-0.706338E-01
0.391846,16.2436,-0.478493E-01
0.392456,16.2689,-0.804315E-01
0.393066,16.2942,0.310487
0.393677,16.3195,-0.122089
0.394287,16.3448,-0.166215
0.394897,16.3701,-0.550954
0.395508,16.3954,-0.248427
0.396118,16.4207,-0.279402
0.396729,16.4460,0.281877E-01
0.397339,16.4713,-0.143205
0.397949,16.4966,-0.356962
0.398560,16.5219,-0.667663E-01
0.399170,16.5472,-0.356034
0.399780,16.5725,-0.750017E-01
0.400391,16.5978,0.550143
0.401001,16.6231,1.05468
0.401611,16.6484,0.217491
0.402222,16.6737,-0.120803
0.402832,16.6990,-0.117271
0.403442,16.7243,0.200443
0.404053,16.7496,-0.660981
0.404663,16.7749,-0.793819E-01
0.405273,16.8002,0.139678
0.405884,16.8255,-0.342837
0.406494,16.8508,-0.648659
0.407104,16.8761,-0.133443
0.407715,16.9014,0.246710
0.408325,16.9267,0.310958
0.408936,16.9520,-0.701663
0.409546,16.9773,-1.33804
0.410156,17.0026,-0.699380
0.410767,17.0279,-0.635047
0.411377,17.0532,-0.337332
0.411987,17.0785,0.521861
0.412598,17.1038,-0.670792
0.413208,17.1291,0.247164
0.413818,17.1544,-1.09234
0.414429,17.1797,-0.126562
0.415039,17.2050,-0.663620
0.415649,17.2303,-0.130876
0.416260,17.2556,0.103113
0.416870,17.2809,-0.220595
0.417480,17.3062,0.710615E-01
0.418091,17.3315,-0.247458
0.418701,17.3569,0.624290E-01
0.419312,17.3822,-0.248639E-01
0.419922,17.4075,0.794591E-01
0.420532,17.4328,-0.379175
0.421143,17.4581,-0.195153
0.421753,17.4834,-0.625835E-01
0.422363,17.5087,-0.816659
0.422974,17.5340,-0.151502
0.423584,17.5593,-0.416056
0.424194,17.5846,0.154129E-01
0.424805,17.6099,0.688824
0.425415,17.6352,-0.170554
0.426025,17.6605,0.297952E-01
0.426636,17.6858,-1.07230
0.427246,17.7111,0.337274
0.427856,17.7364,0.296283
0.428467,17.7617,0.725164E-02
0.429077,17.7870,-0.827275
0.429688,17.8123,-0.504583
0.430298,17.8376,-0.963237
0.430908,17.8629,0.625499E-01
0.431519,17.8882,-0.236524
0.432129,17.9135,-0.232825
0.432739,17.9388,-0.284964
0.433350,17.9641,-0.563641
0.433960,17.9894,-1.60668
0.434570,18.0147,0.302771E-01
0.435181,18.0400,0.271814
0.435791,18.0653,-0.425106
0.436401,18.0906,0.319754E-01
0.437012,18.1159,0.467272
0.437622,18.1412,-0.807662
0.438232,18.1665,0.327094
0.438843,18.1918,-0.125153
0.439453,18.2171,-0.411536E-01
0.440063,18.2424,-1.14341
0.440674,18.2677,0.877165E-01
0.441284,18.2930,-0.232764
0.441895,18.3183,0.273716
0.442505,18.3436,0.511425E-01
0.443115,18.3689,0.181913
0.443726,18.3942,-0.788861
0.444336,18.4195,-0.938220E-01
0.444946,18.4448,-0.194285
0.445557,18.4701,-0.622064
0.446167,18.4954,0.179362
0.446777,18.5207,0.438963
0.447388,18.5460,0.226402E-01
0.447998,18.5713,-0.553009
0.448608,18.5966,0.319886
0.449219,18.6219,-0.520623
0.449829,18.6472,0.659308E-01
0.450439,18.6725,-0.813439E-01
0.451050,18.6978,0.186038
0.451660,18.7231,-0.758934
0.452271,18.7484,-0.260194
0.452881,18.7737,-0.228107
0.453491,18.7990,0.535759
0.454102,18.8243,-0.296108
0.454712,18.8496,-0.695808
0.455322,18.8749,-1.03146
0.455933,18.9002,-0.430801E-01
0.456543,18.9255,-0.108210
0.457153,18.9508,-1.49230
0.457764,18.9761,-0.523388E-01
0.458374,19.0014,0.277987
0.458984,19.0268,0.571487
0.459595,19.0521,-1.67206
0.460205,19.0774,-0.235173
0.460815,19.1027,-0.309269
0.461426,19.1280,0.236744
0.462036,19.1533,-1.83610
0.462646,19.1786,0.198193
0.463257,19.2039,-0.303192
0.463867,19.2292,0.169755E-01
0.464478,19.2545,-0.630101E-01
0.465088,19.2798,0.158404
0.465698,19.3051,0.232822
0.466309,19.3304,-1.11752
0.466919,19.3557,0.599585
0.467529,19.3810,-0.470091
0.468140,19.4063,-2.83780
0.468750,19.4316,0.294006
0.469360,19.4569,-0.633580E-01
0.469971,19.4822,-0.344387E-01
0.470581,19.5075,0.435027
0.471191,19.5328,-0.216879
0.471802,19.5581,-0.186342
0.472412,19.5834,-0.133496E-01
0.473022,19.6087,-0.165780E-01
0.473633,19.6340,0.863851E-02
0.474243,19.6593,-0.149772
0.474854,19.6846,0.149294
0.475464,19.7099,-0.663371
0.476074,19.7352,0.163507
0.476685,19.7605,-0.198355
0.477295,19.7858,0.354627E-01
0.477905,19.8111,0.902007E-01
0.478516,19.8364,-0.169210
0.479126,19.8617,0.530697
0.479736,19.8870,-0.839604E-01
0.480347,19.9123,0.969117
0.480957,19.9376,-0.325333
0.481567,19.9629,-0.552989
0.482178,19.9882,-0.102313
0.482788,20.0135,-0.156741
0.483398,20.0388,-0.231175
0.484009,20.0641,0.528676
0.484619,20.0894,-0.266599
0.485229,20.1147,0.681910
0.485840,20.1400,-1.11805
0.486450,20.1653,-0.400798
0.487061,20.1906,-0.292672
0.487671,20.2159,-0.425334
0.488281,20.2412,-0.186918E-01
0.488892,20.2665,-0.246535
0.489502,20.2918,0.880301E-01
0.490112,20.3171,-0.557135
0.490723,20.3424,-0.453072
0.491333,20.3677,0.234965
0.491943,20.3930,0.394212
0.492554,20.4183,0.196304
0.493164,20.4436,0.192646
0.493774,20.4689,0.777478E-01
0.494385,20.4942,-0.168314
0.494995,20.5195,0.226785
0.495605,20.5448,-0.106385
0.496216,20.5701,-0.271416E-01
0.496826,20.5954,0.147620
0.497437,20.6207,-0.123992E-01
0.498047,20.6460,0.245640
0.498657,20.6714,-1.05469
0.499268,20.6967,0.228910
0.499878,20.7220,-0.182612
0.500488,20.7473,0.939485E-01
0.501099,20.7726,-0.324794
0.501709,20.7979,-0.149194
0.502319,20.8232,0.554393E-01
0.502930,20.8485,0.176313E-01
0.503540,20.8738,-1.52308
0.504150,20.8991,-0.424908E-01
0.504761,20.9244,0.969149E-01
0.505371,20.9497,-0.804017E-01
0.505981,20.9750,-0.565277
0.506592,21.0003,-0.221494
0.507202,21.0256,-0.529797
0.507812,21.0509,-0.169961
0.508423,21.0762,-0.424974
0.509033,21.1015,0.105054
0.509644,21.1268,0.205868
0.510254,21.1521,0.725822
0.510864,21.1774,-0.350887
0.511475,21.2027,0.586736E-02
0.512085,21.2280,-0.666721E-01
0.512695,21.2533,0.104767
0.513306,21.2786,-0.923211E-01
0.513916,21.3039,0.362395E-01
0.514526,21.3292,0.643265E-01
0.515137,21.3545,0.100201
0.515747,21.3798,-0.133213
0.516357,21.4051,-0.302320E-01
0.516968,21.4304,0.651525
0.517578,21.4557,-0.566289
0.518188,21.4810,0.379118E-01
0.518799,21.5063,-0.470913E-01
0.519409,21.5316,0.406735E-01
0.520020,21.5569,-0.121624
0.520630,21.5822,0.245327
0.521240,21.6075,0.336110
0.521851,21.6328,0.810897E-01
0.522461,21.6581,0.922266E-01
0.523071,21.6834,0.646636
0.523682,21.7087,-0.784171
0.524292,21.7340,0.252292
0.524902,21.7593,-0.189158
0.525513,21.7846,0.490641
0.526123,21.8099,-0.290606
0.526733,21.8352,-0.579558
0.527344,21.8605,-0.317550
0.527954,21.8858,-0.198492E-01
0.528564,21.9111,-0.120283
0.529175,21.9364,-0.318999
0.529785,21.9617,-0.243059
0.530396,21.9870,0.467198E-01
0.531006,22.0123,0.188017
0.531616,22.0376,0.422049E-01
0.532227,22.0629,-0.267628
0.532837,22.0882,0.293506
0.533447,22.1135,0.416868
0.534058,22.1388,-1.03276
0.534668,22.1641,0.385195
0.535278,22.1894,0.105221
0.535889,22.2147,0.445166
0.536499,22.2400,-0.216661
0.537109,22.2653,0.340281
0.537720,22.2906,0.217869
0.538330,22.3160,0.165393
0.538940,22.3413,-0.740093
0.539551,22.3666,-0.154233
0.540161,22.3919,-0.491106E-01
0.540771,22.4172,0.747825E-01
0.541382,22.4425,-1.54538
0.541992,22.4678,-0.249978E-01
0.542603,22.4931,-0.577300E-01
0.543213,22.5184,0.139634
0.543823,22.5437,0.820049E-01
0.544434,22.5690,-0.130021E-01
0.545044,22.5943,0.211428
0.545654,22.6196,-0.104894
0.546265,22.6449,-0.230415
0.546875,22.6702,0.814964
0.547485,22.6955,-0.520506E-01
0.548096,22.7208,0.434578E-01
0.548706,22.7461,1.07203
0.549316,22.7714,0.840524E-01
0.549927,22.7967,-0.102585
0.550537,22.8220,-0.456805
0.551147,22.8473,0.251036E-01
0.551758,22.8726,0.104017
0.552368,22.8979,-0.374905
0.552979,22.9232,-0.205812
0.553589,22.9485,-0.120618
0.554199,22.9738,-0.377151
0.554810,22.9991,-0.115393
0.555420,23.0244,-0.362738
0.556030,23.0497,0.972169E-01
0.556641,23.0750,-0.487126E-01
0.557251,23.1003,-0.958544
0.557861,23.1256,0.295951
0.558472,23.1509,0.869485E-01
0.559082,23.1762,0.113928
0.559692,23.2015,0.248183E-01
0.560303,23.2268,-0.112265
0.560913,23.2521,-0.225677
0.561523,23.2774,-0.411833E-01
0.562134,23.3027,0.120957
0.562744,23.3280,-0.133929
0.563354,23.3533,0.102803
0.563965,23.3786,-0.593643
0.564575,23.4039,0.142729
0.565186,23.4292,-0.122993
0.565796,23.4545,0.805952E-01
0.566406,23.4798,-0.780822E-01
0.567017,23.5051,-3.29743
0.567627,23.5304,-0.113418E-01
0.568237,23.5557,-0.101002
0.568848,23.5810,-0.222423
0.569458,23.6063,0.931184
0.570068,23.6316,-0.864689
0.570679,23.6569,-0.285823
0.571289,23.6822,0.642041
0.571899,23.7075,0.268956
0.572510,23.7328,-0.126993
0.573120,23.7581,0.162662
0.573730,23.7834,0.536069
0.574341,23.8087,0.788144E-01
0.574951,23.8340,0.472901E-01
0.575562,23.8593,-0.479649
0.576172,23.8846,-0.426874
0.576782,23.9099,0.372770E-01
0.577393,23.9352,0.949566E-01
0.578003,23.9605,-0.153581
0.578613,23.9859,0.576446E-01
0.579224,24.0112,-0.693821
0.579834,24.0365,0.206488
0.580444,24.0618,-0.178680
0.581055,24.0871,0.999799
0.581665,24.1124,-0.226519
0.582275,24.1377,0.396256E-01
0.582886,24.1630,-0.255732
0.583496,24.1883,0.385851
0.584106,24.2136,-0.604522E-01
0.584717,24.2389,0.473906
0.585327,24.2642,-0.106843
0.585938,24.2895,0.103386E-01
0.586548,24.3148,-0.142723
0.587158,24.3401,0.143044
0.587769,24.3654,0.726279
0.588379,24.3907,0.183050
0.588989,24.4160,-1.07044
0.589600,24.4413,0.165261
0.590210,24.4666,0.227545
0.590820,24.4919,0.684068E-01
0.591431,24.5172,-0.222628
0.592041,24.5425,-0.738245
0.592651,24.5678,-1.20243
0.593262,24.5931,-0.650113
0.593872,24.6184,-0.218304
0.594482,24.6437,-0.407421E-01
0.595093,24.6690,0.804496E-01
0.595703,24.6943,-0.112241
0.596313,24.7196,0.117441
0.596924,24.7449,-0.183119
0.597534,24.7702,-0.184263
0.598145,24.7955,-0.365214
0.598755,24.8208,0.640023
0.599365,24.8461,-0.359174E-01
0.599976,24.8714,-0.215875
0.600586,24.8967,0.695789E-01
0.601196,24.9220,-0.793594
0.601807,24.9473,0.158561
0.602417,24.9726,-0.982365E-01
0.603027,24.9979,0.286560
0.603638,25.0232,-0.587818E-01
0.604248,25.0485,0.226694
0.604858,25.0738,0.180101E-01
0.605469,25.0991,-0.295481
0.606079,25.1244,0.179517
0.606689,25.1497,0.407198E-01
0.607300,25.1750,-0.103799
0.607910,25.2003,-0.145877
0.608521,25.2256,-0.343507
0.609131,25.2509,-0.512231E-01
0.609741,25.2762,0.404110
0.610352,25.3015,-0.472593
0.610962,25.3268,-0.219386
0.611572,25.3521,-0.403739
0.612183,25.3774,0.273985
0.612793,25.4027,0.190960
0.613403,25.4280,-0.299198
0.614014,25.4533,-0.228262
0.614624,25.4786,-0.125963
0.615234,25.5039,0.217673
0.615845,25.5292,0.585851
0.616455,25.5545,-0.110310E-01
0.617065,25.5798,-0.146727E-01
0.617676,25.6051,0.506487
0.618286,25.6305,-0.765818
0.618896,25.6558,-0.387118
0.619507,25.6811,-0.267358
0.620117,25.7064,-0.667893
0.620728,25.7317,-0.387008
0.621338,25.7570,-0.645954E-01
0.621948,25.7823,-0.341388
0.622559,25.8076,-0.188368
0.623169,25.8329,-0.160392
0.623779,25.8582,-0.138271E-01
0.624390,25.8835,0.155079E-01
0.625000,25.9088,0.939017E-01
0.625610,25.9341,0.571098
0.626221,25.9594,-0.208002
0.626831,25.9847,-0.281225
0.627441,26.0100,-0.774188
0.628052,26.0353,0.169355
0.628662,26.0606,-0.167771
0.629272,26.0859,-0.361080
0.629883,26.1112,-0.559793E-01
0.630493,26.1365,-0.587384
0.631104,26.1618,0.621428
0.631714,26.1871,-0.386182E-01
0.632324,26.2124,0.704867
0.632935,26.2377,-0.257513E-01
0.633545,26.2630,-0.201784
0.634155,26.2883,-0.164486
0.634766,26.3136,-0.725429E-01
0.635376,26.3389,1.09830
0.635986,26.3642,0.566589
0.636597,26.3895,-0.286044
0.637207,26.4148,-0.134905
0.637817,26.4401,-0.575066
0.638428,26.4654,0.141060
0.639038,26.4907,0.231224E-02
0.639648,26.5160,-0.478322E-01
0.640259,26.5413,0.441293E-01
0.640869,26.5666,0.107622
0.641479,26.5919,0.325493E-01
0.642090,26.6172,0.284349
0.642700,26.6425,-0.269675
0.643311,26.6678,0.235528
0.643921,26.6931,0.126711E-01
0.644531,26.7184,-0.179460
0.645142,26.7437,-0.146229
0.645752,26.7690,-0.867600
0.646362,26.7943,-0.232418E-01
0.646973,26.8196,0.233851E-01
0.647583,26.8449,0.148901
0.648193,26.8702,-0.890013E-01
0.648804,26.8955,-0.409314
0.649414,26.9208,0.254095
0.650024,26.9461,0.452191E-01
0.650635,26.9714,0.123952
0.651245,26.9967,0.466889
0.651855,27.0220,0.108205
0.652466,27.0473,-0.406544
0.653076,27.0726,-0.109367
0.653687,27.0979,0.619616
0.654297,27.1232,-0.703400E-01
0.654907,27.1485,0.283600
0.655518,27.1738,-0.484845
0.656128,27.1991,-0.860299E-01
0.656738,27.2244,-0.232410
0.657349,27.2497,0.525643E-01
0.657959,27.2751,-0.844206E-01
0.658569,27.3004,-0.588840
0.659180,27.3257,0.467523E-01
0.659790,27.3510,-0.132864
0.660400,27.3763,-0.325753
0.661011,27.4016,0.140722
0.661621,27.4269,0.292086
0.662231,27.4522,-0.214905
0.662842,27.4775,-0.108773
0.663452,27.5028,-0.519320
0.664062,27.5281,0.531274E-01
0.664673,27.5534,-0.974485
0.665283,27.5787,-0.932354E-01
0.665894,27.6040,-0.137732
0.666504,27.6293,0.194864
0.667114,27.6546,0.539335
0.667725,27.6799,-0.314137E-01
0.668335,27.7052,0.142687
0.668945,27.7305,-0.389264
0.669556,27.7558,-0.496609E-01
0.670166,27.7811,-0.297465
0.670776,27.8064,-0.748721E-01
0.671387,27.8317,-0.186387
0.671997,27.8570,0.688492E-01
0.672607,27.8823,-0.149835
0.673218,27.9076,0.200340
0.673828,27.9329,-0.155935
0.674438,27.9582,0.912696E-01
0.675049,27.9835,-0.351498
0.675659,28.0088,-0.218720
0.676270,28.0341,-0.631589E-01
0.676880,28.0594,-0.334236E-01
0.677490,28.0847,0.149858
0.678101,28.1100,0.822682E-01
0.678711,28.1353,-0.264470
0.679321,28.1606,-0.276252
0.679932,28.1859,-0.866175
0.680542,28.2112,0.416782
0.681152,28.2365,-0.325719
0.681763,28.2618,-0.592983
0.682373,28.2871,-0.503328
0.682983,28.3124,-0.112344E-01
0.683594,28.3377,-0.307724E-01
0.684204,28.3630,-0.766405E-01
0.684814,28.3883,-0.418799
0.685425,28.4136,0.142940
0.686035,28.4389,-0.268917
0.686646,28.4642,-0.409301
0.687256,28.4895,-0.242006E-02
0.687866,28.5148,0.786307E-01
0.688477,28.5401,0.140404
0.689087,28.5654,-0.142062
0.689697,28.5907,-0.735955
0.690308,28.6160,-0.116395E-01
0.690918,28.6413,0.884219E-01
0.691528,28.6666,0.481248
0.692139,28.6919,-0.324198
0.692749,28.7172,-0.707165
0.693359,28.7425,-0.586506
0.693970,28.7678,-0.835778E-02
0.694580,28.7931,-0.147382
0.695190,28.8184,-0.205670
0.695801,28.8437,-0.720105E-01
0.696411,28.8690,0.401032
0.697021,28.8943,-0.138358
0.697632,28.9196,0.736145E-01
0.698242,28.9450,0.875113E-01
0.698853,28.9703,-0.322504E-01
0.699463,28.9956,0.438968
0.700073,29.0209,0.963339E-01
0.700684,29.0462,-0.439854
0.701294,29.0715,0.538348E-01
0.701904,29.0968,-0.410863E-01
0.702515,29.1221,-0.446502
0.703125,29.1474,0.144850
0.703735,29.1727,0.130552
0.704346,29.1980,-0.117770
0.704956,29.2233,-0.604599
0.705566,29.2486,0.151610
0.706177,29.2739,-0.319265E-01
0.706787,29.2992,-0.254750
0.707397,29.3245,0.116960E-01
0.708008,29.3498,0.644753E-01
0.708618,29.3751,-0.912661E-01
0.709229,29.4004,-0.145563
0.709839,29.4257,-0.685242
0.710449,29.4510,0.139788
0.711060,29.4763,-0.421036
0.711670,29.5016,-0.217304
0.712280,29.5269,0.185574
0.712891,29.5522,-0.485966
0.713501,29.5775,0.689123E-02
0.714111,29.6028,-0.288331
0.714722,29.6281,-0.924716E-01
0.715332,29.6534,0.427851E-01
0.715942,29.6787,-0.238541
0.716553,29.7040,0.269229
0.717163,29.7293,-1.05349
0.717773,29.7546,-0.190722
0.718384,29.7799,-0.648528
0.718994,29.8052,-0.532874E-01
0.719604,29.8305,-0.543254
0.720215,29.8558,0.229129
0.720825,29.8811,-0.736993E-01
0.721436,29.9064,0.111363
0.722046,29.9317,-0.795827E-01
0.722656,29.9570,0.162890
0.723267,29.9823,-0.105519
0.723877,30.0076,0.719012E-01
0.724487,30.0329,-1.10370
0.725098,30.0582,0.178390E-01
0.725708,30.0835,-0.321963E-01
0.726318,30.1088,-0.508268
0.726929,30.1341,0.308688E-02
0.727539,30.1594,0.313376
0.728149,30.1847,-0.404641
0.728760,30.2100,0.339626
0.729370,30.2353,-0.673044
0.729980,30.2606,-0.312202E-02
0.730591,30.2859,0.105011
0.731201,30.3112,0.146372E-01
0.731812,30.3365,-0.119345
0.732422,30.3618,0.542666
0.733032,30.3871,-0.154194E-01
0.733643,30.4124,0.459156
0.734253,30.4377,0.783473E-01
0.734863,30.4630,-0.581793
0.735474,30.4883,-0.176715
0.736084,30.5136,-0.583461
0.736694,30.5389,-0.225260
0.737305,30.5642,0.227129E-01
0.737915,30.5896,0.986971E-01
0.738525,30.6149,-0.100774
0.739136,30.6402,0.350030
0.739746,30.6655,-0.451423
0.740356,30.6908,0.209316
0.740967,30.7161,-0.541426
0.741577,30.7414,0.758748E-01
0.742188,30.7667,0.445020E-01
0.742798,30.7920,0.367961
0.743408,30.8173,-0.977591E-01
0.744019,30.8426,0.338349
0.744629,30.8679,-1.08911
0.745239,30.8932,0.841493
0.745850,30.9185,-0.106360
0.746460,30.9438,-0.605763
0.747070,30.9691,0.130681E-01
0.747681,30.9944,0.206049
0.748291,31.0197,0.137642
0.748901,31.0450,-0.265076
0.749512,31.0703,-0.820645E-01
0.750122,31.0956,0.157706E-01
0.750732,31.1209,-0.444633
0.751343,31.1462,-0.386616
0.751953,31.1715,0.534444
0.752563,31.1968,-0.261601
0.753174,31.2221,0.706380E-01
0.753784,31.2474,0.556249E-01
0.754395,31.2727,0.199148
0.755005,31.2980,-0.552396E-02
0.755615,31.3233,0.448361E-01
0.756226,31.3486,-0.739809E-02
0.756836,31.3739,-0.725176E-01
0.757446,31.3992,-0.174431
0.758057,31.4245,-0.220025
0.758667,31.4498,0.128520E-01
0.759277,31.4751,-0.334523
0.759888,31.5004,-0.435107
0.760498,31.5257,-0.472923
0.761108,31.5510,-0.504363E-02
0.761719,31.5763,0.301000E-01
0.762329,31.6016,-0.478041E-01
0.762939,31.6269,-0.399721
0.763550,31.6522,-0.392705
0.764160,31.6775,-0.134676
0.764771,31.7028,0.395850
0.765381,31.7281,0.766592
0.765991,31.7534,0.298206
0.766602,31.7787,-0.522018
0.767212,31.8040,0.886758
0.767822,31.8293,0.582218E-01
0.768433,31.8546,-0.726800
0.769043,31.8799,-0.715496E-01
0.769653,31.9052,-0.882407
0.770264,31.9305,0.180942
0.770874,31.9558,0.246942E-01
0.771484,31.9811,-0.194461
0.772095,32.0064,-0.112756
0.772705,32.0317,-0.501700E-01
0.773315,32.0570,0.172548
0.773926,32.0823,0.194337
0.774536,32.1076,-0.409834
0.775146,32.1329,0.393240
0.775757,32.1582,0.290253
0.776367,32.1835,-0.588062E-01
0.776978,32.2088,0.123715
0.777588,32.2342,0.394770E-01
0.778198,32.2595,-0.201289
0.778809,32.2848,-0.118057
0.779419,32.3101,0.130469
0.780029,32.3354,0.440071E-01
0.780640,32.3607,0.569649
0.781250,32.3860,0.154214
0.781860,32.4113,-0.484486
0.782471,32.4366,0.282200
0.783081,32.4619,-0.163700
0.783691,32.4872,-0.592132E-01
0.784302,32.5125,-0.762682E-01
0.784912,32.5378,-0.760265E-01
0.785522,32.5631,0.118652
0.786133,32.5884,0.116721
0.786743,32.6137,0.252369
0.787354,32.6390,0.300723
0.787964,32.6643,-0.580619E-02
0.788574,32.6896,0.369105E-02
0.789185,32.7149,-0.320037E-01
0.789795,32.7402,-0.251801
0.790405,32.7655,0.212685
0.791016,32.7908,0.249485
0.791626,32.8161,0.323778
0.792236,32.8414,-0.231963
0.792847,32.8667,0.357122E-01
0.793457,32.8920,-0.117504
0.794067,32.9173,0.318673
0.794678,32.9426,-0.195885
0.795288,32.9679,-0.439466
0.795898,32.9932,0.145532E-01
0.796509,33.0185,0.138281
0.797119,33.0438,-0.424762
0.797729,33.0691,0.344816
0.798340,33.0944,-0.276335
0.798950,33.1197,-0.448999
0.799561,33.1450,-0.295951
0.800171,33.1703,0.292393
0.800781,33.1956,-0.259598
0.801392,33.2209,-0.160094E-01
0.802002,33.2462,0.514426
0.802612,33.2715,0.135445
0.803223,33.2968,-0.135476E-01
0.803833,33.3221,-0.348627
0.804443,33.3474,-0.522126
0.805054,33.3727,-0.418780
0.805664,33.3980,-0.270712
0.806274,33.4233,-0.320640
0.806885,33.4486,-0.583315
0.807495,33.4739,-0.520491E-01
0.808105,33.4992,0.900441E-01
0.808716,33.5245,0.107160
0.809326,33.5498,-0.790154E-01
0.809937,33.5751,-0.328457E-01
0.810547,33.6004,0.234276
0.811157,33.6257,-0.778235E-01
0.811768,33.6510,-0.428302E-01
0.812378,33.6763,-0.299156
0.812988,33.7016,0.485151E-01
0.813599,33.7269,0.570190E-01
0.814209,33.7522,0.898194E-01
0.814819,33.7775,0.105632
0.815430,33.8028,-0.408510
0.816040,33.8281,0.358062
0.816650,33.8534,-0.340079
0.817261,33.8787,-0.984334E-03
0.817871,33.9041,-0.699617
0.818481,33.9294,0.455467
0.819092,33.9547,-0.946795
0.819702,33.9800,0.891534E-01
0.820312,34.0053,0.758113E-01
0.820923,34.0306,-0.278319E-01
0.821533,34.0559,-0.747767E-01
0.822144,34.0812,0.213150
0.822754,34.1065,0.549609
0.823364,34.1318,-0.133952
0.823975,34.1571,-0.382775E-01
0.824585,34.1824,-0.294303
0.825195,34.2077,-0.436935E-01
0.825806,34.2330,-0.572423E-01
0.826416,34.2583,-0.143961
0.827026,34.2836,-0.493323E-01
0.827637,34.3089,-0.204691E-01
0.828247,34.3342,-0.118987
0.828857,34.3595,-0.118612E-01
0.829468,34.3848,-0.334929E-01
0.830078,34.4101,0.188218
0.830688,34.4354,0.477467E-01
0.831299,34.4607,-1.36699
0.831909,34.4860,1.26875
0.832520,34.5113,0.135742
0.833130,34.5366,0.317962
0.833740,34.5619,-0.452966
0.834351,34.5872,0.443735
0.834961,34.6125,0.345085
0.835571,34.6378,0.285645
0.836182,34.6631,-0.138371
0.836792,34.6884,0.118623
0.837402,34.7137,0.563744E-01
0.838013,34.7390,0.357098
0.838623,34.7643,-0.949127E-01
0.839233,34.7896,0.119653
0.839844,34.8149,-0.189439
0.840454,34.8402,0.126342
0.841064,34.8655,-0.285130
0.841675,34.8908,-0.200533
0.842285,34.9161,0.331127
0.842896,34.9414,-0.212596
0.843506,34.9667,-0.264877E-02
0.844116,34.9920,-0.284544
0.844727,35.0173,-0.294315
0.845337,35.0426,0.247487E-01
0.845947,35.0679,0.183267
0.846558,35.0932,0.956954E-01
0.847168,35.1185,-0.666312
0.847778,35.1438,-0.849717
0.848389,35.1691,0.375022E-01
0.848999,35.1944,-0.418507E-01
0.849609,35.2197,0.563015E-01
0.850220,35.2450,-0.166216
0.850830,35.2703,0.909135E-01
0.851440,35.2956,-0.741878E-01
0.852051,35.3209,0.225411
0.852661,35.3462,0.915078E-01
0.853271,35.3715,-0.222110
0.853882,35.3968,0.191529
0.854492,35.4221,-0.273540E-02
0.855103,35.4474,-0.177589
0.855713,35.4727,-0.652934E-01
0.856323,35.4980,0.148247
0.856934,35.5233,-0.103674
0.857544,35.5487,-0.721576
0.858154,35.5740,0.236570
0.858765,35.5993,0.598510E-01
0.859375,35.6246,0.341944E-01
0.859985,35.6499,-0.378608
0.860596,35.6752,-0.363965
0.861206,35.7005,0.859798E-01
0.861816,35.7258,0.143735
0.862427,35.7511,-0.503710
0.863037,35.7764,-0.148380E-01
0.863647,35.8017,-0.286537E-01
0.864258,35.8270,-0.223582
0.864868,35.8523,-0.273628
0.865479,35.8776,0.154438
0.866089,35.9029,0.645137
0.866699,35.9282,-0.327077
0.867310,35.9535,-0.201376
0.867920,35.9788,-0.909108E-01
0.868530,36.0041,-0.110895
0.869141,36.0294,0.750675E-01
0.869751,36.0547,-0.283232E-02
0.870361,36.0800,0.331039E-01
0.870972,36.1053,-0.494417
0.871582,36.1306,-0.524191
0.872192,36.1559,-0.225644
0.872803,36.1812,0.108044E-01
0.873413,36.2065,0.810418E-01
0.874023,36.2318,-0.100177
0.874634,36.2571,-0.246461
0.875244,36.2824,-0.424246E-01
0.875854,36.3077,0.439035E-03
0.876465,36.3330,-0.298320E-01
0.877075,36.3583,0.732945
0.877686,36.3836,-0.622671E-01
0.878296,36.4089,-0.257650
0.878906,36.4342,-0.617782
0.879517,36.4595,0.885644E-01
0.880127,36.4848,-0.361110E-01
0.880737,36.5101,0.184242
0.881348,36.5354,-0.648642E-01
0.881958,36.5607,-0.109300
0.882568,36.5860,-0.141440
0.883179,36.6113,-0.359518E-01
0.883789,36.6366,0.217194
0.884399,36.6619,-0.355236E-01
0.885010,36.6872,-0.344336E-01
0.885620,36.7125,-0.707034
0.886230,36.7378,-0.653820E-01
0.886841,36.7631,0.630873E-01
0.887451,36.7884,-0.901543
0.888062,36.8137,0.215468
0.888672,36.8390,0.593717E-01
0.889282,36.8643,0.212212
0.889893,36.8896,-0.279378
0.890503,36.9149,0.296560E-01
0.891113,36.9402,0.894510E-04
0.891724,36.9655,0.340052
0.892334,36.9908,-0.443740
0.892944,37.0161,-0.108524
0.893555,37.0414,-0.644241
0.894165,37.0667,-0.201138E-01
0.894775,37.0920,0.192075E-01
0.895386,37.1173,0.333367
0.895996,37.1426,-0.615986
0.896606,37.1679,-0.781097E-01
0.897217,37.1933,-0.433381
0.897827,37.2186,-0.114787
0.898438,37.2439,-0.216712E-01
0.899048,37.2692,-0.284719
0.899658,37.2945,-0.186557E-01
0.900269,37.3198,-0.373965
0.900879,37.3451,-0.437064
0.901489,37.3704,-0.165692E-01
0.902100,37.3957,0.403658E-01
0.902710,37.4210,-0.124256
0.903320,37.4463,-0.287751E-01
0.903931,37.4716,0.123705
0.904541,37.4969,-0.284074
0.905151,37.5222,-0.937199E-01
0.905762,37.5475,-0.897904
0.906372,37.5728,0.440317E-01
0.906982,37.5981,-0.353656
0.907593,37.6234,0.291243
0.908203,37.6487,0.880495E-01
0.908813,37.6740,0.998127E-01
0.909424,37.6993,0.244943
0.910034,37.7246,0.413493
0.910645,37.7499,-0.259766E-01
0.911255,37.7752,0.110984
0.911865,37.8005,-0.588219
0.912476,37.8258,0.811571E-01
0.913086,37.8511,-0.486369E-01
0.913696,37.8764,0.589670E-01
0.914307,37.9017,-0.245783
0.914917,37.9270,-0.101835
0.915527,37.9523,-0.143291E-01
0.916138,37.9776,-0.864200
0.916748,38.0029,-0.735145
0.917358,38.0282,0.586048E-01
0.917969,38.0535,-0.487140E-01
0.918579,38.0788,0.235456
0.919189,38.1041,0.562003
0.919800,38.1294,-0.289166
0.920410,38.1547,-0.193208E-01
0.921021,38.1800,-0.169103E-01
0.921631,38.2053,-0.524975E-01
0.922241,38.2306,0.410641E-01
0.922852,38.2559,-0.125626
0.923462,38.2812,-0.212370
0.924072,38.3065,-0.136241
0.924683,38.3318,-0.485593
0.925293,38.3571,-0.346417
0.925903,38.3824,-0.257350
0.926514,38.4077,-0.139346
0.927124,38.4330,-0.472324
0.927734,38.4583,-0.103713
0.928345,38.4836,-0.445802
0.928955,38.5089,0.126641E-01
0.929565,38.5342,-0.249778
0.930176,38.5595,0.408139
0.930786,38.5848,-0.245161
0.931396,38.6101,0.169481
0.932007,38.6354,0.907383E-01
0.932617,38.6607,0.326276
0.933228,38.6860,0.246263
0.933838,38.7113,-0.177330
0.934448,38.7366,-0.428328E-01
0.935059,38.7619,0.244377
0.935669,38.7872,-0.158659
0.936279,38.8125,0.155459
0.936890,38.8378,0.278057
0.937500,38.8632,-0.347592
0.938110,38.8885,-0.219611
0.938721,38.9138,0.109599
0.939331,38.9391,-0.970421E-01
0.939941,38.9644,-0.279261
0.940552,38.9897,-0.285901
0.941162,39.0150,0.649916E-01
0.941772,39.0403,0.311315
0.942383,39.0656,-0.100899
0.942993,39.0909,0.253614E-02
0.943604,39.1162,-0.391994
0.944214,39.1415,-0.408011E-01
0.944824,39.1668,0.181849
0.945435,39.1921,-0.456620
0.946045,39.2174,0.435708
0.946655,39.2427,-0.128484
0.947266,39.2680,0.171997
0.947876,39.2933,0.867250E-01
0.948486,39.3186,0.112871
0.949097,39.3439,0.133076
0.949707,39.3692,0.187201
0.950317,39.3945,-0.131073
0.950928,39.4198,0.463890E-01
0.951538,39.4451,-0.571927E-01
0.952148,39.4704,0.995647E-01
0.952759,39.4957,-0.121964
0.953369,39.5210,0.690874E-01
0.953979,39.5463,-0.776212E-01
0.954590,39.5716,-0.228546E-01
0.955200,39.5969,-0.179287
0.955811,39.6222,0.569016E-01
0.956421,39.6475,-0.386340E-01
0.957031,39.6728,-0.388999
0.957642,39.6981,0.188845
0.958252,39.7234,0.274594
0.958862,39.7487,0.367928
0.959473,39.7740,-0.584589E-01
0.960083,39.7993,0.150090
0.960693,39.8246,0.223273
0.961304,39.8499,-0.179797
0.961914,39.8752,0.257419
0.962524,39.9005,-0.436136
0.963135,39.9258,0.116230
0.963745,39.9511,-0.344195
0.964355,39.9764,-0.352845
0.964966,40.0017,-0.309941
0.965576,40.0270,0.129786
0.966187,40.0523,-0.221128
0.966797,40.0776,0.151589
0.967407,40.1029,0.183186
0.968018,40.1282,0.234890
0.968628,40.1535,-0.275497
0.969238,40.1788,0.991264E-03
0.969849,40.2041,-0.275383
0.970459,40.2294,-0.653272E-01
0.971069,40.2547,-0.215290E-01
0.971680,40.2800,-0.956945E-01
0.972290,40.3053,-0.814834E-01
0.972900,40.3306,-0.186344
0.973511,40.3559,0.245666
0.974121,40.3812,0.219095
0.974731,40.4065,0.790656E-01
0.975342,40.4318,-0.107673
0.975952,40.4571,-0.277101
0.976562,40.4824,-0.183820
0.977173,40.5078,-0.798175
0.977783,40.5331,-0.500338
0.978394,40.5584,-0.363344
0.979004,40.5837,0.470333E-02
0.979614,40.6090,-0.230259
0.980225,40.6343,0.681050E-01
0.980835,40.6596,-0.863596
0.981445,40.6849,0.452373
0.982056,40.7102,0.103442
0.982666,40.7355,-0.107849
0.983276,40.7608,0.138873
0.983887,40.7861,0.460820
0.984497,40.8114,-0.323784
0.985107,40.8367,0.770966E-01
0.985718,40.8620,-0.520202E-01
0.986328,40.8873,-0.307571
0.986938,40.9126,-0.588403E-02
0.987549,40.9379,-0.188910
0.988159,40.9632,0.686347E-01
0.988770,40.9885,0.684156E-01
0.989380,41.0138,-0.326177E-01
0.989990,41.0391,0.472281
0.990601,41.0644,-0.242387
0.991211,41.0897,-0.345334
0.991821,41.1150,-0.320815E-01
0.992432,41.1403,0.106294
0.993042,41.1656,-0.103740
0.993652,41.1909,0.708731E-01
0.994263,41.2162,-0.124951
0.994873,41.2415,0.632710E-01
0.995483,41.2668,-0.151898
0.996094,41.2921,-0.135426
0.996704,41.3174,0.477920E-01
0.997314,41.3427,-0.121805
0.997925,41.3680,-0.179595
0.998535,41.3933,0.478695E-01
0.999146,41.4186,-0.121344E-01
0.999756,41.4439,0.130059
1.00037,41.4692,-0.596705
1.00098,41.4945,-0.337284
1.00159,41.5198,-0.272769E-01
1.00220,41.5451,0.157727
1.00281,41.5704,-0.180971
1.00342,41.5957,-0.282502
1.00403,41.6210,-0.344568
1.00464,41.6463,-0.445043E-01
1.00525,41.6716,0.196258
1.00586,41.6969,-0.690759
1.00647,41.7222,-0.296151
1.00708,41.7475,-0.155332E-01
1.00769,41.7728,-0.278550E-01
1.00830,41.7981,-0.332915
1.00891,41.8234,-0.663063
1.00952,41.8487,0.188979
1.01013,41.8740,-0.763350E-01
1.01074,41.8993,-0.299969
1.01135,41.9246,0.590017
1.01196,41.9499,0.230655E-01
1.01257,41.9752,-0.389837
1.01318,42.0005,0.112026
1.01379,42.0258,0.328144E-02
1.01440,42.0511,-0.569544
1.01501,42.0764,0.315871E-01
1.01562,42.1017,-0.259802
1.01624,42.1270,0.104866
1.01685,42.1524,0.261435
1.01746,42.1777,-0.342866
1.01807,42.2030,0.445924E-01
1.01868,42.2283,0.292057E-01
1.01929,42.2536,0.377936
1.01990,42.2789,-0.116248
1.02051,42.3042,-0.583961E-01
1.02112,42.3295,-0.205120
1.02173,42.3548,-0.662454
1.02234,42.3801,-0.214091
1.02295,42.4054,-0.164215
1.02356,42.4307,-0.109827
1.02417,42.4560,-0.444139E-02
1.02478,42.4813,0.100980
1.02539,42.5066,0.214147
1.02600,42.5319,0.240640
1.02661,42.5572,-0.141682
1.02722,42.5825,-0.163926E-01
1.02783,42.6078,0.132184
1.02844,42.6331,0.345488E-01
1.02905,42.6584,0.194339
1.02966,42.6837,0.416233E-01
1.03027,42.7090,-0.437054E-01
1.03088,42.7343,-0.217161
1.03149,42.7596,-0.505308
1.03210,42.7849,0.211118
1.03271,42.8102,-0.116129E-01
1.03333,42.8355,0.758596E-01
1.03394,42.8608,0.452625E-01
1.03455,42.8861,0.234130
1.03516,42.9114,-0.383011
1.03577,42.9367,0.454719
1.03638,42.9620,0.341273
1.03699,42.9873,0.646041E-01
1.03760,43.0126,0.145426
1.03821,43.0379,-0.802749E-01
1.03882,43.0632,0.116366
1.03943,43.0885,0.317757
1.04004,43.1138,-0.120741
1.04065,43.1391,-0.727069
1.04126,43.1644,-0.706147
1.04187,43.1897,-0.594550E-01
1.04248,43.2150,-0.173499
1.04309,43.2403,-0.243098
1.04370,43.2656,-0.148105
1.04431,43.2909,-0.213542
1.04492,43.3162,-0.109263
1.04553,43.3415,0.257716
1.04614,43.3668,0.315135
1.04675,43.3921,-0.416400E-01
1.04736,43.4174,0.160905
1.04797,43.4427,0.218143E-02
1.04858,43.4680,-0.713676E-01
1.04919,43.4933,-0.837846E-01
1.04980,43.5186,-0.107238
1.05042,43.5439,-0.515141E-01
1.05103,43.5692,0.198102
1.05164,43.5945,-0.349370E-01
1.05225,43.6198,0.437877E-01
1.05286,43.6451,0.143310
1.05347,43.6704,-0.234480
1.05408,43.6957,-0.201302
1.05469,43.7210,0.235271
1.05530,43.7463,-0.278925
1.05591,43.7716,-0.163562
1.05652,43.7969,0.663530
1.05713,43.8223,0.663686E-02
1.05774,43.8476,0.798857E-01
1.05835,43.8729,0.223868
1.05896,43.8982,-0.129059
1.05957,43.9235,-0.434325
1.06018,43.9488,0.198750
1.06079,43.9741,0.139084
1.06140,43.9994,-0.404249
1.06201,44.0247,0.389749
1.06262,44.0500,-0.164959
1.06323,44.0753,0.185483
1.06384,44.1006,-0.540172E-01
1.06445,44.1259,0.201029
1.06506,44.1512,0.516330
1.06567,44.1765,-0.235952
1.06628,44.2018,-0.448626E-01
1.06689,44.2271,0.296733E-01
1.06750,44.2524,0.414943E-01
1.06812,44.2777,-0.867570E-01
1.06873,44.3030,-0.969228E-01
1.06934,44.3283,-0.209727
1.06995,44.3536,-0.445727E-01
1.07056,44.3789,0.892831E-01
1.07117,44.4042,-0.346966
1.07178,44.4295,-0.329826
1.07239,44.4548,0.823319E-01
1.07300,44.4801,-0.111868E-01
1.07361,44.5054,0.100432
1.07422,44.5307,0.211073E-01
1.07483,44.5560,0.155489
1.07544,44.5813,0.708765E-01
1.07605,44.6066,0.154472
1.07666,44.6319,-0.129231
1.07727,44.6572,-0.119398
1.07788,44.6825,-0.988195
1.07849,44.7078,-0.124491E-01
1.07910,44.7331,-0.925470E-01
1.07971,44.7584,0.142164
1.08032,44.7837,-0.137200
1.08093,44.8090,0.161191
1.08154,44.8343,-0.469258
1.08215,44.8596,-0.382370E-01
1.08276,44.8849,0.350919
1.08337,44.9102,-0.246631
1.08398,44.9355,-0.317049
1.08459,44.9608,0.965079E-01
1.08521,44.9861,-0.510353E-01
1.08582,45.0114,0.404580E-01
1.08643,45.0367,0.137765
1.08704,45.0620,0.139355
1.08765,45.0873,-0.403472
1.08826,45.1126,0.201578
1.08887,45.1379,-0.440208
1.08948,45.1632,-0.287134
1.09009,45.1885,-0.173816E-01
1.09070,45.2138,0.192600
1.09131,45.2391,-0.976189E-01
1.09192,45.2644,0.146116
1.09253,45.2897,-0.300016
1.09314,45.3150,-0.846038
1.09375,45.3403,0.261931
1.09436,45.3656,0.155457
1.09497,45.3909,-0.489899E-02
1.09558,45.4162,0.272062
1.09619,45.4415,0.147085
1.09680,45.4669,-0.522385
1.09741,45.4922,0.443215
1.09802,45.5175,0.423308E-01
1.09863,45.5428,-0.188837
1.09924,45.5681,-0.343562
1.09985,45.5934,0.141282
1.10046,45.6187,-0.535126E-01
1.10107,45.6440,0.216405E-01
1.10168,45.6693,0.138031
1.10229,45.6946,0.129892
1.10291,45.7199,-0.548771E-01
1.10352,45.7452,0.520121E-01
1.10413,45.7705,-0.379190
1.10474,45.7958,-0.108366
1.10535,45.8211,-0.149705
1.10596,45.8464,-0.165146
1.10657,45.8717,0.512620E-01
1.10718,45.8970,-0.246565
1.10779,45.9223,0.268636E-01
1.10840,45.9476,-0.929652E-01
1.10901,45.9729,0.590776E-01
1.10962,45.9982,0.248098
1.11023,46.0235,-0.666069E-01
1.11084,46.0488,-0.131300
1.11145,46.0741,0.361091
1.11206,46.0994,-0.335367E-01
1.11267,46.1247,0.512985E-01
1.11328,46.1500,0.396030
1.11389,46.1753,-0.425946
1.11450,46.2006,-0.240494E-01
1.11511,46.2259,0.230971
1.11572,46.2512,0.834732E-01
1.11633,46.2765,-0.241168
1.11694,46.3018,-0.450023E-01
1.11755,46.3271,-0.342168E-01
1.11816,46.3524,0.467668E-01
1.11877,46.3777,-0.686864E-01
1.11938,46.4030,-0.334025
1.12000,46.4283,0.189072
1.12061,46.4536,-0.168531
1.12122,46.4789,-0.465739
1.12183,46.5042,-0.292167
1.12244,46.5295,-0.342578
1.12305,46.5548,-0.193503E-01
1.12366,46.5801,-0.127622
1.12427,46.6054,0.436043
1.12488,46.6307,0.146957E-01
1.12549,46.6560,-0.494934E-01
1.12610,46.6813,-0.241219E-01
1.12671,46.7066,-0.175428
1.12732,46.7319,-0.867327E-01
1.12793,46.7572,0.141616
1.12854,46.7825,-0.494139E-01
1.12915,46.8078,0.493356E-01
1.12976,46.8331,0.638372E-01
1.13037,46.8584,-0.304708
1.13098,46.8837,-0.215616
1.13159,46.9090,-0.148823E-01
1.13220,46.9343,0.231782
1.13281,46.9596,0.205418
1.13342,46.9849,-0.132781
1.13403,47.0102,-0.267422
1.13464,47.0355,0.255347
1.13525,47.0608,-0.399614
1.13586,47.0861,-0.373248E-01
1.13647,47.1115,0.550882E-01
1.13708,47.1368,-0.968260E-01
1.13770,47.1621,0.672125E-01
1.13831,47.1874,-0.290436
1.13892,47.2127,-0.642366E-01
1.13953,47.2380,-0.170142E-01
1.14014,47.2633,0.164982
1.14075,47.2886,0.154564
1.14136,47.3139,-0.428200E-01
1.14197,47.3392,-0.225996E-01
1.14258,47.3645,0.302361E-01
1.14319,47.3898,0.211561
1.14380,47.4151,0.112167
1.14441,47.4404,-0.190501E-01
1.14502,47.4657,-0.201082
1.14563,47.4910,0.433636E-01
1.14624,47.5163,-0.349449
1.14685,47.5416,-0.222091
1.14746,47.5669,-0.298338
1.14807,47.5922,0.289398
1.14868,47.6175,-0.893558E-01
1.14929,47.6428,-0.880036E-01
1.14990,47.6681,-0.100163E-01
1.15051,47.6934,0.115266
1.15112,47.7187,0.387737E-01
1.15173,47.7440,0.196229E-01
1.15234,47.7693,-0.857441E-01
1.15295,47.7946,0.237803
1.15356,47.8199,0.568469E-01
1.15417,47.8452,0.105731
1.15479,47.8705,-0.297871
1.15540,47.8958,-0.456358
1.15601,47.9211,-0.269179
1.15662,47.9464,0.742322E-01
1.15723,47.9717,0.200341
1.15784,47.9970,0.777171E-01
1.15845,48.0223,0.115074
1.15906,48.0476,0.912569E-01
1.15967,48.0729,-0.510271E-01
1.16028,48.0982,-0.398835
1.16089,48.1235,0.435635E-01
1.16150,48.1488,-0.555044
1.16211,48.1741,0.195863E-01
1.16272,48.1994,0.214235E-01
1.16333,48.2247,-0.277458
1.16394,48.2500,0.217991
1.16455,48.2753,-0.377993E-01
1.16516,48.3006,0.179835
1.16577,48.3259,-0.240585
1.16638,48.3512,0.282611
1.16699,48.3765,-0.911534E-01
1.16760,48.4018,0.258013
1.16821,48.4271,-0.386108E-01
1.16882,48.4524,-0.123703
1.16943,48.4777,-0.225619
1.17004,48.5030,-0.172538
1.17065,48.5283,-0.976706E-01
1.17126,48.5536,0.104510
1.17188,48.5789,-0.415438
1.17249,48.6042,-0.133345
1.17310,48.6295,-0.132577
1.17371,48.6548,-0.966249E-02
1.17432,48.6801,0.594124
1.17493,48.7054,0.396891
1.17554,48.7307,-0.448673E-01
1.17615,48.7560,0.113687
1.17676,48.7814,-0.662273E-01
1.17737,48.8067,-1.37103
1.17798,48.8320,0.256039
1.17859,48.8573,-0.625332E-01
1.17920,48.8826,-0.261525
1.17981,48.9079,-0.209822
1.18042,48.9332,0.259174
1.18103,48.9585,0.216598E-01
1.18164,48.9838,-0.808834E-01
1.18225,49.0091,0.307197
1.18286,49.0344,-0.777660E-03
1.18347,49.0597,-0.971188E-01
1.18408,49.0850,0.309167E-01
1.18469,49.1103,0.134346
1.18530,49.1356,-0.185528
1.18591,49.1609,-0.367766E-01
1.18652,49.1862,0.145793E-01
1.18713,49.2115,-0.173493
1.18774,49.2368,-0.117332
1.18835,49.2621,0.478428E-01
1.18896,49.2874,0.756845E-01
1.18958,49.3127,0.380982
1.19019,49.3380,-0.958494E-02
1.19080,49.3633,0.473730E-01
1.19141,49.3886,-0.801440E-01
1.19202,49.4139,0.171418
1.19263,49.4392,-0.274318E-01
1.19324,49.4645,0.244665E-01
1.19385,49.4898,0.228372
1.19446,49.5151,0.838976E-01
1.19507,49.5404,0.351496
1.19568,49.5657,0.117397
1.19629,49.5910,-0.100011
1.19690,49.6163,-0.283832E-01
1.19751,49.6416,-0.201810
1.19812,49.6669,-0.817543
1.19873,49.6922,-0.638396
1.19934,49.7175,0.612439E-01
1.19995,49.7428,0.238420
1.20056,49.7681,0.368233E-01
1.20117,49.7934,-0.641273
1.20178,49.8187,-0.174554
1.20239,49.8440,-0.795896E-01
1.20300,49.8693,0.298818
1.20361,49.8946,-0.432831
1.20422,49.9199,-0.189828E-02
1.20483,49.9452,0.425505E-01
1.20544,49.9705,-0.202946
1.20605,49.9958,-0.156253
1.20667,50.0211,-0.630112
1.20728,50.0464,0.372930
1.20789,50.0717,0.260128E-01
1.20850,50.0970,0.564196E-01
1.20911,50.1223,0.165057
1.20972,50.1476,0.474066E-02
1.21033,50.1729,-0.251989
1.21094,50.1982,0.191029
1.21155,50.2235,0.106262
1.21216,50.2488,-0.582411E-01
1.21277,50.2741,-0.113412
1.21338,50.2994,0.261254E-01
1.21399,50.3247,0.241530
1.21460,50.3500,-0.143321
1.21521,50.3753,-0.282641
1.21582,50.4006,-0.487649E-01
1.21643,50.4260,0.235990
1.21704,50.4513,-0.523343E-01
1.21765,50.4766,-0.463786E-01
1.21826,50.5019,-0.200669
1.21887,50.5272,0.113999E-02
1.21948,50.5525,-0.464004E-01
1.22009,50.5778,-0.408792E-01
1.22070,50.6031,-0.185871
1.22131,50.6284,0.457688E-01
1.22192,50.6537,0.128105
1.22253,50.6790,0.163046
1.22314,50.7043,-0.499352
1.22375,50.7296,0.530864
1.22437,50.7549,0.108424
1.22498,50.7802,-0.324592
1.22559,50.8055,-0.406469E-01
1.22620,50.8308,0.163885
1.22681,50.8561,-0.170207
1.22742,50.8814,-0.347032
1.22803,50.9067,0.297967E-01
1.22864,50.9320,0.131624E-01
1.22925,50.9573,-0.543145E-01
1.22986,50.9826,-0.173063
1.23047,51.0079,-0.494853E-01
1.23108,51.0332,0.164548
1.23169,51.0585,0.165666
1.23230,51.0838,-0.888780E-01
1.23291,51.1091,0.580891E-01
1.23352,51.1344,-0.942671E-01
1.23413,51.1597,0.813415E-01
1.23474,51.1850,-0.113271
1.23535,51.2103,0.984721E-01
1.23596,51.2356,-0.272041
1.23657,51.2609,0.525163E-01
1.23718,51.2862,0.320821E-01
1.23779,51.3115,-0.424652E-01
1.23840,51.3368,0.221947
1.23901,51.3621,-0.143244E-01
1.23962,51.3874,0.204730
1.24023,51.4127,-0.161744
1.24084,51.4380,-0.146240E-01
1.24146,51.4633,-0.214148E-01
1.24207,51.4886,0.127335
1.24268,51.5139,0.875292E-02
1.24329,51.5392,0.141448
1.24390,51.5645,-0.407696
1.24451,51.5898,-0.121697E-01
1.24512,51.6151,-0.178699
1.24573,51.6404,0.193525
1.24634,51.6657,0.208035E-01
1.24695,51.6910,-0.189042E-01
1.24756,51.7163,-0.499251
1.24817,51.7416,0.484331E-01
1.24878,51.7669,0.173965
1.24939,51.7922,0.217719E-01
1.25000,51.8175,-0.514083
1.25061,51.8428,-0.447820E-01
1.25122,51.8681,0.589419
1.25183,51.8934,-0.115935E-01
1.25244,51.9187,-0.530446E-01
1.25305,51.9440,0.131949
1.25366,51.9693,0.227235E-01
1.25427,51.9946,0.567832
1.25488,52.0199,-0.895802E-01
1.25549,52.0452,0.140466
1.25610,52.0706,-0.166369
1.25671,52.0959,0.233906E-01
1.25732,52.1212,-0.571088E-01
1.25793,52.1465,-0.108843
1.25854,52.1718,0.362563E-01
1.25916,52.1971,0.410144E-01
1.25977,52.2224,0.760631E-01
1.26038,52.2477,0.217226
1.26099,52.2730,-0.374503
1.26160,52.2983,0.133543
1.26221,52.3236,0.261587E-01
1.26282,52.3489,-0.425177
1.26343,52.3742,0.329811
1.26404,52.3995,0.532248E-01
1.26465,52.4248,0.125227
1.26526,52.4501,0.820953E-01
1.26587,52.4754,-0.198766
1.26648,52.5007,0.253801
1.26709,52.5260,0.195069
1.26770,52.5513,-0.817156
1.26831,52.5766,0.665791E-01
1.26892,52.6019,0.143765E-01
1.26953,52.6272,-0.300868
1.27014,52.6525,-0.153930
1.27075,52.6778,-0.203457E-01
1.27136,52.7031,0.181395
1.27197,52.7284,0.324289E-01
1.27258,52.7537,-0.133953
1.27319,52.7790,0.147870
1.27380,52.8043,-0.857265E-01
1.27441,52.8296,-0.592922
1.27502,52.8549,-0.781558E-01
1.27563,52.8802,0.216986
1.27625,52.9055,-0.278772
1.27686,52.9308,-0.128838
1.27747,52.9561,-0.932349
1.27808,52.9814,-0.814046E-01
1.27869,53.0067,0.316859E-01
1.27930,53.0320,-0.231079E-01
1.27991,53.0573,-0.158634
1.28052,53.0826,-0.235095
1.28113,53.1079,0.606836
1.28174,53.1332,0.180027E-01
1.28235,53.1585,-0.360762
1.28296,53.1838,0.142101E-01
1.28357,53.2091,0.161662
1.28418,53.2344,-0.164658E-01
1.28479,53.2597,0.598832E-01
1.28540,53.2850,-0.258309
1.28601,53.3103,0.250722
1.28662,53.3356,-0.269422
1.28723,53.3609,-0.101208
1.28784,53.3862,-0.326174
1.28845,53.4115,0.133985
1.28906,53.4368,-0.227032
1.28967,53.4621,0.512540E-01
1.29028,53.4874,0.697609E-01
1.29089,53.5127,0.310435E-01
1.29150,53.5380,-0.643659
1.29211,53.5633,-0.199222E-01
1.29272,53.5886,-0.977794E-01
1.29333,53.6139,-0.113802
1.29395,53.6392,-0.131599E-01
1.29456,53.6645,-0.486703
1.29517,53.6898,0.142573
1.29578,53.7151,0.233941
1.29639,53.7405,0.280379E-01
1.29700,53.7658,-0.493434
1.29761,53.7911,0.396932E-01
1.29822,53.8164,-0.764500E-01
1.29883,53.8417,0.686571E-02
1.29944,53.8670,0.362874E-01
1.30005,53.8923,0.215347
1.30066,53.9176,0.332218
1.30127,53.9429,0.633018
1.30188,53.9682,-0.441492E-02
1.30249,53.9935,-0.703638E-01
1.30310,54.0188,0.425054
1.30371,54.0441,-0.489815
1.30432,54.0694,-0.284765E-01
1.30493,54.0947,-0.214389
1.30554,54.1200,-0.270769
1.30615,54.1453,-0.288184
1.30676,54.1706,-0.429320
1.30737,54.1959,-0.304984
1.30798,54.2212,-0.777154E-01
1.30859,54.2465,-0.144443
1.30920,54.2718,-0.452723
1.30981,54.2971,0.454913E-01
1.31042,54.3224,0.173823
1.31104,54.3477,0.247584E-01
1.31165,54.3730,-0.592925E-01
1.31226,54.3983,-0.237247
1.31287,54.4236,0.363697
1.31348,54.4489,-0.428517E-01
1.31409,54.4742,0.157958
1.31470,54.4995,-0.356060
1.31531,54.5248,0.688497E-02
1.31592,54.5501,0.194694
1.31653,54.5754,-0.374536
1.31714,54.6007,0.188152
1.31775,54.6260,0.589024E-01
1.31836,54.6513,0.286705
1.31897,54.6766,-0.558509E-01
1.31958,54.7019,-0.361111E-01
1.32019,54.7272,-0.235433
1.32080,54.7525,0.331257
1.32141,54.7778,-0.446499
1.32202,54.8031,-0.125659
1.32263,54.8284,-0.206961
1.32324,54.8537,0.164993
1.32385,54.8790,-0.161906
1.32446,54.9043,-0.955930E-01
1.32507,54.9296,0.380223
1.32568,54.9549,0.261454
1.32629,54.9802,0.214034
1.32690,55.0055,0.756545E-01
1.32751,55.0308,-0.262254E-02
1.32812,55.0561,0.232905
1.32874,55.0814,-0.815102E-02
1.32935,55.1067,0.314342
1.32996,55.1320,0.883527E-01
1.33057,55.1573,-0.984970E-01
1.33118,55.1826,-0.159429
1.33179,55.2079,0.608393E-01
1.33240,55.2332,-0.444573E-01
1.33301,55.2585,-0.424142
1.33362,55.2838,0.142514E-01
1.33423,55.3091,-0.549440E-01
1.33484,55.3344,0.229426E-01
1.33545,55.3597,0.146185
1.33606,55.3851,0.183155E-01
1.33667,55.4104,-0.555146E-01
1.33728,55.4357,0.265415
1.33789,55.4610,-0.145317
1.33850,55.4863,0.221370
1.33911,55.5116,-0.964542
1.33972,55.5369,-0.365113E-02
1.34033,55.5622,-0.157450
1.34094,55.5875,0.929830E-01
1.34155,55.6128,-0.617714E-01
1.34216,55.6381,-0.610648E-01
1.34277,55.6634,-0.164726
1.34338,55.6887,-0.265269E-01
1.34399,55.7140,-0.451391E-01
1.34460,55.7393,0.832532E-01
1.34521,55.7646,0.626518E-01
1.34583,55.7899,-0.375722E-01
1.34644,55.8152,0.125769
1.34705,55.8405,-0.758454
1.34766,55.8658,0.337523
1.34827,55.8911,-0.682939E-02
1.34888,55.9164,0.225896
1.34949,55.9417,0.526372
1.35010,55.9670,-0.101338
1.35071,55.9923,0.174684
1.35132,56.0176,-0.189003
1.35193,56.0429,-0.479289
1.35254,56.0682,-0.591406
1.35315,56.0935,0.641098
1.35376,56.1188,-0.152893
1.35437,56.1441,0.927922E-01
1.35498,56.1694,0.346415
1.35559,56.1947,0.767047E-01
1.35620,56.2200,0.169129
1.35681,56.2453,-0.379708E-01
1.35742,56.2706,0.102445
1.35803,56.2959,0.805334E-01
1.35864,56.3212,-0.212382
1.35925,56.3465,0.270618
1.35986,56.3718,-0.472625
1.36047,56.3971,0.186402
1.36108,56.4224,0.349373E-01
1.36169,56.4477,0.689389E-01
1.36230,56.4730,-0.621071E-01
1.36292,56.4983,-0.409511E-01
1.36353,56.5236,0.141391
1.36414,56.5489,-0.219888
1.36475,56.5742,-0.320002
1.36536,56.5995,-0.194714
1.36597,56.6248,-0.337958
1.36658,56.6501,0.247620
1.36719,56.6754,0.491266E-01
1.36780,56.7007,0.257712E-01
1.36841,56.7260,-0.608519
1.36902,56.7513,0.296139E-01
1.36963,56.7766,0.715703E-01
1.37024,56.8019,-0.106320
1.37085,56.8272,-0.479341
1.37146,56.8525,0.187970
1.37207,56.8778,-0.139767
1.37268,56.9031,-0.100923
1.37329,56.9284,0.480037E-01
1.37390,56.9537,0.101714
1.37451,56.9790,0.379936E-01
1.37512,57.0043,0.801211E-01
1.37573,57.0297,-0.350160E-01
1.37634,57.0550,0.190719E-01
1.37695,57.0803,-0.135129
1.37756,57.1056,0.107359
1.37817,57.1309,-0.970600E-01
1.37878,57.1562,0.972207E-01
1.37939,57.1815,-0.301665
1.38000,57.2068,0.352464E-01
1.38062,57.2321,-0.303867
1.38123,57.2574,-0.100131
1.38184,57.2827,-0.200206
1.38245,57.3080,0.766040E-01
1.38306,57.3333,-0.368611
1.38367,57.3586,-0.271931
1.38428,57.3839,0.177625
1.38489,57.4092,0.176196E-01
1.38550,57.4345,0.641434E-01
1.38611,57.4598,-0.258910
1.38672,57.4851,0.996000E-01
1.38733,57.5104,0.343276E-01
1.38794,57.5357,0.171157
1.38855,57.5610,-0.554400
1.38916,57.5863,-0.858970E-02
1.38977,57.6116,0.347387
1.39038,57.6369,-0.546280E-01
1.39099,57.6622,0.579570
1.39160,57.6875,-0.700756E-01
1.39221,57.7128,0.145076E-01
1.39282,57.7381,0.268891E-01
1.39343,57.7634,0.316455E-01
1.39404,57.7887,-0.181038
1.39465,57.8140,-0.220916E-01
1.39526,57.8393,-0.294068E-02
1.39587,57.8646,0.152415
1.39648,57.8899,0.393022E-01
1.39709,57.9152,-0.173329
1.39771,57.9405,0.160292
1.39832,57.9658,-0.342382
1.39893,57.9911,0.721504E-01
1.39954,58.0164,0.175325E-01
1.40015,58.0417,-0.927474E-01
1.40076,58.0670,0.116357
1.40137,58.0923,-0.274738
1.40198,58.1176,0.926335E-01
1.40259,58.1429,-0.510875
1.40320,58.1682,-0.371549E-01
1.40381,58.1935,0.548389E-01
1.40442,58.2188,-0.703902E-01
1.40503,58.2441,0.730323E-01
1.40564,58.2694,-0.576142E-01
1.40625,58.2947,-0.288649E-01
1.40686,58.3200,0.261619E-01
1.40747,58.3453,-0.232097E-01
1.40808,58.3706,0.877245E-01
1.40869,58.3959,-0.132949
1.40930,58.4212,-0.224601
1.40991,58.4465,-0.218657
1.41052,58.4718,0.206968E-01
1.41113,58.4971,-0.229731E-02
1.41174,58.5224,0.841670E-01
1.41235,58.5477,0.363227
1.41296,58.5730,-0.848154E-01
1.41357,58.5983,0.236624E-01
1.41418,58.6236,-0.406349E-01
1.41479,58.6489,0.487135E-01
1.41541,58.6743,-0.135803
1.41602,58.6996,0.689941E-01
1.41663,58.7249,-0.242367
1.41724,58.7502,0.946040E-02
1.41785,58.7755,0.650834E-01
1.41846,58.8008,0.487387E-01
1.41907,58.8261,0.149324
1.41968,58.8514,-0.345695
1.42029,58.8767,0.979786E-01
1.42090,58.9020,-1.16413
1.42151,58.9273,-0.186432
1.42212,58.9526,-0.591821E-01
1.42273,58.9779,-0.951473E-02
1.42334,59.0032,0.230682
1.42395,59.0285,-0.878603E-01
1.42456,59.0538,0.123350
1.42517,59.0791,0.361287
1.42578,59.1044,-0.443878E-01
1.42639,59.1297,-0.245302
1.42700,59.1550,-0.159348
1.42761,59.1803,0.264467E-01
1.42822,59.2056,0.201482
1.42883,59.2309,-0.107370E-01
1.42944,59.2562,-0.148699
1.43005,59.2815,-0.105464
1.43066,59.3068,-0.220488
1.43127,59.3321,-0.150369
1.43188,59.3574,0.379637E-01
1.43250,59.3827,-0.537786E-01
1.43311,59.4080,-0.350697E-01
1.43372,59.4333,-0.765955E-02
1.43433,59.4586,0.507346
1.43494,59.4839,0.162881
1.43555,59.5092,-0.105877
1.43616,59.5345,-0.245159E-01
1.43677,59.5598,-0.395854
1.43738,59.5851,-0.412128E-01
1.43799,59.6104,-0.167351E-01
1.43860,59.6357,-0.589560E-01
1.43921,59.6610,0.201854E-01
1.43982,59.6863,-0.706361
1.44043,59.7116,0.444366E-01
1.44104,59.7369,-0.289949
1.44165,59.7622,-0.209103
1.44226,59.7875,-0.147627
1.44287,59.8128,-0.176896
1.44348,59.8381,-0.198249E-01
1.44409,59.8634,-0.296085
1.44470,59.8887,0.533466
1.44531,59.9140,0.241300
1.44592,59.9393,-0.223425
1.44653,59.9646,0.185344
1.44714,59.9899,-0.701079
1.44775,60.0152,0.597628E-01
1.44836,60.0405,-0.141276
1.44897,60.0658,0.140450
1.44958,60.0911,-0.191817
1.45020,60.1164,0.132386E-01
1.45081,60.1417,0.125834
1.45142,60.1670,0.696240E-01
1.45203,60.1923,0.774368E-01
1.45264,60.2176,0.953036E-01
1.45325,60.2429,-0.648794E-01
1.45386,60.2682,0.128516
1.45447,60.2935,-0.222703E-01
1.45508,60.3188,0.229287
1.45569,60.3442,-0.327001E-01
1.45630,60.3695,-0.551034E-01
1.45691,60.3948,-0.518779
1.45752,60.4201,0.913032E-01
1.45813,60.4454,-0.184697
1.45874,60.4707,-0.231859E-04
1.45935,60.4960,-0.879432E-01
1.45996,60.5213,-0.189171
1.46057,60.5466,0.344289E-01
1.46118,60.5719,-0.277656
1.46179,60.5972,-0.180678
1.46240,60.6225,-0.145735E-01
1.46301,60.6478,-0.960446E-01
1.46362,60.6731,-0.128086E-01
1.46423,60.6984,-0.176808
1.46484,60.7237,-0.141530
1.46545,60.7490,0.193276E-01
1.46606,60.7743,0.170300E-01
1.46667,60.7996,-0.224374
1.46729,60.8249,-0.115048
1.46790,60.8502,-0.218689
1.46851,60.8755,0.340505
1.46912,60.9008,0.150533
1.46973,60.9261,-0.753355E-01
1.47034,60.9514,0.550220E-03
1.47095,60.9767,0.130890E-01
1.47156,61.0020,0.351170
1.47217,61.0273,0.963922E-02
1.47278,61.0526,0.490232E-01
1.47339,61.0779,-0.757227E-01
1.47400,61.1032,-0.155527
1.47461,61.1285,-0.173217
1.47522,61.1538,-0.203909
1.47583,61.1791,0.205968
1.47644,61.2044,-0.464952E-01
1.47705,61.2297,-0.975192E-01
1.47766,61.2550,-0.117129
1.47827,61.2803,0.626810E-01
1.47888,61.3056,0.676363E-01
1.47949,61.3309,-0.140831E-01
1.48010,61.3562,-0.741593E-01
1.48071,61.3815,0.233528E-01
1.48132,61.4068,-0.237027E-01
1.48193,61.4321,-0.149756
1.48254,61.4574,-0.283798E-01
1.48315,61.4827,-0.101455E-01
1.48376,61.5080,0.100090
1.48438,61.5333,-0.657414E-02
1.48499,61.5586,0.412134E-01
1.48560,61.5839,-0.186563
1.48621,61.6092,0.126166
1.48682,61.6345,-0.190501
1.48743,61.6598,0.567858E-01
1.48804,61.6851,-0.108503
1.48865,61.7104,0.332616E-01
1.48926,61.7357,0.866209E-02
1.48987,61.7610,0.953599E-02
1.49048,61.7863,-0.433299E-02
1.49109,61.8116,0.244976E-01
1.49170,61.8369,-0.848472E-02
1.49231,61.8622,-0.171880
1.49292,61.8875,0.439773E-01
1.49353,61.9128,0.273765
1.49414,61.9381,-0.490033E-01
1.49475,61.9634,0.779857E-02
1.49536,61.9888,-0.785920E-01
1.49597,62.0141,-0.219517
1.49658,62.0394,0.621500E-01
1.49719,62.0647,0.157968
1.49780,62.0900,-0.241426
1.49841,62.1153,0.412117E-01
1.49902,62.1406,0.245418
1.49963,62.1659,-0.276828
1.50024,62.1912,0.122255
1.50085,62.2165,-0.137916
1.50146,62.2418,0.127922
1.50208,62.2671,0.663526E-02
1.50269,62.2924,-0.332143E-01
1.50330,62.3177,0.143571
1.50391,62.3430,-0.144063
1.50452,62.3683,0.149414
1.50513,62.3936,-0.122088
1.50574,62.4189,0.452587E-01
1.50635,62.4442,0.312312E-01
1.50696,62.4695,0.660627E-01
1.50757,62.4948,0.375333E-01
1.50818,62.5201,0.100438
1.50879,62.5454,0.195337
1.50940,62.5707,0.100752E-01
1.51001,62.5960,0.297972E-01
1.51062,62.6213,-0.504451E-01
1.51123,62.6466,-0.400791
1.51184,62.6719,-0.226679
1.51245,62.6972,-0.387298E-01
1.51306,62.7225,-0.135826
1.51367,62.7478,0.267752
1.51428,62.7731,0.826384E-01
1.51489,62.7984,0.119018
1.51550,62.8237,-0.118416E-01
1.51611,62.8490,-0.546389
1.51672,62.8743,0.816709E-01
1.51733,62.8996,0.982115E-01
1.51794,62.9249,0.249500E-01
1.51855,62.9502,0.101963
1.51917,62.9755,-0.485561E-01
1.51978,63.0008,0.327836E-01
1.52039,63.0261,-0.280666
1.52100,63.0514,0.112755
1.52161,63.0767,0.398333E-01
1.52222,63.1020,0.549054E-01
1.52283,63.1273,-0.641874E-01
1.52344,63.1526,0.713645E-01
1.52405,63.1779,-0.827574E-02
1.52466,63.2032,-0.779471E-01
1.52527,63.2285,0.399264
1.52588,63.2538,0.107990
1.52649,63.2791,-0.224759
1.52710,63.3044,-0.553710
1.52771,63.3297,-0.111288
1.52832,63.3550,-0.184691
1.52893,63.3803,-0.283408
1.52954,63.4056,0.329408
1.53015,63.4309,0.793670E-01
1.53076,63.4562,0.231517
1.53137,63.4815,-0.880160E-01
1.53198,63.5068,-0.275162
1.53259,63.5321,0.115526
1.53320,63.5574,-0.273475
1.53381,63.5827,0.460660E-01
1.53442,63.6080,0.424769
1.53503,63.6334,-0.908658E-01
1.53564,63.6587,0.211846E-01
1.53625,63.6840,0.240367E-01
1.53687,63.7093,-0.855859E-01
1.53748,63.7346,-0.430647E-02
1.53809,63.7599,0.317852
1.53870,63.7852,-0.233469
1.53931,63.8105,0.319890E-02
1.53992,63.8358,-0.169592
1.54053,63.8611,0.224749
1.54114,63.8864,-0.370305
1.54175,63.9117,-0.338319E-01
1.54236,63.9370,-0.410677
1.54297,63.9623,0.110530E-01
1.54358,63.9876,-0.488993
1.54419,64.0129,-0.394338E-01
1.54480,64.0382,0.135114
1.54541,64.0635,0.876737E-02
1.54602,64.0888,-0.678105E-01
1.54663,64.1141,0.147792
1.54724,64.1394,-0.106929
1.54785,64.1647,0.854285E-01
1.54846,64.1900,-0.372950
1.54907,64.2153,0.314048
1.54968,64.2406,-0.106210
1.55029,64.2659,-0.290596
1.55090,64.2912,-0.716096
1.55151,64.3165,-0.432207E-02
1.55212,64.3418,-0.365214
1.55273,64.3671,-0.174053
1.55334,64.3924,0.270608
1.55396,64.4177,-0.252252
1.55457,64.4430,-0.275764
1.55518,64.4683,0.469171E-01
1.55579,64.4936,-0.157077E-01
1.55640,64.5189,0.220265E-01
1.55701,64.5442,-0.160061
1.55762,64.5695,-0.246497E-01
1.55823,64.5948,0.100684
1.55884,64.6201,-0.133942
1.55945,64.6454,0.304586E-02
1.56006,64.6707,-0.147907
1.56067,64.6960,-0.170651
1.56128,64.7213,-0.108418
1.56189,64.7466,-0.220292E-01
1.56250,64.7719,-0.791170E-01
1.56311,64.7972,0.526139E-01
1.56372,64.8225,0.512020E-01
1.56433,64.8478,-0.126486E-02
1.56494,64.8731,0.227596
1.56555,64.8984,-0.887256E-01
1.56616,64.9237,-0.163906
1.56677,64.9490,0.206169
1.56738,64.9743,-0.815236E-01
1.56799,64.9996,-0.288209E-01
1.56860,65.0249,-0.295689
1.56921,65.0502,0.333606E-01
1.56982,65.0755,0.252632
1.57043,65.1008,-0.112528
1.57104,65.1261,0.176363
1.57166,65.1514,-0.346317
1.57227,65.1767,-0.108221
1.57288,65.2020,0.122356
1.57349,65.2273,0.394980E-01
1.57410,65.2526,0.106070
1.57471,65.2779,0.578559E-01
1.57532,65.3033,0.307912E-01
1.57593,65.3286,-0.350608
1.57654,65.3539,0.617926E-01
1.57715,65.3792,-0.903881E-01
1.57776,65.4045,-0.658420
1.57837,65.4298,-0.871927E-01
1.57898,65.4551,-0.341597
1.57959,65.4804,-0.838141E-01
1.58020,65.5057,0.189609E-01
1.58081,65.5310,-0.158326
1.58142,65.5563,0.788017E-01
1.58203,65.5816,-0.131500
1.58264,65.6069,-0.226745E-01
1.58325,65.6322,-0.346593
1.58386,65.6575,-0.242911E-01
1.58447,65.6828,0.127548
1.58508,65.7081,0.243703E-01
1.58569,65.7334,0.712720E-01
1.58630,65.7587,-0.217488E-02
1.58691,65.7840,-0.116918
1.58752,65.8093,-0.477494
1.58813,65.8346,-0.474960
1.58875,65.8599,0.502971E-01
1.58936,65.8852,0.731769E-01
1.58997,65.9105,-0.147102E-01
1.59058,65.9358,0.203989
1.59119,65.9611,-0.289591
1.59180,65.9864,0.179005
1.59241,66.0117,0.173752
1.59302,66.0370,-0.212861
1.59363,66.0623,-0.168342E-01
1.59424,66.0876,0.145498
1.59485,66.1129,-0.261066
1.59546,66.1382,-0.606405E-02
1.59607,66.1635,0.259540E-01
1.59668,66.1888,-0.121319
1.59729,66.2141,0.131242E-01
1.59790,66.2394,-0.234957
1.59851,66.2647,0.338239E-02
1.59912,66.2900,-0.590581E-01
1.59973,66.3153,0.757990E-01
1.60034,66.3406,-0.153727
1.60095,66.3659,-0.314478
1.60156,66.3912,-0.435009E-01
1.60217,66.4165,-0.168872
1.60278,66.4418,-0.262400E-01
1.60339,66.4671,0.149772
1.60400,66.4924,-0.131329
1.60461,66.5177,0.185023
1.60522,66.5430,0.659169
1.60583,66.5683,-0.152726
1.60645,66.5936,-0.162870
1.60706,66.6189,-0.163209
1.60767,66.6442,0.920810E-01
1.60828,66.6695,0.152174
1.60889,66.6948,-0.444253
1.60950,66.7201,-0.585662
1.61011,66.7454,-0.487517E-01
1.61072,66.7707,0.449613E-01
1.61133,66.7960,-0.377342E-01
1.61194,66.8213,-0.450206E-01
1.61255,66.8466,0.106720
1.61316,66.8719,0.381615E-01
1.61377,66.8972,0.107503
1.61438,66.9225,0.319250
1.61499,66.9479,-0.158689
1.61560,66.9732,0.797770E-02
1.61621,66.9985,0.714098E-01
1.61682,67.0238,0.577802E-01
1.61743,67.0491,0.469232E-01
1.61804,67.0744,0.367481E-01
1.61865,67.0997,-0.143137
1.61926,67.1250,0.116993
1.61987,67.1503,0.178140
1.62048,67.1756,-0.638719E-01
1.62109,67.2009,-0.673837E-01
1.62170,67.2262,0.794147E-01
1.62231,67.2515,-0.140507
1.62292,67.2768,0.639546E-01
1.62354,67.3021,0.216619
1.62415,67.3274,-0.249375
1.62476,67.3527,0.633899E-01
1.62537,67.3780,-0.534013
1.62598,67.4033,-0.192659
1.62659,67.4286,-0.326119
1.62720,67.4539,-0.398103E-01
1.62781,67.4792,0.571088
1.62842,67.5045,-0.893303E-01
1.62903,67.5298,-0.197533
1.62964,67.5551,-0.108581
1.63025,67.5804,-0.122530
1.63086,67.6057,-0.926754E-01
1.63147,67.6310,0.367603E-01
1.63208,67.6563,0.192919
1.63269,67.6816,-0.538064
1.63330,67.7069,0.345253E-01
1.63391,67.7322,-0.843699E-01
1.63452,67.7575,-0.102528
1.63513,67.7828,0.286668E-01
1.63574,67.8081,-0.105354
1.63635,67.8334,-0.198579E-01
1.63696,67.8587,0.966417E-01
1.63757,67.8840,-0.270849
1.63818,67.9093,0.879543E-01
1.63879,67.9346,-0.330229E-01
1.63940,67.9599,0.254706
1.64001,67.9852,0.735638E-01
1.64062,68.0105,-0.163180
1.64124,68.0358,-0.347447E-01
1.64185,68.0611,0.123735
1.64246,68.0864,-0.177583
1.64307,68.1117,-0.365550
1.64368,68.1370,0.450362
1.64429,68.1623,0.164196
1.64490,68.1876,0.256584
1.64551,68.2129,-0.283284
1.64612,68.2382,-0.443415
1.64673,68.2635,0.301867E-01
1.64734,68.2888,-0.189001
1.64795,68.3141,0.487574E-01
1.64856,68.3394,0.205760
1.64917,68.3647,-0.337094
1.64978,68.3900,0.177551E-01
1.65039,68.4153,0.393422
1.65100,68.4406,-0.460403E-01
1.65161,68.4659,-0.901845E-01
1.65222,68.4912,0.556465E-02
1.65283,68.5165,-0.192684
1.65344,68.5418,-0.209867
1.65405,68.5671,-0.451355
1.65466,68.5925,-0.308939
1.65527,68.6178,-0.567272E-02
1.65588,68.6431,-0.855985
1.65649,68.6684,0.229870E-01
1.65710,68.6937,-0.168489
1.65771,68.7190,-0.186527
1.65833,68.7443,0.101003
1.65894,68.7696,0.679296E-01
1.65955,68.7949,0.188250
1.66016,68.8202,-0.266888E-01
1.66077,68.8455,0.648599E-01
1.66138,68.8708,-0.763379
1.66199,68.8961,0.221565
1.66260,68.9214,-0.123661
1.66321,68.9467,-0.470277E-02
1.66382,68.9720,0.148774
1.66443,68.9973,-0.151857
1.66504,69.0226,-0.190363E-01
1.66565,69.0479,0.778190E-01
1.66626,69.0732,-0.190105
1.66687,69.0985,-0.290340E-01
1.66748,69.1238,0.923898E-01
1.66809,69.1491,0.650987E-01
1.66870,69.1744,-0.729065E-01
1.66931,69.1997,-0.114663E-01
1.66992,69.2250,-0.140462
1.67053,69.2503,0.355835
1.67114,69.2756,0.228182
1.67175,69.3009,-0.540091
1.67236,69.3262,0.335001
1.67297,69.3515,-0.163746
1.67358,69.3768,-0.620054E-01
1.67419,69.4021,-0.499971E-01
1.67480,69.4274,0.278659E-01
1.67542,69.4527,-0.747345E-01
1.67603,69.4780,-0.241546
1.67664,69.5033,-0.124413E-02
1.67725,69.5286,0.158378
1.67786,69.5539,-0.289285E-01
1.67847,69.5792,-0.150706
1.67908,69.6045,0.545563E-01
1.67969,69.6298,-0.103051
1.68030,69.6551,0.320797E-01
1.68091,69.6804,-0.351793
1.68152,69.7057,0.355168
1.68213,69.7310,-0.631866E-02
1.68274,69.7563,0.227946
1.68335,69.7816,-0.369490
1.68396,69.8069,0.146192
1.68457,69.8322,-0.261818
1.68518,69.8575,-0.134595E-01
1.68579,69.8828,-0.391389E-01
1.68640,69.9081,-0.183175
1.68701,69.9334,-0.163383
1.68762,69.9587,-0.857393E-02
1.68823,69.9840,0.184258
1.68884,70.0093,-0.692573E-01
1.68945,70.0346,-0.604578E-02
1.69006,70.0599,0.144101
1.69067,70.0852,0.862746E-01
1.69128,70.1105,0.398241
1.69189,70.1358,0.140275
1.69250,70.1611,0.231035
1.69312,70.1864,-0.174761
1.69373,70.2117,0.188180
1.69434,70.2370,-0.143250
1.69495,70.2624,-0.136643E-01
1.69556,70.2877,0.427314E-02
1.69617,70.3130,0.906941E-01
1.69678,70.3383,0.293680E-01
1.69739,70.3636,0.153781
1.69800,70.3889,0.202798
1.69861,70.4142,0.982564E-01
1.69922,70.4395,0.181111
1.69983,70.4648,0.141729
1.70044,70.4901,0.749387E-01
1.70105,70.5154,-0.135886
1.70166,70.5407,-0.382971
1.70227,70.5660,0.246355
1.70288,70.5913,-0.210862
1.70349,70.6166,0.439065E-01
1.70410,70.6419,0.278508E-01
1.70471,70.6672,-0.386724
1.70532,70.6925,0.140590E-01
1.70593,70.7178,0.194836
1.70654,70.7431,-0.664319E-01
1.70715,70.7684,0.507635E-01
1.70776,70.7937,0.489525E-01
1.70837,70.8190,0.219167
1.70898,70.8443,-0.148562E-02
1.70959,70.8696,0.465571
1.71021,70.8949,-0.224021
1.71082,70.9202,0.151461
1.71143,70.9455,-0.202494
1.71204,70.9708,-0.390183E-01
1.71265,70.9961,0.125371
1.71326,71.0214,-0.334345
1.71387,71.0467,-0.471613E-01
1.71448,71.0720,0.125938
1.71509,71.0973,0.983209E-02
1.71570,71.1226,-0.484031E-01
1.71631,71.1479,-0.625877E-01
1.71692,71.1732,-0.998262E-01
1.71753,71.1985,0.430526E-01
1.71814,71.2238,-0.608915E-01
1.71875,71.2491,0.567175E-01
1.71936,71.2744,0.118922
1.71997,71.2997,-0.116571
1.72058,71.3250,0.805481E-01
1.72119,71.3503,-0.303587
1.72180,71.3756,-0.124674
1.72241,71.4009,-0.815690E-01
1.72302,71.4262,0.428280E-01
1.72363,71.4515,0.944902E-02
1.72424,71.4768,0.373781E-01
1.72485,71.5021,0.177574
1.72546,71.5274,-0.284301
1.72607,71.5527,-0.754146E-01
1.72668,71.5780,0.443875E-01
1.72729,71.6033,0.105719E-01
1.72791,71.6286,0.699161E-01
1.72852,71.6539,0.135601
1.72913,71.6792,-0.681032E-01
1.72974,71.7045,0.210533
1.73035,71.7298,0.461037
1.73096,71.7551,-0.169280
1.73157,71.7804,0.678571E-01
1.73218,71.8057,-0.139973
1.73279,71.8310,-0.259476
1.73340,71.8563,0.182191
1.73401,71.8816,0.317001E-02
1.73462,71.9070,0.357503
1.73523,71.9323,-0.220635
1.73584,71.9576,-0.186260E-01
1.73645,71.9829,0.130831
1.73706,72.0082,0.694456
1.73767,72.0335,0.338815E-01
1.73828,72.0588,-0.843413E-01
1.73889,72.0841,-0.947696E-01
1.73950,72.1094,0.472939
1.74011,72.1347,-0.154528
1.74072,72.1600,-0.715781E-01
1.74133,72.1853,-0.545101E-02
1.74194,72.2106,-0.265618
1.74255,72.2359,0.809001E-01
1.74316,72.2612,-0.272539E-01
1.74377,72.2865,0.569414E-02
1.74438,72.3118,-0.120067
1.74500,72.3371,-0.996069E-01
1.74561,72.3624,-0.632485E-01
1.74622,72.3877,-0.124414
1.74683,72.4130,0.296181E-01
1.74744,72.4383,-0.107913E-01
1.74805,72.4636,-0.250328E-01
1.74866,72.4889,-0.441550
1.74927,72.5142,-0.291512
1.74988,72.5395,0.764741E-01
1.75049,72.5648,0.848900E-02
1.75110,72.5901,-0.398768
1.75171,72.6154,-0.794789E-01
1.75232,72.6407,0.397794E-01
1.75293,72.6660,-0.239857
1.75354,72.6913,0.613618
1.75415,72.7166,-0.103317
1.75476,72.7419,0.174076
1.75537,72.7672,0.449012E-01
1.75598,72.7925,-0.155524E-01
1.75659,72.8178,0.153172
1.75720,72.8431,-0.158725E-01
1.75781,72.8684,0.576222
1.75842,72.8937,-0.134937E-01
1.75903,72.9190,0.125559
1.75964,72.9443,-0.990357E-01
1.76025,72.9696,-0.249042
1.76086,72.9949,0.502797E-01
1.76147,73.0202,0.169973E-02
1.76208,73.0455,-0.165487E-01
1.76270,73.0708,0.230742
1.76331,73.0961,-0.132610
1.76392,73.1214,0.355276
1.76453,73.1467,0.164681
1.76514,73.1720,-0.370333E-01
1.76575,73.1973,0.109224
1.76636,73.2226,-0.676285E-01
1.76697,73.2479,-0.124926
1.76758,73.2732,0.731375E-01
1.76819,73.2985,-0.177280
1.76880,73.3238,-0.184610E-01
1.76941,73.3491,0.332893E-01
1.77002,73.3744,-0.219259
1.77063,73.3997,0.168595
1.77124,73.4250,-0.938716E-02
1.77185,73.4503,0.222554
1.77246,73.4756,0.440894E-01
1.77307,73.5009,-0.574674
1.77368,73.5262,0.458737
1.77429,73.5516,-0.171291E-01
1.77490,73.5769,-0.827276E-01
1.77551,73.6022,0.257203E-01
1.77612,73.6275,0.525936E-01
1.77673,73.6528,-0.409604E-01
1.77734,73.6781,0.174578
1.77795,73.7034,0.312684
1.77856,73.7287,-0.395571
1.77917,73.7540,-0.312337
1.77979,73.7793,0.852364E-01
1.78040,73.8046,-0.128911
1.78101,73.8299,-0.139411
1.78162,73.8552,-0.110400
1.78223,73.8805,-0.168319
1.78284,73.9058,0.598626E-01
1.78345,73.9311,0.222656
1.78406,73.9564,-0.124989
1.78467,73.9817,-0.107198
1.78528,74.0070,-0.511593E-01
1.78589,74.0323,-0.280117
1.78650,74.0576,0.913135E-02
1.78711,74.0829,-0.362039E-01
1.78772,74.1082,0.371060
1.78833,74.1335,-0.368293E-01
1.78894,74.1588,-0.189017
1.78955,74.1841,0.347394
1.79016,74.2094,-0.154829
1.79077,74.2347,0.132993
1.79138,74.2600,0.247305E-01
1.79199,74.2853,0.428425E-01
1.79260,74.3106,-0.241000E-02
1.79321,74.3359,-0.197753E-01
1.79382,74.3612,-0.200217
1.79443,74.3865,0.149550
1.79504,74.4118,0.121561E-01
1.79565,74.4371,-0.222648
1.79626,74.4624,-0.347390E-01
1.79688,74.4877,-0.763167E-01
1.79749,74.5130,0.984983E-02
1.79810,74.5383,0.139006
1.79871,74.5636,0.331897
1.79932,74.5889,-0.174583
1.79993,74.6142,0.152512
1.80054,74.6395,-0.443314E-01
1.80115,74.6648,-0.478469E-01
1.80176,74.6901,-0.644719E-01
1.80237,74.7154,0.295538E-01
1.80298,74.7407,-0.380055E-01
1.80359,74.7660,-0.395263
1.80420,74.7913,0.292329
1.80481,74.8166,-0.226330E-03
1.80542,74.8419,0.159519E-01
1.80603,74.8672,-0.954434E-01
1.80664,74.8925,0.421802E-01
1.80725,74.9178,0.466794E-02
1.80786,74.9431,-0.183436
1.80847,74.9684,0.424522E-02
1.80908,74.9937,0.107474
1.80969,75.0190,0.368080E-01
1.81030,75.0443,-0.585464E-01
1.81091,75.0696,-0.116016E-01
1.81152,75.0949,0.161357
1.81213,75.1202,0.570019E-01
1.81274,75.1455,-0.108999
1.81335,75.1708,0.118348E-01
1.81396,75.1961,-0.596701
1.81458,75.2215,0.303762E-01
1.81519,75.2468,0.453628E-01
1.81580,75.2721,0.161971
1.81641,75.2974,-0.175246
1.81702,75.3227,-0.178452
1.81763,75.3480,0.236533
1.81824,75.3733,-0.687980E-01
1.81885,75.3986,-0.422400
1.81946,75.4239,-0.231813E-01
1.82007,75.4492,-0.241943
1.82068,75.4745,0.595930E-01
1.82129,75.4998,0.371085
1.82190,75.5251,-0.325608
1.82251,75.5504,0.382941
1.82312,75.5757,-0.168643
1.82373,75.6010,-0.514461E-01
1.82434,75.6263,-0.337631E-01
1.82495,75.6516,0.106502E-01
1.82556,75.6769,0.259644
1.82617,75.7022,-0.583512
1.82678,75.7275,-0.132579
1.82739,75.7528,0.515876E-01
1.82800,75.7781,-0.476849E-01
1.82861,75.8034,0.215696
1.82922,75.8287,0.451450
1.82983,75.8540,-0.148422
1.83044,75.8793,0.219423
1.83105,75.9046,-0.848913E-02
1.83167,75.9299,-0.115724
1.83228,75.9552,-0.472275E-01
1.83289,75.9805,-0.108362E-01
1.83350,76.0058,-0.807622E-01
1.83411,76.0311,-0.251311
1.83472,76.0564,-0.189245
1.83533,76.0817,-0.123128
1.83594,76.1070,-0.404846E-02
1.83655,76.1323,-0.277535
1.83716,76.1576,0.683309E-01
1.83777,76.1829,0.202283
1.83838,76.2082,0.222373
1.83899,76.2335,0.961469E-01
1.83960,76.2588,-0.465260E-01
1.84021,76.2841,-0.439616E-01
1.84082,76.3094,-0.309111
1.84143,76.3347,0.134088
1.84204,76.3600,0.145443E-01
1.84265,76.3853,0.801866E-01
1.84326,76.4106,0.190280
1.84387,76.4359,-0.168852
1.84448,76.4612,0.331418E-01
1.84509,76.4865,-0.300022E-01
1.84570,76.5118,0.146648
1.84631,76.5371,-0.123922
1.84692,76.5624,-0.131617E-02
1.84753,76.5877,0.332962E-01
1.84814,76.6130,0.256970E-01
1.84875,76.6383,-0.135300E-02
1.84937,76.6636,-0.620590E-01
1.84998,76.6889,-0.109918
1.85059,76.7142,0.359179
1.85120,76.7395,0.647401E-01
1.85181,76.7648,0.423527
1.85242,76.7901,-0.522839E-01
1.85303,76.8154,0.198945
1.85364,76.8407,0.126520
1.85425,76.8661,0.276622
1.85486,76.8914,-0.106767
1.85547,76.9167,-0.211217
1.85608,76.9420,0.251353E-02
1.85669,76.9673,0.187513
1.85730,76.9926,0.498922E-01
1.85791,77.0179,0.330892E-01
1.85852,77.0432,-0.326644
1.85913,77.0685,-0.306677
1.85974,77.0938,-0.358868
1.86035,77.1191,-0.294325E-01
1.86096,77.1444,-0.273323
1.86157,77.1697,0.323821
1.86218,77.1950,0.267307E-01
1.86279,77.2203,0.693113E-01
1.86340,77.2456,-0.452829E-01
1.86401,77.2709,0.179259
1.86462,77.2962,0.268802
1.86523,77.3215,-0.210587
1.86584,77.3468,-0.711779E-01
1.86646,77.3721,-0.118531
1.86707,77.3974,-0.321513E-01
1.86768,77.4227,-0.253252
1.86829,77.4480,0.185302
1.86890,77.4733,0.553265E-01
1.86951,77.4986,-0.758443E-01
1.87012,77.5239,-0.725102E-01
1.87073,77.5492,-0.140051
1.87134,77.5745,-0.145911
1.87195,77.5998,0.732945E-01
1.87256,77.6251,0.791802E-02
1.87317,77.6504,-0.398223E-01
1.87378,77.6757,0.845530E-01
1.87439,77.7010,-0.224376E-01
1.87500,77.7263,0.122209E-01
1.87561,77.7516,0.227774E-01
1.87622,77.7769,-0.146141
1.87683,77.8022,0.117228
1.87744,77.8275,-0.122975
1.87805,77.8528,-0.129063E-01
1.87866,77.8781,-0.386402E-01
1.87927,77.9034,0.191650
1.87988,77.9287,0.595366E-02
1.88049,77.9540,-0.673325E-01
1.88110,77.9793,-0.995495E-01
1.88171,78.0046,0.285228
1.88232,78.0299,0.150142E-01
1.88293,78.0552,-0.804579E-01
1.88354,78.0805,-0.508578E-01
1.88416,78.1058,-0.279466
1.88477,78.1311,0.276640E-01
1.88538,78.1564,0.610975E-01
1.88599,78.1817,0.626771E-03
1.88660,78.2070,0.198467
1.88721,78.2323,-0.133219
1.88782,78.2576,0.762188E-01
1.88843,78.2829,0.901928E-01
1.88904,78.3082,0.167923
1.88965,78.3335,0.442794
1.89026,78.3588,0.238077E-01
1.89087,78.3841,-0.420855E-02
1.89148,78.4094,-0.811962E-02
1.89209,78.4347,0.133915
1.89270,78.4600,0.171015
1.89331,78.4853,0.887147
1.89392,78.5107,-0.589951
1.89453,78.5360,-0.227245
1.89514,78.5613,-0.269539
1.89575,78.5866,0.150095
1.89636,78.6119,0.659728E-01
1.89697,78.6372,-0.198007
1.89758,78.6625,0.205427E-01
1.89819,78.6878,0.469079
1.89880,78.7131,-0.486291
1.89941,78.7384,0.488297E-01
1.90002,78.7637,-0.563063E-01
1.90063,78.7890,0.204262
1.90125,78.8143,0.855228E-01
1.90186,78.8396,-0.261507
1.90247,78.8649,-0.170046
1.90308,78.8902,0.181814
1.90369,78.9155,-0.290379
1.90430,78.9408,-0.314779E-01
1.90491,78.9661,-0.290459E-01
1.90552,78.9914,0.117723
1.90613,79.0167,-0.440158E-01
1.90674,79.0420,-0.127723
1.90735,79.0673,0.139507
1.90796,79.0926,-0.108585E-01
1.90857,79.1179,0.323829E-01
1.90918,79.1432,0.196923E-01
1.90979,79.1685,-0.515268E-01
1.91040,79.1938,-0.111537
1.91101,79.2191,-0.126379
1.91162,79.2444,-0.199776
1.91223,79.2697,0.238886
1.91284,79.2950,0.220225
1.91345,79.3203,0.968646E-01
1.91406,79.3456,-0.144519
1.91467,79.3709,0.252452E-01
1.91528,79.3962,-0.193997
1.91589,79.4215,0.136902E-01
1.91650,79.4468,0.894711E-01
1.91711,79.4721,0.702326E-02
1.91772,79.4974,-0.254188
1.91833,79.5227,-0.878150E-03
1.91895,79.5480,-0.413162E-01
1.91956,79.5733,-0.387976E-01
1.92017,79.5986,-0.293480E-01
1.92078,79.6239,0.470852E-01
1.92139,79.6492,-0.301988
1.92200,79.6745,0.117494E-01
1.92261,79.6998,-0.446750E-02
1.92322,79.7251,-0.368749
1.92383,79.7504,-0.284474E-01
1.92444,79.7757,0.412200E-01
1.92505,79.8010,-0.933120E-01
1.92566,79.8263,-0.104406
1.92627,79.8516,-0.592333E-02
1.92688,79.8769,0.109225E-01
1.92749,79.9022,-0.313644
1.92810,79.9275,-0.745891E-02
1.92871,79.9528,-0.195542
1.92932,79.9781,0.185755E-01
1.92993,80.0034,0.256220
1.93054,80.0287,0.117850E-01
1.93115,80.0540,0.190807
1.93176,80.0793,-0.149349E-01
1.93237,80.1046,-0.519699E-01
1.93298,80.1299,-0.140426
1.93359,80.1552,0.996528E-01
1.93420,80.1806,0.119853E-01
1.93481,80.2059,0.682426E-02
1.93542,80.2312,0.176882E-01
1.93604,80.2565,0.355116
1.93665,80.2818,-0.321055
1.93726,80.3071,-0.352275E-01
1.93787,80.3324,-0.111895
1.93848,80.3577,-0.303907E-01
1.93909,80.3830,-0.847170E-01
1.93970,80.4083,-0.317121
1.94031,80.4336,-0.410973E-01
1.94092,80.4589,-0.137065
1.94153,80.4842,-0.220461
1.94214,80.5095,-0.156388
1.94275,80.5348,-0.123375
1.94336,80.5601,0.161746
1.94397,80.5854,-0.148546
1.94458,80.6107,-0.105917
1.94519,80.6360,0.455057
1.94580,80.6613,0.384942E-01
1.94641,80.6866,-0.201994
1.94702,80.7119,-0.829487E-01
1.94763,80.7372,-0.269130
1.94824,80.7625,-0.440912
1.94885,80.7878,-0.117902
1.94946,80.8131,0.758800
1.95007,80.8384,0.728124E-02
1.95068,80.8637,0.137413
1.95129,80.8890,0.156677
1.95190,80.9143,-0.987685E-01
1.95251,80.9396,-0.148047
1.95312,80.9649,-0.172730
1.95374,80.9902,-0.465990
1.95435,81.0155,0.406317
1.95496,81.0408,0.417144
1.95557,81.0661,0.197906
1.95618,81.0914,0.316586
1.95679,81.1167,0.760477E-01
1.95740,81.1420,-0.866440E-01
1.95801,81.1673,-0.270982E-01
1.95862,81.1926,-0.162944E-01
1.95923,81.2179,0.266058E-01
1.95984,81.2432,0.304816E-02
1.96045,81.2685,-0.210488
1.96106,81.2938,0.168516
1.96167,81.3191,0.157881E-02
1.96228,81.3444,-0.786451E-01
1.96289,81.3697,-0.322116
1.96350,81.3950,0.720453E-01
1.96411,81.4203,-0.210887E-01
1.96472,81.4456,0.193892
1.96533,81.4709,-0.988023E-01
1.96594,81.4962,-0.750714E-02
1.96655,81.5215,-0.489524
1.96716,81.5468,-0.347372
1.96777,81.5721,0.692681E-01
1.96838,81.5974,-0.968785E-02
1.96899,81.6227,-0.976923E-01
1.96960,81.6480,0.279544
1.97021,81.6733,0.665176E-01
1.97083,81.6986,0.402754
1.97144,81.7239,0.744951E-01
1.97205,81.7492,0.600906E-01
1.97266,81.7745,0.102840
1.97327,81.7998,-0.877085E-01
1.97388,81.8252,-0.102458
1.97449,81.8505,-0.269121
1.97510,81.8758,-0.326410
1.97571,81.9011,0.233388E-01
1.97632,81.9264,0.108994
1.97693,81.9517,0.114301
1.97754,81.9770,-0.885471E-01
1.97815,82.0023,-0.254111
1.97876,82.0276,0.233231E-01
1.97937,82.0529,0.379303E-01
1.97998,82.0782,0.140077
1.98059,82.1035,0.475355E-01
1.98120,82.1288,-0.903305E-01
1.98181,82.1541,-0.101766
1.98242,82.1794,0.435615E-01
1.98303,82.2047,0.103159
1.98364,82.2300,-0.403538
1.98425,82.2553,0.353769E-01
1.98486,82.2806,0.604165E-02
1.98547,82.3059,0.292674
1.98608,82.3312,-0.133650
1.98669,82.3565,0.138823
1.98730,82.3818,-0.100812
1.98792,82.4071,0.472559E-01
1.98853,82.4324,-0.113525
1.98914,82.4577,-0.245665
1.98975,82.4830,-0.218586E-01
1.99036,82.5083,-0.314253
1.99097,82.5336,0.111631
1.99158,82.5589,-0.145734
1.99219,82.5842,-0.189951
1.99280,82.6095,-0.527818E-02
1.99341,82.6348,-0.344765
1.99402,82.6601,0.849979E-01
1.99463,82.6854,-0.319055E-01
1.99524,82.7107,0.376973
1.99585,82.7360,0.702390
1.99646,82.7613,0.635078E-01
1.99707,82.7866,0.175353
1.99768,82.8119,-0.123952
1.99829,82.8372,-0.195092
1.99890,82.8625,0.992185E-01
1.99951,82.8878,0.185629E-01
2.00012,82.9131,-0.155570
2.00073,82.9384,-0.190291
2.00134,82.9637,-0.104336
2.00195,82.9890,-0.344551E-01
2.00256,83.0143,-0.218728
2.00317,83.0396,0.145864
2.00378,83.0649,-0.443629E-01
2.00439,83.0902,0.127210E-01
2.00500,83.1155,-0.212496E-01
2.00562,83.1408,-0.200752E-01
2.00623,83.1661,-0.310696E-01
2.00684,83.1914,0.148750
2.00745,83.2167,0.165743
2.00806,83.2420,0.801479E-02
2.00867,83.2673,0.306644E-02
2.00928,83.2926,-0.206204
2.00989,83.3179,0.146188E-01
2.01050,83.3432,0.392776
2.01111,83.3685,0.650829E-01
2.01172,83.3938,0.166886
2.01233,83.4191,-0.377062E-01
2.01294,83.4444,0.102698
2.01355,83.4698,0.880398E-01
2.01416,83.4951,0.366701
2.01477,83.5204,0.941919E-01
2.01538,83.5457,0.258367E-01
2.01599,83.5710,0.789082E-01
2.01660,83.5963,0.260558
2.01721,83.6216,0.322607E-01
2.01782,83.6469,0.796286E-01
2.01843,83.6722,-0.303769
2.01904,83.6975,-0.760477E-03
2.01965,83.7228,0.535970E-01
2.02026,83.7481,-0.225169
2.02087,83.7734,-0.123078
2.02148,83.7987,0.327660E-01
2.02209,83.8240,-0.136018
2.02271,83.8493,-0.979567E-01
2.02332,83.8746,0.346703
2.02393,83.8999,-0.245887E-01
2.02454,83.9252,-0.567758E-01
2.02515,83.9505,-0.320249
2.02576,83.9758,0.669980E-02
2.02637,84.0011,0.125594
2.02698,84.0264,-0.231572
2.02759,84.0517,0.213003
2.02820,84.0770,-0.358448E-01
2.02881,84.1023,0.156476
2.02942,84.1276,-0.582140E-01
2.03003,84.1529,0.368832E-02
2.03064,84.1782,-0.510131
2.03125,84.2035,-0.150722E-02
2.03186,84.2288,0.160727
2.03247,84.2541,0.121911
2.03308,84.2794,0.628616E-01
2.03369,84.3047,0.970681E-01
2.03430,84.3300,-0.734789E-01
2.03491,84.3553,0.980698E-01
2.03552,84.3806,-0.306800
2.03613,84.4059,-0.140718
2.03674,84.4312,0.177593
2.03735,84.4565,0.116522E-02
2.03796,84.4818,-0.403684
2.03857,84.5071,0.356910E-01
2.03918,84.5324,0.244240
2.03979,84.5577,0.162958
2.04041,84.5830,0.861143E-01
2.04102,84.6083,-0.720178
2.04163,84.6336,-0.661635E-01
2.04224,84.6589,0.356799E-01
2.04285,84.6842,-0.287167
2.04346,84.7095,-0.901107E-01
2.04407,84.7348,0.208032E-01
2.04468,84.7601,-0.132746
2.04529,84.7854,0.130835
2.04590,84.8107,0.394424E-01
2.04651,84.8360,-0.620989E-01
2.04712,84.8613,-0.183303
2.04773,84.8866,0.100476
2.04834,84.9119,0.235185E-01
2.04895,84.9372,-0.236478
2.04956,84.9625,0.367625E-01
2.05017,84.9878,0.716487E-01
2.05078,85.0131,-0.106412
2.05139,85.0384,0.105621
2.05200,85.0637,0.209470
2.05261,85.0890,-0.242919
2.05322,85.1143,-0.430384
2.05383,85.1397,0.267641E-01
2.05444,85.1650,0.175893E-01
2.05505,85.1903,-0.569404E-01
2.05566,85.2156,0.106693
2.05627,85.2409,-0.522612E-01
2.05688,85.2662,-0.157935
2.05750,85.2915,0.812525
2.05811,85.3168,0.257044E-01
2.05872,85.3421,0.244998E-01
2.05933,85.3674,-0.293526E-01
2.05994,85.3927,0.815226E-01
2.06055,85.4180,0.454547E-01
2.06116,85.4433,-0.484519
2.06177,85.4686,-0.200854E-01
2.06238,85.4939,0.221858
2.06299,85.5192,-0.111165
2.06360,85.5445,0.498597E-01
2.06421,85.5698,-0.185896
2.06482,85.5951,0.243846
2.06543,85.6204,-0.364957
2.06604,85.6457,0.107648
2.06665,85.6710,-0.983058E-01
2.06726,85.6963,0.344893
2.06787,85.7216,-0.124480
2.06848,85.7469,0.759537E-02
2.06909,85.7722,-0.157559
2.06970,85.7975,0.172331
2.07031,85.8228,-0.899852E-01
2.07092,85.8481,-0.250103
2.07153,85.8734,-0.413084
2.07214,85.8987,-0.966527E-01
2.07275,85.9240,-0.199759
2.07336,85.9493,0.137822
2.07397,85.9746,0.193761
2.07458,85.9999,0.673410E-01
2.07520,86.0252,-0.218505
2.07581,86.0505,-0.131514E-01
2.07642,86.0758,0.118753E-01
2.07703,86.1011,0.820546E-01
2.07764,86.1264,-0.245086
2.07825,86.1517,-0.130784
2.07886,86.1770,0.130839
2.07947,86.2023,0.420279
2.08008,86.2276,0.517438E-01
2.08069,86.2529,0.236489
2.08130,86.2782,0.804222E-01
2.08191,86.3035,-0.247441E-03
2.08252,86.3288,-0.207606E-01
2.08313,86.3541,0.968561E-01
2.08374,86.3794,-0.727092E-01
2.08435,86.4047,0.748134E-01
2.08496,86.4300,-0.169764
2.08557,86.4553,-0.493996E-01
2.08618,86.4806,0.266527
2.08679,86.5059,0.745465E-02
2.08740,86.5312,0.142979
2.08801,86.5565,-0.407410E-01
2.08862,86.5818,0.308703E-01
2.08923,86.6071,0.856757E-02
2.08984,86.6324,0.101989
2.09045,86.6577,0.654874E-02
2.09106,86.6830,0.870859E-01
2.09167,86.7083,-0.469346E-01
2.09229,86.7336,-0.208651
2.09290,86.7589,-0.161709
2.09351,86.7843,-0.867735E-01
2.09412,86.8096,0.307205E-01
2.09473,86.8349,-0.333998E-02
2.09534,86.8602,0.617834E-01
2.09595,86.8855,-0.125728
2.09656,86.9108,-0.170576E-01
2.09717,86.9361,-0.119118E-01
2.09778,86.9614,-0.515257E-01
2.09839,86.9867,0.118860E-01
2.09900,87.0120,-0.493393E-01
2.09961,87.0373,0.226813
2.10022,87.0626,-0.202458E-01
2.10083,87.0879,0.100796
2.10144,87.1132,0.110015
2.10205,87.1385,-0.150964
2.10266,87.1638,0.120292
2.10327,87.1891,-0.539017E-01
2.10388,87.2144,0.165571E-01
2.10449,87.2397,-0.789732E-02
2.10510,87.2650,0.147860
2.10571,87.2903,0.100733
2.10632,87.3156,-0.479942E-01
2.10693,87.3409,-0.189209
2.10754,87.3662,-0.149012
2.10815,87.3915,0.386997E-01
2.10876,87.4168,-0.890442E-01
2.10938,87.4421,0.792655E-01
2.10999,87.4674,0.763371E-01
2.11060,87.4927,0.185756
2.11121,87.5180,-0.700964E-02
2.11182,87.5433,-0.247937E-01
2.11243,87.5686,-0.758900E-01
2.11304,87.5939,-0.532102E-01
2.11365,87.6192,-0.420588
2.11426,87.6445,0.197284E-01
2.11487,87.6698,-0.564046E-01
2.11548,87.6951,0.665311E-01
2.11609,87.7204,0.289499E-01
2.11670,87.7457,-0.387098
2.11731,87.7710,0.724083E-01
2.11792,87.7963,-0.358488
2.11853,87.8216,-0.872231E-01
2.11914,87.8469,-0.500930E-01
2.11975,87.8722,-0.142942
2.12036,87.8975,0.113865
2.12097,87.9228,-0.722946E-01
2.12158,87.9481,0.117572
2.12219,87.9734,0.307126E-01
2.12280,87.9987,-0.678121E-01
2.12341,88.0240,0.935082E-02
2.12402,88.0493,-0.775041E-02
2.12463,88.0746,0.205049
2.12524,88.0999,0.289290E-02
2.12585,88.1252,0.140189E-01
2.12646,88.1505,0.769487E-01
2.12708,88.1758,0.135359
2.12769,88.2011,0.307290E-01
2.12830,88.2264,-0.470414
2.12891,88.2517,0.592653E-01
2.12952,88.2770,-0.191568
2.13013,88.3023,0.903954E-01
2.13074,88.3276,0.295652
2.13135,88.3529,-0.185675
2.13196,88.3782,0.726491E-01
2.13257,88.4035,0.137904
2.13318,88.4289,-0.111821
2.13379,88.4542,0.144502
2.13440,88.4795,-0.750047E-01
2.13501,88.5048,0.694324E-02
2.13562,88.5301,-0.116368
2.13623,88.5554,0.192570
2.13684,88.5807,-0.153686
2.13745,88.6060,0.420974E-01
2.13806,88.6313,-0.463247
2.13867,88.6566,0.385301E-01
2.13928,88.6819,-0.203012
2.13989,88.7072,-0.429220E-01
2.14050,88.7325,-0.999969E-01
2.14111,88.7578,-0.315995E-01
2.14172,88.7831,0.184979
2.14233,88.8084,0.142847
2.14294,88.8337,-0.155931
2.14355,88.8590,0.156465E-02
2.14417,88.8843,-0.460906E-01
2.14478,88.9096,0.879041E-01
2.14539,88.9349,-0.497790E-01
2.14600,88.9602,0.132151
2.14661,88.9855,-0.489116E-01
2.14722,89.0108,-0.299079E-01
2.14783,89.0361,0.232951
2.14844,89.0614,0.152704
2.14905,89.0867,0.789648E-01
2.14966,89.1120,0.734761E-01
2.15027,89.1373,0.279104E-01
2.15088,89.1626,-0.151809
2.15149,89.1879,0.463226E-01
2.15210,89.2132,-0.189971
2.15271,89.2385,0.120644
2.15332,89.2638,-0.999212E-01
2.15393,89.2891,-0.143446
2.15454,89.3144,-0.870552E-01
2.15515,89.3397,-0.181998
2.15576,89.3650,-0.123541
2.15637,89.3903,0.461410E-01
2.15698,89.4156,0.286631
2.15759,89.4409,0.365589
2.15820,89.4662,0.142287
2.15881,89.4915,0.197988
2.15942,89.5168,-0.134201
2.16003,89.5421,-0.108474
2.16064,89.5674,0.247685
2.16125,89.5927,-0.266151E-01
2.16187,89.6180,-0.446249E-01
2.16248,89.6433,0.742573E-01
2.16309,89.6686,-0.143662
2.16370,89.6939,0.999347E-01
2.16431,89.7192,-0.747872E-01
2.16492,89.7445,0.952992E-02
2.16553,89.7698,0.134857
2.16614,89.7951,-0.734935E-01
2.16675,89.8204,0.350744E-01
2.16736,89.8457,0.153427E-01
2.16797,89.8710,0.986535E-02
2.16858,89.8963,0.173614E-02
2.16919,89.9216,-0.190984
2.16980,89.9469,-0.503387E-02
2.17041,89.9722,-0.206787E-02
2.17102,89.9975,0.388446
2.17163,90.0228,0.305267E-02
2.17224,90.0481,-0.340490E-01
2.17285,90.0734,-0.167558
2.17346,90.0988,0.160059
2.17407,90.1241,-0.317230E-01
2.17468,90.1494,-0.748346E-01
2.17529,90.1747,0.119337
2.17590,90.2000,-0.223298E-01
2.17651,90.2253,-0.218369E-01
2.17712,90.2506,-0.142053
2.17773,90.2759,-0.236388
2.17834,90.3012,-0.216469
2.17896,90.3265,0.425271E-01
2.17957,90.3518,0.315883E-01
2.18018,90.3771,0.125202
2.18079,90.4024,-0.218522
2.18140,90.4277,0.168227E-01
2.18201,90.4530,0.100285
2.18262,90.4783,0.228888
2.18323,90.5036,-0.121604
2.18384,90.5289,-0.482226E-02
2.18445,90.5542,-0.121596E-01
2.18506,90.5795,-0.124852E-01
2.18567,90.6048,0.245463
2.18628,90.6301,0.115714
2.18689,90.6554,0.744934E-01
2.18750,90.6807,0.351783
2.18811,90.7060,-0.413627
2.18872,90.7313,-0.446412
2.18933,90.7566,-0.764792E-01
2.18994,90.7819,-0.431960E-01
2.19055,90.8072,-0.112404
2.19116,90.8325,-0.426236E-01
2.19177,90.8578,0.107225
2.19238,90.8831,-0.703956E-02
2.19299,90.9084,0.779149E-01
2.19360,90.9337,0.105861
2.19421,90.9590,-0.384872
2.19482,90.9843,-0.103479E-01
2.19543,91.0096,-0.236980
2.19604,91.0349,-0.559585E-01
2.19666,91.0602,-0.180464E-01
2.19727,91.0855,0.530525E-02
2.19788,91.1108,0.679676E-01
2.19849,91.1361,-0.533487E-02
2.19910,91.1614,-0.294454E-01
2.19971,91.1867,-0.690446E-01
2.20032,91.2120,0.889540E-01
2.20093,91.2373,-0.680411E-01
2.20154,91.2626,-0.147738
2.20215,91.2879,-0.423979E-01
2.20276,91.3132,0.122132
2.20337,91.3385,-0.231320E-01
2.20398,91.3638,-0.196730E-01
2.20459,91.3891,-0.649704E-01
2.20520,91.4144,0.352691
2.20581,91.4397,0.155285
2.20642,91.4650,-0.200738E-01
2.20703,91.4903,-0.301739E-01
2.20764,91.5156,-0.350924
2.20825,91.5409,-0.311544
2.20886,91.5662,0.925911E-02
2.20947,91.5915,-0.244600
2.21008,91.6168,0.527020
2.21069,91.6421,0.111566
2.21130,91.6674,0.643171E-01
2.21191,91.6927,0.231180E-01
2.21252,91.7180,-0.331822
2.21313,91.7434,0.128091
2.21375,91.7687,-0.164127
2.21436,91.7940,-0.296774
2.21497,91.8193,-0.286299E-02
2.21558,91.8446,0.913068E-02
2.21619,91.8699,0.581773E-01
2.21680,91.8952,0.711882E-01
2.21741,91.9205,-0.130180
2.21802,91.9458,0.571602E-02
2.21863,91.9711,0.120111
2.21924,91.9964,0.155196
2.21985,92.0217,0.195987
2.22046,92.0470,-0.157050
2.22107,92.0723,-0.638627E-02
2.22168,92.0976,0.500155E-01
2.22229,92.1229,0.622179E-01
2.22290,92.1482,-0.121470E-01
2.22351,92.1735,0.214281
2.22412,92.1988,0.428470E-01
2.22473,92.2241,-0.104268E-01
2.22534,92.2494,-0.911914E-01
2.22595,92.2747,-0.149690
2.22656,92.3000,0.135773
2.22717,92.3253,-0.467710E-02
2.22778,92.3506,0.376271E-02
2.22839,92.3759,-0.149338
2.22900,92.4012,0.256940E-01
2.22961,92.4265,-0.163033
2.23022,92.4518,0.421310E-01
2.23083,92.4771,-0.610832
2.23145,92.5024,0.142561
2.23206,92.5277,-0.931741E-01
2.23267,92.5530,-0.108132
2.23328,92.5783,-0.248543E-01
2.23389,92.6036,-0.276130E-01
2.23450,92.6289,-0.655243E-01
2.23511,92.6542,-0.480912E-02
2.23572,92.6795,0.323706E-01
2.23633,92.7048,-0.513859
2.23694,92.7301,-0.149840
2.23755,92.7554,0.506093E-01
2.23816,92.7807,-0.218779
2.23877,92.8060,0.530873
2.23938,92.8313,0.193922
2.23999,92.8566,-0.320346
2.24060,92.8819,-0.899789E-02
2.24121,92.9072,0.233139
2.24182,92.9325,0.914510E-01
2.24243,92.9578,-0.226923
2.24304,92.9831,0.185170E-01
2.24365,93.0084,0.116156
2.24426,93.0337,-0.923116E-01
2.24487,93.0590,0.229305E-02
2.24548,93.0843,-0.417929
2.24609,93.1096,-0.116827E-01
2.24670,93.1349,-0.213987
2.24731,93.1602,0.447479E-01
2.24792,93.1855,-0.189961
2.24854,93.2108,0.285324E-01
2.24915,93.2361,0.182182E-01
2.24976,93.2614,-0.243185E-01
2.25037,93.2867,-0.873139E-02
2.25098,93.3120,0.136299
2.25159,93.3373,-0.173498
2.25220,93.3626,-0.655632E-01
2.25281,93.3880,0.127432
2.25342,93.4133,0.627320E-01
2.25403,93.4386,0.217093
2.25464,93.4639,-0.100183E-01
2.25525,93.4892,0.154569
2.25586,93.5145,-0.203487E-03
2.25647,93.5398,-0.487137E-01
2.25708,93.5651,0.193133
2.25769,93.5904,0.700333E-01
2.25830,93.6157,-0.130738
2.25891,93.6410,0.461965E-01
2.25952,93.6663,-0.779623E-01
2.26013,93.6916,0.324890
2.26074,93.7169,0.220892
2.26135,93.7422,0.225854E-01
2.26196,93.7675,0.168385
2.26257,93.7928,0.422035
2.26318,93.8181,-0.283649E-01
2.26379,93.8434,-0.175279
2.26440,93.8687,0.388395
2.26501,93.8940,0.607359E-01
2.26562,93.9193,-0.494206E-01
2.26624,93.9446,-0.302272E-01
2.26685,93.9699,-0.118414
2.26746,93.9952,-0.195891
2.26807,94.0205,0.426132E-01
2.26868,94.0458,0.156983
2.26929,94.0711,0.113314
2.26990,94.0964,0.176457E-01
2.27051,94.1217,0.118840E-01
2.27112,94.1470,-0.115270E-02
2.27173,94.1723,-0.724637E-01
2.27234,94.1976,0.136373E-01
2.27295,94.2229,-0.475891E-01
2.27356,94.2482,0.690836E-01
2.27417,94.2735,0.117167
2.27478,94.2988,0.466086E-01
2.27539,94.3241,0.182529
2.27600,94.3494,0.968956E-01
2.27661,94.3747,-0.330879E-01
2.27722,94.4000,0.992464E-02
2.27783,94.4253,0.639857E-01
2.27844,94.4506,-0.275381
2.27905,94.4759,-0.108338
2.27966,94.5012,-0.873758E-01
2.28027,94.5265,-0.417577
2.28088,94.5518,-0.549338E-01
2.28149,94.5771,-0.217558E-01
2.28210,94.6024,-0.766326E-01
2.28271,94.6277,0.162419
2.28333,94.6530,0.513639E-01
2.28394,94.6783,-0.918272E-01
2.28455,94.7036,-0.458290E-01
2.28516,94.7289,-0.109153
2.28577,94.7542,0.439619E-01
2.28638,94.7795,-0.144181
2.28699,94.8048,0.451227
2.28760,94.8301,-0.462615
2.28821,94.8554,-0.171649E-01
2.28882,94.8807,0.886062E-01
2.28943,94.9060,-0.319429
2.29004,94.9313,0.225877
2.29065,94.9566,0.232997E-01
2.29126,94.9819,0.101428
2.29187,95.0072,0.590940E-01
2.29248,95.0325,0.821466E-02
2.29309,95.0579,0.294806
2.29370,95.0832,-0.477304E-01
2.29431,95.1085,-0.275591
2.29492,95.1338,-0.282765E-01
2.29553,95.1591,-0.384439E-01
2.29614,95.1844,0.111812
2.29675,95.2097,0.323183
2.29736,95.2350,0.115533
2.29797,95.2603,0.169130
2.29858,95.2856,-0.104896
2.29919,95.3109,-0.837010E-01
2.29980,95.3362,0.663573E-01
2.30042,95.3615,-0.158597E-01
2.30103,95.3868,0.145418E-01
2.30164,95.4121,-0.106996
2.30225,95.4374,-0.149869E-02
2.30286,95.4627,-0.370494
2.30347,95.4880,-0.346169
2.30408,95.5133,0.191711E-01
2.30469,95.5386,0.336247
2.30530,95.5639,0.822482E-01
2.30591,95.5892,-0.457526E-02
2.30652,95.6145,-0.116547E-01
2.30713,95.6398,0.873467E-01
2.30774,95.6651,-0.120741
2.30835,95.6904,0.222865
2.30896,95.7157,-0.335611
2.30957,95.7410,0.550142E-02
2.31018,95.7663,0.172268
2.31079,95.7916,0.373561E-01
2.31140,95.8169,0.801519E-01
2.31201,95.8422,-0.583167E-01
2.31262,95.8675,-0.541950E-01
2.31323,95.8928,-0.240606E-01
2.31384,95.9181,-0.138686
2.31445,95.9434,0.168260
2.31506,95.9687,-0.314979E-01
2.31567,95.9940,0.831737E-02
2.31628,96.0193,-0.943323E-01
2.31689,96.0446,0.451104E-01
2.31750,96.0699,-0.129790
2.31812,96.0952,-0.380186E-01
2.31873,96.1205,0.152979E-01
2.31934,96.1458,-0.974655E-01
2.31995,96.1711,0.228145
2.32056,96.1964,0.237231
2.32117,96.2217,0.941392E-01
2.32178,96.2470,0.238565
2.32239,96.2723,-0.267118E-01
2.32300,96.2976,0.126368
2.32361,96.3229,-0.862348E-02
2.32422,96.3482,-0.630360E-01
2.32483,96.3735,-0.461548
2.32544,96.3988,0.177673E-01
2.32605,96.4241,-0.585977E-01
2.32666,96.4494,-0.378773
2.32727,96.4747,-0.428722
2.32788,96.5000,0.777678E-01
2.32849,96.5253,-0.155115
2.32910,96.5506,0.473996E-02
2.32971,96.5759,-0.143233
2.33032,96.6012,-0.224898E-01
2.33093,96.6265,0.224209
2.33154,96.6518,0.233910E-01
2.33215,96.6771,0.309518E-01
2.33276,96.7025,-0.115651E-01
2.33337,96.7278,0.465898E-01
2.33398,96.7531,0.159343
2.33459,96.7784,0.896065E-01
2.33521,96.8037,0.539555E-01
2.33582,96.8290,0.472136E-01
2.33643,96.8543,0.100107
2.33704,96.8796,0.257081
2.33765,96.9049,0.438686E-01
2.33826,96.9302,0.207366
2.33887,96.9555,0.537194E-01
2.33948,96.9808,0.419924
2.34009,97.0061,-0.356589
2.34070,97.0314,0.557950E-01
2.34131,97.0567,-0.764741E-01
2.34192,97.0820,-0.674610E-01
2.34253,97.1073,-0.482859E-01
2.34314,97.1326,0.111757
2.34375,97.1579,0.351739E-01
2.34436,97.1832,-0.782504E-02
2.34497,97.2085,0.556449E-01
2.34558,97.2338,-0.157643
2.34619,97.2591,0.828231E-01
2.34680,97.2844,-0.523881E-01
2.34741,97.3097,-0.160299
2.34802,97.3350,0.201495E-01
2.34863,97.3603,-0.312979E-02
2.34924,97.3856,0.133390
2.34985,97.4109,-0.371515E-01
2.35046,97.4362,0.441320
2.35107,97.4615,-0.547158E-01
2.35168,97.4868,-0.145950
2.35229,97.5121,0.337694E-01
2.35291,97.5374,0.413541
2.35352,97.5627,0.990399E-01
2.35413,97.5880,-0.827180E-01
2.35474,97.6133,-0.242917
2.35535,97.6386,0.263460E-01
2.35596,97.6639,0.165544E-01
2.35657,97.6892,0.246728
2.35718,97.7145,-0.194499E-01
2.35779,97.7398,0.300898E-01
2.35840,97.7651,-0.389290
2.35901,97.7904,0.526261E-01
2.35962,97.8157,0.516325E-01
2.36023,97.8410,-0.570853E-01
2.36084,97.8663,-0.130612E-01
2.36145,97.8916,0.113806E-01
2.36206,97.9169,0.157504
2.36267,97.9422,0.140026E-01
2.36328,97.9675,0.115592
2.36389,97.9928,-0.133221
2.36450,98.0181,0.411840
2.36511,98.0434,0.937574E-02
2.36572,98.0687,-0.521982
2.36633,98.0940,-0.248995
2.36694,98.1193,0.132476
2.36755,98.1446,0.528587E-02
2.36816,98.1699,-0.102024
2.36877,98.1952,-0.300862E-01
2.36938,98.2205,0.260805
2.37000,98.2458,-0.343809E-01
2.37061,98.2711,0.162063
2.37122,98.2964,0.102956
2.37183,98.3217,0.348599E-01
2.37244,98.3471,0.132935
2.37305,98.3724,0.365609E-01
2.37366,98.3977,0.105437E-01
2.37427,98.4230,-0.184960
2.37488,98.4483,0.268060E-01
2.37549,98.4736,-0.277457E-03
2.37610,98.4989,0.646555E-01
2.37671,98.5242,-0.545199E-01
2.37732,98.5495,-0.451291E-01
2.37793,98.5748,-0.347625
2.37854,98.6001,0.786098E-02
2.37915,98.6254,-0.879923E-01
2.37976,98.6507,0.129298E-01
2.38037,98.6760,-0.156668
2.38098,98.7013,-0.672699E-01
2.38159,98.7266,-0.509744E-03
2.38220,98.7519,0.578040E-01
2.38281,98.7772,-0.186788E-01
2.38342,98.8025,0.251147E-01
2.38403,98.8278,0.263632
2.38464,98.8531,0.326582E-01
2.38525,98.8784,0.492587E-01
2.38586,98.9037,-0.161937
2.38647,98.9290,-0.879418E-01
2.38708,98.9543,-0.234073
2.38770,98.9796,-0.221209
2.38831,99.0049,0.443936E-01
2.38892,99.0302,0.136060
2.38953,99.0555,-0.186402
2.39014,99.0808,0.353968E-01
2.39075,99.1061,-0.134366
2.39136,99.1314,-0.947840E-01
2.39197,99.1567,-0.176926E-01
2.39258,99.1820,-0.659075E-01
2.39319,99.2073,-0.196813E-01
2.39380,99.2326,-0.152327
2.39441,99.2579,0.690283
2.39502,99.2832,-0.370765
2.39563,99.3085,-0.388115E-01
2.39624,99.3338,0.370185
2.39685,99.3591,-0.795252E-01
2.39746,99.3844,-0.234708
2.39807,99.4097,0.396075
2.39868,99.4350,0.218482
2.39929,99.4603,-0.299280
2.39990,99.4856,0.112312
2.40051,99.5109,0.739840E-01
2.40112,99.5362,-0.171347E-01
2.40173,99.5615,-0.492607E-01
2.40234,99.5868,-0.193439
2.40295,99.6121,0.107225
2.40356,99.6374,0.437647E-01
2.40417,99.6627,0.996501E-01
2.40479,99.6880,0.156151
2.40540,99.7133,-0.930954E-01
2.40601,99.7386,0.315231E-01
2.40662,99.7639,0.302053
2.40723,99.7892,-0.517482E-01
2.40784,99.8145,-0.528302
2.40845,99.8398,0.980114E-01
2.40906,99.8651,0.183265
2.40967,99.8904,-0.602221E-01
2.41028,99.9157,-0.172749E-01
2.41089,99.9410,0.330286
2.41150,99.9663,0.848376E-01
2.41211,99.9916,0.125014
2.41272,100.017,0.614393E-01
2.41333,100.042,-0.119171
2.41394,100.068,-0.940393E-01
2.41455,100.093,-0.102171
2.41516,100.118,0.333776E-04
2.41577,100.143,0.206080
2.41638,100.169,-0.930798E-01
2.41699,100.194,-0.169849
2.41760,100.219,-0.810945E-04
2.41821,100.245,-0.114834
2.41882,100.270,-0.293587E-01
2.41943,100.295,-0.382533E-01
2.42004,100.321,0.222040E-01
2.42065,100.346,0.308182
2.42126,100.371,0.161135
2.42188,100.396,0.194010
2.42249,100.422,0.205817
2.42310,100.447,-0.101213E-01
2.42371,100.472,-0.219963
2.42432,100.498,0.154161
2.42493,100.523,-0.368698E-01
2.42554,100.548,0.126308
2.42615,100.574,0.140156E-04
2.42676,100.599,0.198705
2.42737,100.624,-0.269351
2.42798,100.649,-0.115354E-01
2.42859,100.675,0.157467
2.42920,100.700,0.324255
2.42981,100.725,0.421277E-01
2.43042,100.751,0.400713E-01
2.43103,100.776,0.152122
2.43164,100.801,0.370466E-01
2.43225,100.827,-0.493490E-01
2.43286,100.852,-0.300821
2.43347,100.877,0.105859
2.43408,100.903,0.212670
2.43469,100.928,-0.114887
2.43530,100.953,-0.406324
2.43591,100.978,0.526745E-01
2.43652,101.004,-0.440431E-01
2.43713,101.029,-0.164799
2.43774,101.054,-0.194819
2.43835,101.080,-0.284815
2.43896,101.105,-0.562037E-01
2.43958,101.130,-0.246875
2.44019,101.156,0.212571E-01
2.44080,101.181,-0.419451
2.44141,101.206,-0.142873
2.44202,101.231,0.839207E-02
2.44263,101.257,-0.111147
2.44324,101.282,-0.607779E-01
2.44385,101.307,0.783678E-01
2.44446,101.333,-0.335993E-01
2.44507,101.358,0.125175
2.44568,101.383,0.163675
2.44629,101.409,0.113719
2.44690,101.434,-0.190337E-01
2.44751,101.459,0.231458E-01
2.44812,101.484,0.424109
2.44873,101.510,0.209219E-01
2.44934,101.535,0.271579
2.44995,101.560,-0.264323
2.45056,101.586,0.311826
2.45117,101.611,-0.839029E-01
2.45178,101.636,0.228336E-01
2.45239,101.662,0.897258E-01
2.45300,101.687,-0.957454E-01
2.45361,101.712,-0.935625E-01
2.45422,101.737,0.420402E-02
2.45483,101.763,0.156459E-01
2.45544,101.788,-0.460847E-01
2.45605,101.813,0.313965E-01
2.45667,101.839,0.106395E-02
2.45728,101.864,-0.711511E-01
2.45789,101.889,0.104562
2.45850,101.915,-0.709806E-01
2.45911,101.940,-0.365335
2.45972,101.965,0.118384
2.46033,101.990,-0.955009E-01
2.46094,102.016,-0.487445E-01
2.46155,102.041,-0.499965E-02
2.46216,102.066,-0.402379E-01
2.46277,102.092,0.578239E-01
2.46338,102.117,-0.104454
2.46399,102.142,-0.132051
2.46460,102.168,0.334364E-01
2.46521,102.193,0.560851E-01
2.46582,102.218,-0.625279
2.46643,102.243,-0.173140E-01
2.46704,102.269,0.915579E-01
2.46765,102.294,0.915538E-01
2.46826,102.319,0.223779
2.46887,102.345,-0.546710E-01
2.46948,102.370,-0.240081
2.47009,102.395,-0.103484
2.47070,102.421,-0.174874E-01
2.47131,102.446,-0.204575
2.47192,102.471,-0.334380
2.47253,102.497,-0.139898
2.47314,102.522,0.424840E-03
2.47375,102.547,0.115709E-01
2.47437,102.572,0.148867
2.47498,102.598,0.213400
2.47559,102.623,0.133478
2.47620,102.648,0.189653E-01
2.47681,102.674,0.302817E-01
2.47742,102.699,-0.572355
2.47803,102.724,0.859975E-01
2.47864,102.750,0.936050E-01
2.47925,102.775,-0.833222E-01
2.47986,102.800,-0.422471
2.48047,102.825,0.150207
2.48108,102.851,0.223203
2.48169,102.876,-0.398294E-01
2.48230,102.901,-0.147183
2.48291,102.927,-0.409357E-01
2.48352,102.952,0.311931E-01
2.48413,102.977,-0.625185E-01
2.48474,103.003,0.166362
2.48535,103.028,0.776409E-02
2.48596,103.053,0.400894
2.48657,103.078,-0.578663E-02
2.48718,103.104,0.650812E-01
2.48779,103.129,0.425257E-01
2.48840,103.154,0.142347E-01
2.48901,103.180,0.470222E-01
2.48962,103.205,0.160155
2.49023,103.230,-0.182753
2.49084,103.256,0.134033
2.49146,103.281,0.256504
2.49207,103.306,-0.130968
2.49268,103.331,-0.389475
2.49329,103.357,-0.244787
2.49390,103.382,-0.911649E-01
2.49451,103.407,0.318115E-01
2.49512,103.433,0.134398
2.49573,103.458,-0.518244E-01
2.49634,103.483,-0.109703E-01
2.49695,103.509,0.133259
2.49756,103.534,-0.284381E-01
2.49817,103.559,-0.428461E-01
2.49878,103.584,0.141170
2.49939,103.610,-0.103894
2.50000,103.635,0.307217E-01
2.50061,103.660,0.212376E-01
2.50122,103.686,0.110346
2.50183,103.711,-0.561939
2.50244,103.736,-0.373842E-01
2.50305,103.762,0.106485
2.50366,103.787,-0.985057E-01
2.50427,103.812,-0.961113E-01
2.50488,103.837,0.417667
2.50549,103.863,-0.998014E-01
2.50610,103.888,0.117765
2.50671,103.913,0.618463E-01
2.50732,103.939,-0.168232
2.50793,103.964,0.231325
2.50854,103.989,-0.150166
2.50916,104.015,0.458703E-01
2.50977,104.040,-0.220805
2.51038,104.065,-0.467643E-01
2.51099,104.090,-0.387018E-01
2.51160,104.116,-0.195667
2.51221,104.141,-0.103179
2.51282,104.166,-0.206937
2.51343,104.192,-0.624498E-01
2.51404,104.217,-0.685666E-01
2.51465,104.242,-0.692525E-01
2.51526,104.268,-0.134045
2.51587,104.293,0.139779E-01
2.51648,104.318,-0.301882
2.51709,104.344,-0.198566E-01
2.51770,104.369,0.177243
2.51831,104.394,-0.117753
2.51892,104.419,-0.105406
2.51953,104.445,0.171806
2.52014,104.470,0.156129
2.52075,104.495,-0.414550E-01
2.52136,104.521,-0.167624
2.52197,104.546,-0.154650
2.52258,104.571,0.232738E-01
2.52319,104.597,-0.342018E-01
2.52380,104.622,0.218544
2.52441,104.647,0.383970E-01
2.52502,104.672,0.841851E-01
2.52563,104.698,-0.199583E-01
2.52625,104.723,0.126507
2.52686,104.748,-0.921143E-02
2.52747,104.774,0.145053
2.52808,104.799,0.167389
2.52869,104.824,-0.185194E-01
2.52930,104.850,-0.137936E-01
2.52991,104.875,-0.128691
2.53052,104.900,0.864586E-03
2.53113,104.925,-0.333131
2.53174,104.951,0.936823E-01
2.53235,104.976,-0.589911E-01
2.53296,105.001,0.250098E-01
2.53357,105.027,0.561683E-01
2.53418,105.052,0.272625
2.53479,105.077,-0.254858E-01
2.53540,105.103,-0.237596
2.53601,105.128,0.954615E-01
2.53662,105.153,-0.217289E-01
2.53723,105.178,-0.429662E-01
2.53784,105.204,0.140833
2.53845,105.229,-0.218595
2.53906,105.254,-0.422306E-02
2.53967,105.280,0.735676E-01
2.54028,105.305,-0.468710
2.54089,105.330,-0.381354E-01
2.54150,105.356,-0.926945E-01
2.54211,105.381,0.293943E-01
2.54272,105.406,0.118024
2.54333,105.431,0.180743
2.54395,105.457,0.648250E-01
2.54456,105.482,-0.311641
2.54517,105.507,0.204488
2.54578,105.533,-0.379935E-01
2.54639,105.558,0.468385E-01
2.54700,105.583,0.182764
2.54761,105.609,-0.170608
2.54822,105.634,0.316283E-02
2.54883,105.659,-0.793052E-01
2.54944,105.684,-0.124522
2.55005,105.710,0.543401E-02
2.55066,105.735,-0.477746
2.55127,105.760,-0.961936E-02
2.55188,105.786,-0.634553E-01
2.55249,105.811,-0.205063
2.55310,105.836,0.122194
2.55371,105.862,0.174822
2.55432,105.887,-0.536654E-01
2.55493,105.912,0.228231
2.55554,105.938,-0.176082
2.55615,105.963,-0.186755E-01
2.55676,105.988,-0.415820E-01
2.55737,106.013,0.233660
2.55798,106.039,0.187552
2.55859,106.064,-0.112319
2.55920,106.089,-0.192607
2.55981,106.115,0.997753E-01
2.56042,106.140,0.991098E-01
2.56104,106.165,-0.157144E-01
2.56165,106.191,0.116829
2.56226,106.216,0.728435E-01
2.56287,106.241,0.315372
2.56348,106.266,-0.144181
2.56409,106.292,-0.659634E-01
2.56470,106.317,0.483777
2.56531,106.342,-0.735906E-01
2.56592,106.368,-0.485357E-01
2.56653,106.393,0.126214E-01
2.56714,106.418,0.235907E-01
2.56775,106.444,0.432518E-01
2.56836,106.469,-0.317967E-01
2.56897,106.494,-0.210929E-01
2.56958,106.519,-0.205181
2.57019,106.545,-0.594797E-02
2.57080,106.570,0.411544
2.57141,106.595,0.832283E-01
2.57202,106.621,-0.127748E-01
2.57263,106.646,-0.211532
2.57324,106.671,-0.763467E-01
2.57385,106.697,-0.119601
2.57446,106.722,0.695071E-01
2.57507,106.747,0.972658E-01
2.57568,106.772,-0.153920
2.57629,106.798,0.124720
2.57690,106.823,-0.277791
2.57751,106.848,-0.471569E-02
2.57812,106.874,-0.441225E-01
2.57874,106.899,-0.771586E-01
2.57935,106.924,0.426626E-01
2.57996,106.950,0.726515E-01
2.58057,106.975,-0.207517E-01
2.58118,107.000,-0.973141E-01
2.58179,107.025,0.164876E-01
2.58240,107.051,-0.631334E-01
2.58301,107.076,-0.124912E-01
2.58362,107.101,0.345805E-01
2.58423,107.127,0.121996
2.58484,107.152,0.152848
2.58545,107.177,-0.395185
2.58606,107.203,-0.701934E-01
2.58667,107.228,-0.914778E-01
2.58728,107.253,0.801082E-02
2.58789,107.278,0.907613E-01
2.58850,107.304,-0.159955
2.58911,107.329,0.237112
2.58972,107.354,-0.299479
2.59033,107.380,-0.604493E-02
2.59094,107.405,-0.154812
2.59155,107.430,-0.893876E-02
2.59216,107.456,-0.216823
2.59277,107.481,-0.228286
2.59338,107.506,-0.136919
2.59399,107.532,-0.493832E-03
2.59460,107.557,0.695834E-01
2.59521,107.582,0.537081E-01
2.59583,107.607,0.104431
2.59644,107.633,0.776220E-02
2.59705,107.658,0.323381
2.59766,107.683,-0.169101
2.59827,107.709,0.145821
2.59888,107.734,0.151191
2.59949,107.759,0.468199E-01
2.60010,107.785,-0.152515
2.60071,107.810,0.664323E-01
2.60132,107.835,0.211420E-01
2.60193,107.860,0.109939
2.60254,107.886,-0.498124
2.60315,107.911,0.675632E-01
2.60376,107.936,-0.113392
2.60437,107.962,0.204723
2.60498,107.987,-0.116307
2.60559,108.012,-0.990242E-01
2.60620,108.038,-0.795156E-01
2.60681,108.063,-0.181474
2.60742,108.088,0.845684E-01
2.60803,108.113,0.172722E-01
2.60864,108.139,0.706145E-01
2.60925,108.164,-0.138469
2.60986,108.189,0.140168
2.61047,108.215,-0.666118E-01
2.61108,108.240,-0.221118E-01
2.61169,108.265,0.210956E-01
2.61230,108.291,-0.345973
2.61292,108.316,0.227732E-02
2.61353,108.341,-0.215647E-01
2.61414,108.366,-0.698162E-01
2.61475,108.392,0.294978E-01
2.61536,108.417,0.121354E-01
2.61597,108.442,-0.394793E-01
2.61658,108.468,0.154502
2.61719,108.493,0.137852
2.61780,108.518,-0.511889E-01
2.61841,108.544,0.393210E-02
2.61902,108.569,-0.128423
2.61963,108.594,0.537508E-01
2.62024,108.619,0.318739E-01
2.62085,108.645,-0.517073E-01
2.62146,108.670,0.488467E-02
2.62207,108.695,-0.119870E-01
2.62268,108.721,-0.118291
2.62329,108.746,-0.599804E-01
2.62390,108.771,0.278502
2.62451,108.797,-0.248398E-01
2.62512,108.822,0.296474
2.62573,108.847,0.205454
2.62634,108.872,-0.197912
2.62695,108.898,0.646714E-02
2.62756,108.923,0.468863E-02
2.62817,108.948,-0.276025
2.62878,108.974,-0.627148E-01
2.62939,108.999,-0.366192E-01
2.63000,109.024,-0.109270
2.63062,109.050,-0.311919E-01
2.63123,109.075,-0.191025
2.63184,109.100,-0.620550E-01
2.63245,109.126,-0.457561E-01
2.63306,109.151,-0.430177
2.63367,109.176,0.111684
2.63428,109.201,0.243736E-01
2.63489,109.227,-0.501259
2.63550,109.252,0.248716
2.63611,109.277,0.723170E-01
2.63672,109.303,-0.357135E-01
2.63733,109.328,-0.150175E-01
2.63794,109.353,-0.748401E-01
2.63855,109.379,-0.429134
2.63916,109.404,-0.230563E-01
2.63977,109.429,0.192695
2.64038,109.454,0.275410
2.64099,109.480,0.370486E-01
2.64160,109.505,0.200838
2.64221,109.530,-0.180254
2.64282,109.556,-0.199826
2.64343,109.581,-0.158579
2.64404,109.606,-0.113128
2.64465,109.632,0.114401E-01
2.64526,109.657,-0.338594E-01
2.64587,109.682,-0.800672E-01
2.64648,109.707,-0.375640
2.64709,109.733,0.228021E-01
2.64771,109.758,-0.190355
2.64832,109.783,0.170987
2.64893,109.809,0.177261
2.64954,109.834,0.126462
2.65015,109.859,0.956835E-01
2.65076,109.885,-0.497349E-02
2.65137,109.910,-0.795136E-01
2.65198,109.935,-0.326191E-01
2.65259,109.960,0.261239
2.65320,109.986,-0.150772
2.65381,110.011,0.838113E-02
2.65442,110.036,0.199096
2.65503,110.062,-0.398684
2.65564,110.087,-0.162412
2.65625,110.112,0.181623
2.65686,110.138,-0.199830E-01
2.65747,110.163,-0.401534E-01
2.65808,110.188,-0.336281E-01
2.65869,110.213,-0.408485E-01
2.65930,110.239,-0.495109
2.65991,110.264,-0.324360
2.66052,110.289,0.827351E-02
2.66113,110.315,0.300192E-01
2.66174,110.340,-0.999551E-03
2.66235,110.365,0.266971E-01
2.66296,110.391,0.156183E-01
2.66357,110.416,-0.951121E-01
2.66418,110.441,-0.609027E-01
2.66479,110.466,-0.158415
2.66541,110.492,-0.394441
2.66602,110.517,0.308330E-01
2.66663,110.542,-0.331811
2.66724,110.568,0.229242
2.66785,110.593,0.516830E-01
2.66846,110.618,0.332898E-01
2.66907,110.644,0.783254E-02
2.66968,110.669,-0.197522E-01
2.67029,110.694,0.123876
2.67090,110.719,0.156518
2.67151,110.745,0.210261E-01
2.67212,110.770,0.119996
2.67273,110.795,0.220656E-01
2.67334,110.821,-0.213788E-01
2.67395,110.846,-0.101123E-01
2.67456,110.871,-0.170943
2.67517,110.897,-0.160747
2.67578,110.922,0.618923E-04
2.67639,110.947,-0.148511E-01
2.67700,110.973,-0.288405
2.67761,110.998,0.801274E-01
2.67822,111.023,-0.423994
2.67883,111.048,-0.430456E-01
2.67944,111.074,0.723963E-01
2.68005,111.099,0.280324
2.68066,111.124,-0.442597E-01
2.68127,111.150,-0.154929E-01
2.68188,111.175,-0.229257
2.68250,111.200,-0.652128E-01
2.68311,111.226,-0.146413
2.68372,111.251,-0.278820E-01
2.68433,111.276,0.201052
2.68494,111.301,0.717921E-01
2.68555,111.327,0.377963
2.68616,111.352,-0.202267E-01
2.68677,111.377,0.766717E-01
2.68738,111.403,-0.255066
2.68799,111.428,-0.234916
2.68860,111.453,-0.173306
2.68921,111.479,-0.162056E-01
2.68982,111.504,0.365605
2.69043,111.529,0.185985E-01
2.69104,111.554,0.762984E-01
2.69165,111.580,-0.115148
2.69226,111.605,-0.603658
2.69287,111.630,-0.911505E-01
2.69348,111.656,-0.376978
2.69409,111.681,-0.496708
2.69470,111.706,0.744531E-02
2.69531,111.732,0.142400
2.69592,111.757,-0.150766
2.69653,111.782,-0.172820E-01
2.69714,111.807,0.121460
2.69775,111.833,0.524999E-01
2.69836,111.858,-0.286758
2.69897,111.883,0.790458E-01
2.69958,111.909,0.252038
2.70020,111.934,0.416099
2.70081,111.959,-0.230036E-01
2.70142,111.985,0.939051E-01
2.70203,112.010,-0.285655E-01
2.70264,112.035,0.455652E-01
2.70325,112.060,-0.295429E-01
2.70386,112.086,-0.177566
2.70447,112.111,0.844586E-01
2.70508,112.136,0.197119
2.70569,112.162,0.996043E-01
2.70630,112.187,0.121248
2.70691,112.212,0.184739E-01
2.70752,112.238,-0.124985E-01
2.70813,112.263,-0.509393E-01
2.70874,112.288,-0.244354
2.70935,112.313,-0.416468E-01
2.70996,112.339,-0.177651
2.71057,112.364,-0.240781E-01
2.71118,112.389,0.379399E-01
2.71179,112.415,-0.218480
2.71240,112.440,-0.136982
2.71301,112.465,-0.121721
2.71362,112.491,0.380853E-01
2.71423,112.516,-0.582568
2.71484,112.541,0.277962E-01
2.71545,112.567,0.106152
2.71606,112.592,-0.126062
2.71667,112.617,0.227144E-01
2.71729,112.642,-0.689974E-01
2.71790,112.668,-0.163394
2.71851,112.693,0.189239
2.71912,112.718,-0.155478
2.71973,112.744,0.746219
2.72034,112.769,-0.106463
2.72095,112.794,0.269139E-01
2.72156,112.820,-0.113463
2.72217,112.845,0.251221
2.72278,112.870,-0.148682
2.72339,112.895,0.226640
2.72400,112.921,-0.233534E-01
2.72461,112.946,-0.120681
2.72522,112.971,-0.143155
2.72583,112.997,-0.465433E-01
2.72644,113.022,-0.625465E-01
2.72705,113.047,0.837909E-01
2.72766,113.073,-0.576660
2.72827,113.098,0.107015
2.72888,113.123,-0.672771E-01
2.72949,113.148,0.565346
2.73010,113.174,0.146766
2.73071,113.199,0.148572
2.73132,113.224,-0.666648E-01
2.73193,113.250,0.787358E-01
2.73254,113.275,-0.549937E-01
2.73315,113.300,-0.173646E-02
2.73376,113.326,-0.443096
2.73438,113.351,0.249020E-02
2.73499,113.376,-0.368321E-03
2.73560,113.401,0.100664
2.73621,113.427,0.408925E-01
2.73682,113.452,-0.148244
2.73743,113.477,-0.960542E-02
2.73804,113.503,-0.188740
2.73865,113.528,-0.349020
2.73926,113.553,-0.619586E-01
2.73987,113.579,-0.317154
2.74048,113.604,-0.114844
2.74109,113.629,0.206461
2.74170,113.654,-0.132816
2.74231,113.680,-0.219617
2.74292,113.705,-0.101303
2.74353,113.730,0.156638
2.74414,113.756,0.287260
2.74475,113.781,0.330734
2.74536,113.806,-0.167573E-02
2.74597,113.832,0.168528
2.74658,113.857,-0.123207
2.74719,113.882,0.115196E-01
2.74780,113.907,-0.614745E-01
2.74841,113.933,0.188663
2.74902,113.958,0.355851E-01
2.74963,113.983,0.208691
2.75024,114.009,-0.186727
2.75085,114.034,-0.176846
2.75146,114.059,0.272668
2.75208,114.085,0.290224
2.75269,114.110,0.276302E-01
2.75330,114.135,0.195461E-01
2.75391,114.161,0.304096
2.75452,114.186,-0.172549E-01
2.75513,114.211,-0.110336
2.75574,114.236,-0.225062E-01
2.75635,114.262,0.261696
2.75696,114.287,0.704734E-02
2.75757,114.312,-0.116862
2.75818,114.338,-0.483365E-01
2.75879,114.363,-0.179449
2.75940,114.388,0.303360E-01
2.76001,114.414,-0.252391
2.76062,114.439,-0.125645
2.76123,114.464,-0.100456
2.76184,114.489,0.393407
2.76245,114.515,0.358501E-02
2.76306,114.540,0.175679
2.76367,114.565,0.427331E-01
2.76428,114.591,0.222757
2.76489,114.616,-0.196394E-01
2.76550,114.641,0.587685E-01
2.76611,114.667,-0.323983
2.76672,114.692,0.746164E-01
2.76733,114.717,0.262914
2.76794,114.742,-0.205896E-01
2.76855,114.768,0.102849E-02
2.76917,114.793,-0.134027
2.76978,114.818,-0.666603E-01
2.77039,114.844,0.872144E-01
2.77100,114.869,-0.119962
2.77161,114.894,0.162102
2.77222,114.920,-0.262137
2.77283,114.945,-0.123197E-01
2.77344,114.970,-0.255578
2.77405,114.995,-0.268899E-01
2.77466,115.021,0.867701
2.77527,115.046,0.142176
2.77588,115.071,-0.401351
2.77649,115.097,-0.379887
2.77710,115.122,-0.525188
2.77771,115.147,0.197423
2.77832,115.173,-0.676889E-02
2.77893,115.198,0.915525E-01
2.77954,115.223,-0.397447E-02
2.78015,115.248,0.201927E-01
2.78076,115.274,0.156329E-03
2.78137,115.299,0.651623E-01
2.78198,115.324,-0.111724
2.78259,115.350,-0.806150E-02
2.78320,115.375,-0.104122
2.78381,115.400,-0.283011E-01
2.78442,115.426,0.993896E-01
2.78503,115.451,-0.117897
2.78564,115.476,-0.273903
2.78625,115.501,-0.522137E-01
2.78687,115.527,0.260948
2.78748,115.552,0.727583E-01
2.78809,115.577,0.423959
2.78870,115.603,-0.153666
2.78931,115.628,0.450775E-01
2.78992,115.653,0.317150
2.79053,115.679,0.135367
2.79114,115.704,0.157226
2.79175,115.729,0.528601E-01
2.79236,115.755,-0.522563E-02
2.79297,115.780,0.956946E-01
2.79358,115.805,0.224424
2.79419,115.830,0.377164E-01
2.79480,115.856,-0.578156E-01
2.79541,115.881,-0.840411E-01
2.79602,115.906,-0.931897E-01
2.79663,115.932,-0.350492E-01
2.79724,115.957,-0.226475
2.79785,115.982,0.162053E-01
2.79846,116.008,0.129691E-01
2.79907,116.033,0.111591
2.79968,116.058,-0.251509
2.80029,116.083,0.124834
2.80090,116.109,0.203279
2.80151,116.134,0.532081E-02
2.80212,116.159,0.193839E-01
2.80273,116.185,0.723201E-01
2.80334,116.210,-0.229825E-01
2.80396,116.235,-0.119671
2.80457,116.261,-0.119679
2.80518,116.286,-0.249319
2.80579,116.311,0.102383
2.80640,116.336,-0.235183E-01
2.80701,116.362,-0.247157E-01
2.80762,116.387,-0.281694
2.80823,116.412,-0.144572
2.80884,116.438,0.239833E-01
2.80945,116.463,-0.117736
2.81006,116.488,-0.962337E-01
2.81067,116.514,0.114200
2.81128,116.539,-0.683951E-01
2.81189,116.564,-0.125157
2.81250,116.589,-0.110418E-01
2.81311,116.615,-0.305967
2.81372,116.640,-0.300411
2.81433,116.665,0.196773
2.81494,116.691,-0.242561
2.81555,116.716,-0.244726
2.81616,116.741,-0.153366
2.81677,116.767,0.235583
2.81738,116.792,-0.858473E-01
2.81799,116.817,-0.184348
2.81860,116.842,0.219702
2.81921,116.868,-0.444100E-01
2.81982,116.893,0.603496E-01
2.82043,116.918,-0.138025
2.82104,116.944,0.107243
2.82166,116.969,-0.199489E-01
2.82227,116.994,0.428236E-01
2.82288,117.020,-0.634870E-01
2.82349,117.045,0.301222E-01
2.82410,117.070,-0.132644
2.82471,117.095,-0.122202
2.82532,117.121,0.709562E-01
2.82593,117.146,-0.673858E-01
2.82654,117.171,-0.782582E-01
2.82715,117.197,-0.107972
2.82776,117.222,0.519788E-01
2.82837,117.247,-0.277323
2.82898,117.273,-0.271506E-01
2.82959,117.298,0.125699
2.83020,117.323,0.246983E-01
2.83081,117.349,0.181536E-01
2.83142,117.374,-0.352985E-01
2.83203,117.399,0.189740
2.83264,117.424,-0.152138
2.83325,117.450,-0.430127
2.83386,117.475,0.134321
2.83447,117.500,0.654155E-01
2.83508,117.526,-0.136224
2.83569,117.551,0.169055
2.83630,117.576,-0.231615E-01
2.83691,117.602,-0.208416
2.83752,117.627,-0.448402
2.83813,117.652,0.195607
2.83875,117.677,-0.140812
2.83936,117.703,0.362724
2.83997,117.728,0.311724E-01
2.84058,117.753,0.488274E-01
2.84119,117.779,-0.926886E-01
2.84180,117.804,0.324140E-02
2.84241,117.829,-0.101453
2.84302,117.855,0.118785
2.84363,117.880,0.115000
2.84424,117.905,0.454845E-01
2.84485,117.930,-0.590662E-01
2.84546,117.956,-0.206226
2.84607,117.981,-0.359818E-01
2.84668,118.006,-0.191369
2.84729,118.032,0.269256E-01
2.84790,118.057,-0.654315E-01
2.84851,118.082,-0.127486
2.84912,118.108,0.152556E-01
2.84973,118.133,0.179822
2.85034,118.158,-0.455601E-01
2.85095,118.183,0.209703
2.85156,118.209,0.136693
2.85217,118.234,0.372099
2.85278,118.259,-0.128451E-01
2.85339,118.285,-0.346864E-01
2.85400,118.310,-0.424045E-01
2.85461,118.335,0.139842
2.85522,118.361,-0.648297E-01
2.85583,118.386,-0.901775E-01
2.85645,118.411,-0.459951
2.85706,118.436,0.360407E-01
2.85767,118.462,-0.165679
2.85828,118.487,-0.240006E-02
2.85889,118.512,-0.504751E-01
2.85950,118.538,-0.262183E-01
2.86011,118.563,-0.476385E-01
2.86072,118.588,0.158808
2.86133,118.614,0.112854
2.86194,118.639,0.276179E-01
2.86255,118.664,-0.136678
2.86316,118.689,0.114650
2.86377,118.715,-0.215324
2.86438,118.740,-0.342348
2.86499,118.765,-0.482007
2.86560,118.791,-0.397432E-01
2.86621,118.816,0.172753
2.86682,118.841,0.462811E-02
2.86743,118.867,-0.837801E-01
2.86804,118.892,0.224863
2.86865,118.917,0.171536E-02
2.86926,118.942,-0.127627E-01
2.86987,118.968,-0.590822E-01
2.87048,118.993,-0.802713E-01
2.87109,119.018,0.277973
2.87170,119.044,0.305055
2.87231,119.069,0.350139E-01
2.87292,119.094,-0.732550E-01
2.87354,119.120,0.106585
2.87415,119.145,0.701741E-02
2.87476,119.170,-0.378168E-01
2.87537,119.196,-0.265420
2.87598,119.221,-0.245079
2.87659,119.246,-0.257193
2.87720,119.271,-0.537358E-01
2.87781,119.297,0.906243E-02
2.87842,119.322,-0.624956
2.87903,119.347,0.614299E-01
2.87964,119.373,-0.195835
2.88025,119.398,0.797219E-01
2.88086,119.423,-0.615626E-01
2.88147,119.449,-0.753910E-01
2.88208,119.474,-0.928133E-01
2.88269,119.499,0.744533E-01
2.88330,119.524,-0.256020
2.88391,119.550,0.169772
2.88452,119.575,0.160969E-01
2.88513,119.600,0.623933E-01
2.88574,119.626,0.955534E-01
2.88635,119.651,0.254376E-01
2.88696,119.676,-0.946339E-03
2.88757,119.702,0.156154E-01
2.88818,119.727,0.274940E-01
2.88879,119.752,0.448341E-02
2.88940,119.777,0.276849
2.89001,119.803,-0.419556E-01
2.89062,119.828,-0.254785E-02
2.89124,119.853,0.231135
2.89185,119.879,-0.678679E-01
2.89246,119.904,-0.227572
2.89307,119.929,0.239748
2.89368,119.955,-0.397340
2.89429,119.980,-0.727427E-01
2.89490,120.005,-0.234674E-01
2.89551,120.030,-0.154461
2.89612,120.056,0.183215E-01
2.89673,120.081,0.143017
2.89734,120.106,-0.110570E-01
2.89795,120.132,0.178591
2.89856,120.157,-0.739287E-02
2.89917,120.182,0.225951
2.89978,120.208,-0.120793
2.90039,120.233,0.172381
2.90100,120.258,0.665116
2.90161,120.283,0.364429E-01
2.90222,120.309,0.990102E-01
2.90283,120.334,0.990391E-01
2.90344,120.359,0.845910E-01
2.90405,120.385,0.206224
2.90466,120.410,-0.256182
2.90527,120.435,0.301683
2.90588,120.461,-0.102091
2.90649,120.486,-0.171705E-03
2.90710,120.511,-0.304039E-01
2.90771,120.536,-0.174110
2.90833,120.562,-0.189682
2.90894,120.587,0.368172E-01
2.90955,120.612,-0.125932
2.91016,120.638,0.951371E-01
2.91077,120.663,0.307083E-01
2.91138,120.688,0.108529
2.91199,120.714,-0.135062
2.91260,120.739,0.345189
2.91321,120.764,-0.276792E-01
2.91382,120.790,0.560697
2.91443,120.815,-0.170941
2.91504,120.840,0.303455E-01
2.91565,120.865,0.135312
2.91626,120.891,0.132536
2.91687,120.916,-0.306096E-01
2.91748,120.941,-0.126110E-01
2.91809,120.967,-0.507148E-01
2.91870,120.992,-0.521488E-01
2.91931,121.017,0.458656E-01
2.91992,121.043,-0.762609E-01
2.92053,121.068,0.155308
2.92114,121.093,-0.163309E-02
2.92175,121.118,0.323715
2.92236,121.144,-0.323235
2.92297,121.169,-0.585544E-01
2.92358,121.194,0.920788E-01
2.92419,121.220,-0.241138E-02
2.92480,121.245,-0.132898
2.92542,121.270,-0.143375
2.92603,121.296,-0.230313
2.92664,121.321,0.121342
2.92725,121.346,0.430885E-01
2.92786,121.371,0.177440
2.92847,121.397,-0.434099
2.92908,121.422,0.324779E-01
2.92969,121.447,-0.147288
2.93030,121.473,0.107179
2.93091,121.498,-0.176083
2.93152,121.523,-0.362583
2.93213,121.549,-0.601843E-01
2.93274,121.574,-0.434643E-01
2.93335,121.599,0.237344
2.93396,121.624,-0.256997
2.93457,121.650,0.550303E-01
2.93518,121.675,0.123311
2.93579,121.700,0.260016E-02
2.93640,121.726,-0.213496E-01
2.93701,121.751,-0.167133
2.93762,121.776,-0.927578E-03
2.93823,121.802,0.114865
2.93884,121.827,-0.265355E-01
2.93945,121.852,-0.186097
2.94006,121.877,0.416800E-01
2.94067,121.903,0.243479E-01
2.94128,121.928,-0.147562E-01
2.94189,121.953,0.122684
2.94250,121.979,0.154405
2.94312,122.004,0.309226
2.94373,122.029,-0.910390E-01
2.94434,122.055,-0.230285
2.94495,122.080,0.801180
2.94556,122.105,-0.902372E-02
2.94617,122.130,0.147114
2.94678,122.156,-0.428986E-01
2.94739,122.181,-0.993285E-02
2.94800,122.206,0.576857E-01
2.94861,122.232,0.716836E-01
2.94922,122.257,-0.634132E-01
2.94983,122.282,0.491118E-01
2.95044,122.308,-0.102359
2.95105,122.333,0.240785
2.95166,122.358,-0.122715
2.95227,122.384,-0.838222E-02
2.95288,122.409,-0.392187E-01
2.95349,122.434,-0.127991
2.95410,122.459,-0.144485E-01
2.95471,122.485,0.229206
2.95532,122.510,0.199328
2.95593,122.535,-0.285549
2.95654,122.561,0.720267E-01
2.95715,122.586,-0.148073
2.95776,122.611,-0.113674
2.95837,122.637,-0.448032E-03
2.95898,122.662,-0.112398
2.95959,122.687,-0.191626
2.96021,122.712,0.376106E-01
2.96082,122.738,-0.299915E-01
2.96143,122.763,-0.287918
2.96204,122.788,-0.238333
2.96265,122.814,-0.186306E-01
2.96326,122.839,-0.749788
2.96387,122.864,0.824019E-01
2.96448,122.890,0.194375
2.96509,122.915,-0.169383
2.96570,122.940,0.259727E-01
2.96631,122.965,-0.155770
2.96692,122.991,-0.562528E-01
2.96753,123.016,0.236271E-01
2.96814,123.041,0.543627E-01
2.96875,123.067,-0.550073E-02
2.96936,123.092,0.783960E-01
2.96997,123.117,-0.109575
2.97058,123.143,-0.184855E-01
2.97119,123.168,-0.149622E-01
2.97180,123.193,0.153875E-01
2.97241,123.218,-0.175921E-02
2.97302,123.244,-0.150311
2.97363,123.269,-0.349785
2.97424,123.294,-0.174806E-01
2.97485,123.320,0.116897
2.97546,123.345,0.266956
2.97607,123.370,0.805970E-01
2.97668,123.396,-0.132832
2.97729,123.421,-0.517416E-01
2.97791,123.446,0.138533E-01
2.97852,123.471,-0.126550
2.97913,123.497,0.987951E-01
2.97974,123.522,-0.408036E-01
2.98035,123.547,0.118762
2.98096,123.573,-0.405960E-01
2.98157,123.598,-0.356455E-01
2.98218,123.623,0.529009E-02
2.98279,123.649,0.897305E-01
2.98340,123.674,0.137032
2.98401,123.699,-0.429344E-01
2.98462,123.724,-0.251505
2.98523,123.750,-0.211071E-02
2.98584,123.775,0.106249E-01
2.98645,123.800,-0.167411
2.98706,123.826,-0.964446E-01
2.98767,123.851,-0.687711E-01
2.98828,123.876,0.432603
2.98889,123.902,-0.209490E-01
2.98950,123.927,0.267759
2.99011,123.952,0.212537E-01
2.99072,123.978,0.502403E-01
2.99133,124.003,0.970682E-01
2.99194,124.028,0.538868E-01
2.99255,124.053,-0.204243
2.99316,124.079,0.730471E-01
2.99377,124.104,-0.530974E-01
2.99438,124.129,-0.877131E-01
2.99500,124.155,-0.369590
2.99561,124.180,0.149776
2.99622,124.205,0.199232
2.99683,124.231,-0.116597
2.99744,124.256,-0.417652E-01
2.99805,124.281,-0.106475
2.99866,124.306,0.753577E-01
2.99927,124.332,-0.258699E-02
2.99988,124.357,-0.143495
3.00049,124.382,0.963657E-02
3.00110,124.408,-0.419582E-01
3.00171,124.433,0.484926
3.00232,124.458,0.126284E-01
3.00293,124.484,0.658433E-01
3.00354,124.509,-0.277774E-02
3.00415,124.534,-0.544559E-01
3.00476,124.559,-0.725845E-01
3.00537,124.585,0.104046
3.00598,124.610,-0.610320E-01
3.00659,124.635,0.149706
3.00720,124.661,0.238461
3.00781,124.686,-0.732792E-01
3.00842,124.711,-0.684850E-01
3.00903,124.737,0.311055E-01
3.00964,124.762,-0.131669
3.01025,124.787,0.264322
3.01086,124.812,-0.524335E-01
3.01147,124.838,0.172542
3.01208,124.863,-0.108378
3.01270,124.888,-0.130935
3.01331,124.914,0.276280E-01
3.01392,124.939,0.957252E-02
3.01453,124.964,-0.162845
3.01514,124.990,0.558060E-02
3.01575,125.015,0.494790E-02
3.01636,125.040,-0.216000
3.01697,125.065,-0.138097E-01
3.01758,125.091,-0.356923
3.01819,125.116,-0.230086
3.01880,125.141,0.285565
3.01941,125.167,-0.306411E-02
3.02002,125.192,-0.555820E-01
3.02063,125.217,-0.424388E-01
3.02124,125.243,-0.308399
3.02185,125.268,0.850506E-01
3.02246,125.293,-0.967131E-01
3.02307,125.318,-0.372194E-01
3.02368,125.344,-0.244952E-01
3.02429,125.369,-0.144239
3.02490,125.394,0.520265E-01
3.02551,125.420,0.238461
3.02612,125.445,-0.299169E-01
3.02673,125.470,0.350939
3.02734,125.496,0.175780
3.02795,125.521,0.333000
3.02856,125.546,-0.568680E-01
3.02917,125.571,-0.701921
3.02979,125.597,0.486771E-01
3.03040,125.622,-0.101309
3.03101,125.647,0.555571
3.03162,125.673,-0.181499
3.03223,125.698,-0.388478E-01
3.03284,125.723,-0.170580
3.03345,125.749,-0.370170
3.03406,125.774,0.111651
3.03467,125.799,-0.217514
3.03528,125.825,-0.382061
3.03589,125.850,0.805296E-01
3.03650,125.875,-0.238229E-01
3.03711,125.900,0.717109E-01
3.03772,125.926,-0.558173E-02
3.03833,125.951,-0.141576E-01
3.03894,125.976,-0.687397E-01
3.03955,126.002,-0.191819
3.04016,126.027,0.202600
3.04077,126.052,-0.831920E-01
3.04138,126.078,0.218036
3.04199,126.103,-0.266033
3.04260,126.128,0.219362
3.04321,126.153,-0.626821E-01
3.04382,126.179,-0.209422
3.04443,126.204,0.698061E-01
3.04504,126.229,0.992453E-01
3.04565,126.255,-0.601669E-01
3.04626,126.280,0.103960
3.04688,126.305,0.449550E-01
3.04749,126.331,0.228804
3.04810,126.356,0.315765E-01
3.04871,126.381,-0.216314
3.04932,126.406,-0.199514E-01
3.04993,126.432,0.291313E-01
3.05054,126.457,0.157969
3.05115,126.482,-0.210449
3.05176,126.508,-0.129219
3.05237,126.533,0.192316
3.05298,126.558,0.864800E-01
3.05359,126.584,0.285122E-01
3.05420,126.609,-0.117539E-01
3.05481,126.634,-0.270425E-01
3.05542,126.659,-0.113856E-01
3.05603,126.685,-0.157787
3.05664,126.710,-0.305929E-01
3.05725,126.735,-0.885516E-02
3.05786,126.761,0.608222E-01
3.05847,126.786,0.372191E-01
3.05908,126.811,0.164487
3.05969,126.837,0.338414E-01
3.06030,126.862,-0.780525E-01
3.06091,126.887,0.176531
3.06152,126.912,-0.424771E-01
3.06213,126.938,0.115907E-01
3.06274,126.963,-0.242185
3.06335,126.988,-0.554934E-01
3.06396,127.014,0.343644E-01
3.06458,127.039,-0.102451
3.06519,127.064,-0.975378E-01
3.06580,127.090,0.297224
3.06641,127.115,-0.851507E-01
3.06702,127.140,-0.289652E-02
3.06763,127.165,-0.110455
3.06824,127.191,0.184694
3.06885,127.216,0.440125E-01
3.06946,127.241,0.744148E-01
3.07007,127.267,-0.298657E-02
3.07068,127.292,-0.390905E-01
3.07129,127.317,0.377358
3.07190,127.343,0.865169E-01
3.07251,127.368,-0.830544E-01
3.07312,127.393,-0.230243
3.07373,127.419,0.621654E-01
3.07434,127.444,0.944081E-01
3.07495,127.469,-0.122451E-01
3.07556,127.494,-0.504101E-01
3.07617,127.520,0.234427E-01
3.07678,127.545,0.155064E-01
3.07739,127.570,0.985152E-01
3.07800,127.596,0.188790
3.07861,127.621,-0.263392
3.07922,127.646,-0.191956
3.07983,127.672,0.677610E-01
3.08044,127.697,0.657497E-01
3.08105,127.722,-0.565690E-01
3.08167,127.747,-0.258638
3.08228,127.773,0.171299
3.08289,127.798,-0.272036E-02
3.08350,127.823,0.143429
3.08411,127.849,-0.263226E-01
3.08472,127.874,0.123695
3.08533,127.899,0.189770E-01
3.08594,127.925,-0.194742E-01
3.08655,127.950,-0.746008E-01
3.08716,127.975,-0.304183E-02
3.08777,128.000,-0.243080
3.08838,128.026,-0.519015E-02
3.08899,128.051,-0.829426E-01
3.08960,128.076,0.181134
3.09021,128.102,0.407471E-01
3.09082,128.127,0.117981E-02
3.09143,128.152,0.316704E-02
3.09204,128.178,-0.592105
3.09265,128.203,0.152566
3.09326,128.228,0.103080E-01
3.09387,128.253,0.442621E-01
3.09448,128.279,-0.157431
3.09509,128.304,0.259963
3.09570,128.329,0.120204E-01
3.09631,128.355,-0.180811E-01
3.09692,128.380,-0.385802E-01
3.09753,128.405,-0.124271
3.09814,128.431,-0.860490E-01
3.09875,128.456,-0.104691
3.09937,128.481,0.166972
3.09998,128.506,-0.466683E-01
3.10059,128.532,0.938822E-02
3.10120,128.557,-0.136862
3.10181,128.582,-0.385208E-01
3.10242,128.608,0.110898
3.10303,128.633,0.688497E-01
3.10364,128.658,0.107088
3.10425,128.684,0.484302
3.10486,128.709,-0.370817E-01
3.10547,128.734,-0.637639E-01
3.10608,128.759,-0.893761E-01
3.10669,128.785,-0.314364
3.10730,128.810,-0.153165
3.10791,128.835,-0.837146E-01
3.10852,128.861,-0.632723E-01
3.10913,128.886,-0.533930E-01
3.10974,128.911,-0.235101E-01
3.11035,128.937,-0.315766
3.11096,128.962,-0.592085
3.11157,128.987,-0.958651E-01
3.11218,129.013,0.510086E-01
3.11279,129.038,-0.267363
3.11340,129.063,0.151957
3.11401,129.088,0.743380E-01
3.11462,129.114,-0.180891E-01
3.11523,129.139,0.323583
3.11584,129.164,-0.104122
3.11646,129.190,0.195361
3.11707,129.215,-0.948700E-01
3.11768,129.240,-0.196271
3.11829,129.266,0.130795
3.11890,129.291,-0.116100
3.11951,129.316,-0.268051
3.12012,129.341,0.122614E-01
3.12073,129.367,-0.311217
3.12134,129.392,0.112939
3.12195,129.417,0.248043
3.12256,129.443,-0.223552
3.12317,129.468,-0.341276E-01
3.12378,129.493,0.941729E-01
3.12439,129.519,-0.153707E-01
3.12500,129.544,-0.911728E-01
3.12561,129.569,-0.111796
3.12622,129.594,-0.149891
3.12683,129.620,0.124778
3.12744,129.645,-0.734197E-01
3.12805,129.670,0.510923
3.12866,129.696,0.116738
3.12927,129.721,0.554426E-02
3.12988,129.746,0.382454E-02
3.13049,129.772,-0.318228E-01
3.13110,129.797,-0.162196
3.13171,129.822,0.255505
3.13232,129.847,0.373124
3.13293,129.873,-0.107318
3.13354,129.898,-0.996078E-02
3.13416,129.923,0.575919E-01
3.13477,129.949,-0.208358E-01
3.13538,129.974,-0.524547
3.13599,129.999,0.206662E-01
3.13660,130.025,0.107998
3.13721,130.050,0.193139
3.13782,130.075,0.688754E-02
3.13843,130.100,-0.317512E-01
3.13904,130.126,-0.106524
3.13965,130.151,-0.223986
3.14026,130.176,-0.495496E-01
3.14087,130.202,0.125113
3.14148,130.227,-0.106882
3.14209,130.252,-0.289037
3.14270,130.278,-0.210850E-01
3.14331,130.303,0.220855
3.14392,130.328,-0.581325E-01
3.14453,130.353,-0.157462E-01
3.14514,130.379,0.244974
3.14575,130.404,0.130096
3.14636,130.429,-0.163862
3.14697,130.455,0.170643E-01
3.14758,130.480,-0.113805
3.14819,130.505,0.310243E-01
3.14880,130.531,-0.728654E-01
3.14941,130.556,-0.540410E-02
3.15002,130.581,0.456309E-01
3.15063,130.607,-0.378368E-01
3.15125,130.632,0.103155
3.15186,130.657,-0.152871
3.15247,130.682,0.503166E-01
3.15308,130.708,-0.467404E-01
3.15369,130.733,-0.167939E-01
3.15430,130.758,-0.885072E-01
3.15491,130.784,0.392279
3.15552,130.809,0.784760E-02
3.15613,130.834,0.930211E-01
3.15674,130.860,0.798561E-01
3.15735,130.885,0.147982
3.15796,130.910,-0.236241
3.15857,130.935,-0.420459
3.15918,130.961,0.269389E-01
3.15979,130.986,-0.391371E-02
3.16040,131.011,-0.485783E-01
3.16101,131.037,0.426470E-01
3.16162,131.062,0.115099
3.16223,131.087,0.152279
3.16284,131.113,0.104976E-01
3.16345,131.138,0.564529
3.16406,131.163,0.132582
3.16467,131.188,-0.752096E-02
3.16528,131.214,-0.803395E-01
3.16589,131.239,-0.125328E-01
3.16650,131.264,0.759256E-01
3.16711,131.290,0.276956E-01
3.16772,131.315,-0.460507E-01
3.16833,131.340,0.784044E-02
3.16895,131.366,-0.427015E-01
3.16956,131.391,-0.444576E-01
3.17017,131.416,-0.425407E-01
3.17078,131.441,-0.917431E-01
3.17139,131.467,-0.125570
3.17200,131.492,0.718162E-01
3.17261,131.517,0.708284
3.17322,131.543,-0.236069E-01
3.17383,131.568,0.324195E-01
3.17444,131.593,-0.946607E-02
3.17505,131.619,0.210522E-01
3.17566,131.644,-0.256144
3.17627,131.669,-0.106452
3.17688,131.694,-0.136690
3.17749,131.720,0.404841E-02
3.17810,131.745,0.190468
3.17871,131.770,0.319560
3.17932,131.796,-0.893046E-02
3.17993,131.821,-0.100045
3.18054,131.846,0.197996E-01
3.18115,131.872,0.131129
3.18176,131.897,0.753213E-01
3.18237,131.922,-0.267988E-01
3.18298,131.947,-0.565346E-01
3.18359,131.973,-0.381295
3.18420,131.998,0.123525
3.18481,132.023,-0.929181E-02
3.18542,132.049,0.463707E-01
3.18604,132.074,-0.108130
3.18665,132.099,0.200232
3.18726,132.125,-0.400595
3.18787,132.150,-0.185891
3.18848,132.175,0.133803
3.18909,132.200,-0.145061
3.18970,132.226,-0.503432E-01
3.19031,132.251,0.239596
3.19092,132.276,0.132962
3.19153,132.302,0.253873E-01
3.19214,132.327,-0.186691
3.19275,132.352,-0.427388E-01
3.19336,132.378,0.427217
3.19397,132.403,-0.239487
3.19458,132.428,0.152203
3.19519,132.454,-0.192924E-01
3.19580,132.479,0.129365E-03
3.19641,132.504,0.156919
3.19702,132.529,-0.966761E-01
3.19763,132.555,-0.364816
3.19824,132.580,-0.680552E-01
3.19885,132.605,-0.154744
3.19946,132.631,0.771386E-01
3.20007,132.656,-0.136092
3.20068,132.681,-0.205398E-01
3.20129,132.707,-0.226961
3.20190,132.732,0.394934E-01
3.20251,132.757,0.316277
3.20312,132.782,0.441135
3.20374,132.808,-0.440152E-01
3.20435,132.833,0.290444E-01
3.20496,132.858,0.959376E-01
3.20557,132.884,0.136971E-01
3.20618,132.909,0.327949
3.20679,132.934,-0.143350E-01
3.20740,132.960,-0.958617E-01
3.20801,132.985,0.568488E-01
3.20862,133.010,-0.186345E-01
3.20923,133.035,-0.482569E-01
3.20984,133.061,-0.107193
3.21045,133.086,-0.185241
3.21106,133.111,-0.837365E-01
3.21167,133.137,0.558913E-01
3.21228,133.162,0.338374E-01
3.21289,133.187,0.256372E-03
3.21350,133.213,-0.327946E-01
3.21411,133.238,0.486131
3.21472,133.263,0.146942
3.21533,133.288,0.581817E-01
3.21594,133.314,0.236947E-01
3.21655,133.339,-0.281017
3.21716,133.364,0.609938E-01
3.21777,133.390,-0.561914E-01
3.21838,133.415,-0.132073
3.21899,133.440,-0.376278E-02
3.21960,133.466,0.188379
3.22021,133.491,-0.325363E-01
3.22083,133.516,-0.153859
3.22144,133.541,0.606592E-02
3.22205,133.567,-0.577882E-01
3.22266,133.592,-0.287818E-02
3.22327,133.617,-0.407336
3.22388,133.643,-0.113016
3.22449,133.668,-0.293240
3.22510,133.693,-0.159179
3.22571,133.719,0.107234
3.22632,133.744,-0.258679E-01
3.22693,133.769,0.320858E-01
3.22754,133.794,0.620102E-01
3.22815,133.820,-0.134417
3.22876,133.845,-0.231146E-01
3.22937,133.870,-0.166909
3.22998,133.896,-0.350220
3.23059,133.921,0.613217E-01
3.23120,133.946,-0.463771E-01
3.23181,133.972,-0.575414E-01
3.23242,133.997,-0.230898E-01
3.23303,134.022,-0.163904E-01
3.23364,134.048,-0.902931E-02
3.23425,134.073,0.119482
3.23486,134.098,-0.378847E-01
3.23547,134.123,-0.315877
3.23608,134.149,-0.131680
3.23669,134.174,-0.481859E-01
3.23730,134.199,-0.135205
3.23792,134.225,-0.796414E-01
3.23853,134.250,-0.944795E-02
3.23914,134.275,0.372367E-01
3.23975,134.301,0.438289
3.24036,134.326,-0.542765
3.24097,134.351,-0.271367
3.24158,134.376,-0.280277
3.24219,134.402,0.273802E-01
3.24280,134.427,0.120701
3.24341,134.452,-0.564722E-01
3.24402,134.478,-0.137702
3.24463,134.503,-0.268682E-01
3.24524,134.528,0.780245
3.24585,134.554,0.527058E-01
3.24646,134.579,-0.756891E-02
3.24707,134.604,-0.131855
3.24768,134.629,0.400874
3.24829,134.655,-0.219189
3.24890,134.680,-0.930404E-01
3.24951,134.705,-0.255038
3.25012,134.731,-0.293280E-01
3.25073,134.756,-0.102017
3.25134,134.781,-0.950067E-03
3.25195,134.807,-0.422341
3.25256,134.832,0.347591
3.25317,134.857,-0.504465
3.25378,134.882,0.730469E-01
3.25439,134.908,-0.195690
3.25500,134.933,0.249052
3.25562,134.958,-0.911399E-01
3.25623,134.984,0.228389
3.25684,135.009,0.163642E-01
3.25745,135.034,-0.329911E-01
3.25806,135.060,0.292255E-03
3.25867,135.085,0.113284
3.25928,135.110,-0.108138
3.25989,135.135,0.116153
3.26050,135.161,-0.232469
3.26111,135.186,-0.463188E-01
3.26172,135.211,-0.282406
3.26233,135.237,-0.216601
3.26294,135.262,0.534376
3.26355,135.287,0.468556
3.26416,135.313,0.384733
3.26477,135.338,-0.108118
3.26538,135.363,-0.151050
3.26599,135.388,0.103098
3.26660,135.414,0.226868
3.26721,135.439,-0.104898
3.26782,135.464,-0.180299E-02
3.26843,135.490,-0.864319E-01
3.26904,135.515,-0.159157
3.26965,135.540,-0.225501
3.27026,135.566,-0.143224
3.27087,135.591,0.285747
3.27148,135.616,0.112083
3.27209,135.642,0.193782
3.27271,135.667,-0.130692
3.27332,135.692,-0.729595E-01
3.27393,135.717,-0.422477E-02
3.27454,135.743,0.141049
3.27515,135.768,-0.216533
3.27576,135.793,-0.151600
3.27637,135.819,-0.242783
3.27698,135.844,0.632266E-01
3.27759,135.869,0.419425E-01
3.27820,135.895,-0.159287
3.27881,135.920,0.433069
3.27942,135.945,-0.120608
3.28003,135.970,0.197289E-02
3.28064,135.996,0.183945
3.28125,136.021,-0.295051E-02
3.28186,136.046,0.408418
3.28247,136.072,0.160567
3.28308,136.097,0.701841E-01
3.28369,136.122,0.242226
3.28430,136.148,-0.149439
3.28491,136.173,-0.129532
3.28552,136.198,-0.688525E-01
3.28613,136.223,0.606640E-01
3.28674,136.249,-0.151583
3.28735,136.274,0.323329E-01
3.28796,136.299,-0.983906E-01
3.28857,136.325,0.428495E-01
3.28918,136.350,-0.391203
3.28979,136.375,-0.375445E-01
3.29041,136.401,-0.551149E-02
3.29102,136.426,-0.693819E-01
3.29163,136.451,-0.527827E-01
3.29224,136.476,0.601821E-01
3.29285,136.502,-0.177528
3.29346,136.527,-0.630984E-01
3.29407,136.552,-0.131741
3.29468,136.578,-0.293940
3.29529,136.603,-0.191489
3.29590,136.628,-0.262155E-01
3.29651,136.654,0.147859
3.29712,136.679,-0.814266E-01
3.29773,136.704,0.373243E-01
3.29834,136.729,0.636148E-02
3.29895,136.755,-0.377971E-02
3.29956,136.780,0.248561
3.30017,136.805,-0.386874E-01
3.30078,136.831,-0.476977E-01
3.30139,136.856,0.398238
3.30200,136.881,0.265753
3.30261,136.907,0.272695
3.30322,136.932,0.126133
3.30383,136.957,0.798961E-01
3.30444,136.982,-0.603717E-01
3.30505,137.008,0.604426E-01
3.30566,137.033,0.738238E-01
3.30627,137.058,0.145828E-01
3.30688,137.084,-0.203950
3.30750,137.109,0.276125E-01
3.30811,137.134,0.314254E-02
3.30872,137.160,0.320114
3.30933,137.185,-0.400961
3.30994,137.210,-0.138020E-01
3.31055,137.236,0.234256
3.31116,137.261,0.385357E-01
3.31177,137.286,-0.318337
3.31238,137.311,0.268650E-01
3.31299,137.337,0.168468
3.31360,137.362,-0.160345
3.31421,137.387,-0.753373E-01
3.31482,137.413,0.149072
3.31543,137.438,0.200100
3.31604,137.463,0.713700E-01
3.31665,137.489,0.756018E-03
3.31726,137.514,-0.546369E-01
3.31787,137.539,-0.171781
3.31848,137.564,0.342294E-01
3.31909,137.590,-0.254253
3.31970,137.615,0.304482E-01
3.32031,137.640,0.203850E-01
3.32092,137.666,0.327193E-01
3.32153,137.691,-1.14370
3.32214,137.716,0.666991E-01
3.32275,137.742,0.144482
3.32336,137.767,0.180787
3.32397,137.792,0.202494
3.32458,137.817,0.245501E-02
3.32520,137.843,-0.181612
3.32581,137.868,0.364654
3.32642,137.893,0.842145E-01
3.32703,137.919,0.160228
3.32764,137.944,-0.966409E-01
3.32825,137.969,0.113603
3.32886,137.995,-0.126496
3.32947,138.020,0.408391E-02
3.33008,138.045,-0.829541E-01
3.33069,138.070,0.352301
3.33130,138.096,0.289561E-01
3.33191,138.121,-0.111649E-01
3.33252,138.146,0.549671E-01
3.33313,138.172,-0.508181E-03
3.33374,138.197,0.880326E-01
3.33435,138.222,0.736416E-01
3.33496,138.248,-0.213412
3.33557,138.273,0.456908E-01
3.33618,138.298,0.652025E-01
3.33679,138.323,0.158506
3.33740,138.349,0.325289E-01
3.33801,138.374,-0.352846E-02
3.33862,138.399,0.289842E-01
3.33923,138.425,0.630095E-02
3.33984,138.450,0.508271E-01
3.34045,138.475,0.298605E-02
3.34106,138.501,0.406499E-01
3.34167,138.526,0.444997E-01
3.34229,138.551,0.645283E-01
3.34290,138.576,-0.736354E-01
3.34351,138.602,0.324364E-02
3.34412,138.627,-0.186401
3.34473,138.652,-0.218424
3.34534,138.678,0.163974
3.34595,138.703,-0.677482E-01
3.34656,138.728,-0.119036
3.34717,138.754,-0.365984
3.34778,138.779,0.348786E-01
3.34839,138.804,-0.275697
3.34900,138.829,-0.887884E-01
3.34961,138.855,0.118594
3.35022,138.880,0.222320E-01
3.35083,138.905,-0.816515E-01
3.35144,138.931,-0.339560
3.35205,138.956,0.661549E-01
3.35266,138.981,-0.169149E-02
3.35327,139.007,0.222931
3.35388,139.032,0.208521E-02
3.35449,139.057,-0.210758E-01
3.35510,139.083,0.139471
3.35571,139.108,-0.146894
3.35632,139.133,-0.159503E-01
3.35693,139.158,0.157737
3.35754,139.184,0.218131
3.35815,139.209,-0.104879E-01
3.35876,139.234,-0.142722
3.35938,139.260,0.264667
3.35999,139.285,0.711771E-01
3.36060,139.310,0.714477E-01
3.36121,139.336,-0.965703E-01
3.36182,139.361,-0.339732
3.36243,139.386,0.386088
3.36304,139.411,-0.132185
3.36365,139.437,-0.860020E-01
3.36426,139.462,0.911904E-01
3.36487,139.487,0.523969E-02
3.36548,139.513,0.148626
3.36609,139.538,-0.158310
3.36670,139.563,0.458950E-01
3.36731,139.589,0.261628
3.36792,139.614,0.185994
3.36853,139.639,-0.717684E-01
3.36914,139.664,-0.626517E-01
3.36975,139.690,0.224536
3.37036,139.715,-0.388335
3.37097,139.740,-0.363337
3.37158,139.766,0.147883
3.37219,139.791,0.325920E-01
3.37280,139.816,-0.935448E-01
3.37341,139.842,0.255007
3.37402,139.867,0.366632E-01
3.37463,139.892,0.352866
3.37524,139.917,-0.298420
3.37585,139.943,-0.925732E-01
3.37646,139.968,-0.185837
3.37708,139.993,0.124377
3.37769,140.019,0.420187
3.37830,140.044,0.411813
3.37891,140.069,0.316614
3.37952,140.095,0.543259
3.38013,140.120,0.115591E-01
3.38074,140.145,-0.372451
3.38135,140.170,0.400650E-01
3.38196,140.196,-0.453715
3.38257,140.221,0.170288
3.38318,140.246,0.159194
3.38379,140.272,0.617436E-01
3.38440,140.297,0.352749E-01
3.38501,140.322,-0.653694E-01
3.38562,140.348,-0.345805
3.38623,140.373,0.223717E-01
3.38684,140.398,-0.529737E-01
3.38745,140.423,0.195146
3.38806,140.449,-0.922563E-01
3.38867,140.474,-0.243281E-01
3.38928,140.499,0.653028E-01
3.38989,140.525,0.565028E-01
3.39050,140.550,0.138177
3.39111,140.575,-0.552791E-01
3.39172,140.601,-0.211652
3.39233,140.626,-0.312348
3.39294,140.651,-0.567734E-01
3.39355,140.677,-0.158811E-01
3.39417,140.702,0.332384E-02
3.39478,140.727,-0.200177E-01
3.39539,140.752,0.160735
3.39600,140.778,0.804254E-02
3.39661,140.803,-0.312438
3.39722,140.828,0.338827E-01
3.39783,140.854,0.436883E-01
3.39844,140.879,-0.837907E-02
3.39905,140.904,0.414437E-01
3.39966,140.930,-0.127767
3.40027,140.955,-0.142291
3.40088,140.980,-0.101581
3.40149,141.005,0.235503E-01
3.40210,141.031,0.388304E-01
3.40271,141.056,-0.370567E-02
3.40332,141.081,-0.116379
3.40393,141.107,-0.433116E-01
3.40454,141.132,-0.134261
3.40515,141.157,-0.401715E-01
3.40576,141.183,0.554203E-01
3.40637,141.208,0.127656
3.40698,141.233,-0.427223
3.40759,141.258,0.932759E-01
3.40820,141.284,-0.274748
3.40881,141.309,0.569900E-01
3.40942,141.334,0.334466E-01
3.41003,141.360,0.120906
3.41064,141.385,-0.815475E-01
3.41125,141.410,0.109954
3.41187,141.436,-0.362450
3.41248,141.461,0.894493E-02
3.41309,141.486,-0.681622E-01
3.41370,141.511,0.856564E-01
3.41431,141.537,0.581707E-01
3.41492,141.562,0.138192
3.41553,141.587,0.192010
3.41614,141.613,-0.790927E-01
3.41675,141.638,-0.531935E-01
3.41736,141.663,-0.207662E-01
3.41797,141.689,-0.155365
3.41858,141.714,0.229926
3.41919,141.739,0.413450
3.41980,141.764,0.634399E-01
3.42041,141.790,-0.159494E-02
3.42102,141.815,-0.983290E-01
3.42163,141.840,0.241933E-02
3.42224,141.866,-0.103529
3.42285,141.891,-0.361183E-01
3.42346,141.916,-0.148355
3.42407,141.942,0.127794
3.42468,141.967,0.334136
3.42529,141.992,-0.135448E-01
3.42590,142.017,-0.828922E-01
3.42651,142.043,0.559147E-01
3.42712,142.068,-0.281663
3.42773,142.093,0.139400
3.42834,142.119,-0.266459E-01
3.42896,142.144,-0.257415
3.42957,142.169,0.108577
3.43018,142.195,-0.153665
3.43079,142.220,0.292511
3.43140,142.245,-0.149568
3.43201,142.271,-0.169535E-01
3.43262,142.296,-0.146894
3.43323,142.321,-0.502801E-01
3.43384,142.346,0.139970
3.43445,142.372,0.189121E-01
3.43506,142.397,0.950436E-01
3.43567,142.422,-0.615318E-01
3.43628,142.448,0.421131E-01
3.43689,142.473,0.394293
3.43750,142.498,-0.193651E-01
3.43811,142.524,0.143325
3.43872,142.549,0.209569
3.43933,142.574,0.162631
3.43994,142.599,0.440818
3.44055,142.625,0.220207E-01
3.44116,142.650,0.229437
3.44177,142.675,-0.368441
3.44238,142.701,-0.118289E-01
3.44299,142.726,0.376997E-01
3.44360,142.751,0.796362E-02
3.44421,142.777,0.888876E-01
3.44482,142.802,0.598911
3.44543,142.827,0.869633E-01
3.44604,142.852,0.514868E-01
3.44666,142.878,0.487627E-01
3.44727,142.903,0.678326E-01
3.44788,142.928,-0.874123E-01
3.44849,142.954,-0.264028
3.44910,142.979,0.233716
3.44971,143.004,0.209693E-01
3.45032,143.030,-0.787422E-01
3.45093,143.055,0.184601
3.45154,143.080,0.801852E-01
3.45215,143.105,0.137355
3.45276,143.131,0.221490
3.45337,143.156,-0.251967
3.45398,143.181,0.415156E-01
3.45459,143.207,-0.477690E-01
3.45520,143.232,-0.182270
3.45581,143.257,-0.100702E-01
3.45642,143.283,-0.369841
3.45703,143.308,-0.116606
3.45764,143.333,0.140202
3.45825,143.358,0.301299
3.45886,143.384,-0.121047
3.45947,143.409,0.195505
3.46008,143.434,0.115223
3.46069,143.460,0.188103
3.46130,143.485,0.162293E-01
3.46191,143.510,-0.184764
3.46252,143.536,0.174111
3.46313,143.561,-0.686887E-01
3.46375,143.586,0.869653E-02
3.46436,143.611,-0.712451E-01
3.46497,143.637,-1.23076
3.46558,143.662,-0.422596E-01
3.46619,143.687,0.304848E-01
3.46680,143.713,0.219568E-01
3.46741,143.738,0.367213E-01
3.46802,143.763,-0.101529E-02
3.46863,143.789,0.654920E-02
3.46924,143.814,0.456451E-01
3.46985,143.839,0.360812E-01
3.47046,143.865,-0.141453
3.47107,143.890,-0.128011E-01
3.47168,143.915,0.116902
3.47229,143.940,-0.275506E-01
3.47290,143.966,-0.128652
3.47351,143.991,0.556289E-01
3.47412,144.016,0.133870
3.47473,144.042,-0.233722
3.47534,144.067,-0.368168E-02
3.47595,144.092,-0.140786
3.47656,144.118,-0.128508
3.47717,144.143,0.272588E-01
3.47778,144.168,-0.865640E-01
3.47839,144.193,0.700702E-02
3.47900,144.219,-0.230825E-01
3.47961,144.244,0.132190
3.48022,144.269,0.106371E-01
3.48083,144.295,0.177566
3.48145,144.320,-0.418548E-01
3.48206,144.345,0.651287E-01
3.48267,144.371,0.584927E-01
3.48328,144.396,0.203406E-01
3.48389,144.421,0.273865E-01
3.48450,144.446,0.241188
3.48511,144.472,0.354855
3.48572,144.497,-0.243863E-01
3.48633,144.522,0.255065E-01
3.48694,144.548,0.162986
3.48755,144.573,0.105814
3.48816,144.598,-0.666558E-01
3.48877,144.624,0.918971E-02
3.48938,144.649,0.465366E-01
3.48999,144.674,0.514284E-02
3.49060,144.699,-0.295363E-01
3.49121,144.725,-0.247177E-01
3.49182,144.750,-0.445096E-01
3.49243,144.775,-0.146297
3.49304,144.801,0.492912
3.49365,144.826,0.292878E-01
3.49426,144.851,-0.287050
3.49487,144.877,-0.233892
3.49548,144.902,0.136210
3.49609,144.927,-0.244157E-01
3.49670,144.952,-0.389031
3.49731,144.978,0.282693
3.49792,145.003,-0.425232E-01
3.49854,145.028,0.177486
3.49915,145.054,0.255843
3.49976,145.079,-0.152776
3.50037,145.104,-0.227315
3.50098,145.130,0.164883
3.50159,145.155,0.100999
3.50220,145.180,-0.648142
3.50281,145.205,0.396635
3.50342,145.231,0.136645
3.50403,145.256,0.195946
3.50464,145.281,0.746581E-01
3.50525,145.307,0.562971
3.50586,145.332,0.428142E-01
3.50647,145.357,0.944627E-01
3.50708,145.383,-0.846920E-01
3.50769,145.408,0.269451
3.50830,145.433,0.496025E-01
3.50891,145.459,-0.105886
3.50952,145.484,0.136255
3.51013,145.509,-0.333547
3.51074,145.534,-0.335205E-01
3.51135,145.560,0.616336E-01
3.51196,145.585,-0.119422E-01
3.51257,145.610,0.324490E-01
3.51318,145.636,-0.457391E-01
3.51379,145.661,-0.243046
3.51440,145.686,-0.861241E-01
3.51501,145.712,0.214351
3.51562,145.737,0.773249E-01
3.51624,145.762,0.309946
3.51685,145.787,0.335538
3.51746,145.813,-0.271193E-02
3.51807,145.838,-0.347704
3.51868,145.863,-0.633584
3.51929,145.889,-0.113108
3.51990,145.914,-0.468883E-01
3.52051,145.939,0.112523
3.52112,145.965,0.366037E-01
3.52173,145.990,-0.391381
3.52234,146.015,-0.195227
3.52295,146.040,-0.879094E-01
3.52356,146.066,0.377519
3.52417,146.091,-0.223718
3.52478,146.116,-0.363962
3.52539,146.142,0.972953E-01
3.52600,146.167,0.516795E-01
3.52661,146.192,-0.372361E-01
3.52722,146.218,0.831429E-01
3.52783,146.243,-0.466439E-01
3.52844,146.268,0.122204
3.52905,146.293,-0.304034E-01
3.52966,146.319,-0.154476
3.53027,146.344,-0.473018E-01
3.53088,146.369,-0.117007
3.53149,146.395,0.812860E-01
3.53210,146.420,0.482399E-01
3.53271,146.445,0.178136
3.53333,146.471,0.191142
3.53394,146.496,0.143103
3.53455,146.521,0.160960
3.53516,146.546,0.323898
3.53577,146.572,0.855586E-02
3.53638,146.597,-0.377875E-01
3.53699,146.622,0.199400
3.53760,146.648,0.690516E-01
3.53821,146.673,0.123165
3.53882,146.698,0.523749
3.53943,146.724,0.157551E-02
3.54004,146.749,-0.112206
3.54065,146.774,0.291777
3.54126,146.799,-0.241618
3.54187,146.825,-0.530912
3.54248,146.850,-0.276510
3.54309,146.875,0.116558
3.54370,146.901,0.111858E-01
3.54431,146.926,-0.561803E-01
3.54492,146.951,-0.265012E-02
3.54553,146.977,0.157535
3.54614,147.002,0.139445E-01
3.54675,147.027,0.102000
3.54736,147.052,-0.172841
3.54797,147.078,0.191255
3.54858,147.103,0.655318E-02
3.54919,147.128,0.747087E-01
3.54980,147.154,-0.262209E-01
3.55042,147.179,-0.134154
3.55103,147.204,0.161372
3.55164,147.230,-0.677487E-02
3.55225,147.255,-0.119603
3.55286,147.280,-0.700219E-01
3.55347,147.306,-0.177394
3.55408,147.331,-0.219364
3.55469,147.356,-0.296736E-01
3.55530,147.381,-0.158140E-01
3.55591,147.407,0.379537
3.55652,147.432,0.263127
3.55713,147.457,0.150881
3.55774,147.483,-0.122571
3.55835,147.508,-0.100075
3.55896,147.533,-0.512249E-01
3.55957,147.559,0.289181
3.56018,147.584,-0.159771
3.56079,147.609,0.118907
3.56140,147.634,0.266002
3.56201,147.660,0.179730
3.56262,147.685,0.145272
3.56323,147.710,-0.593562E-03
3.56384,147.736,0.227709E-01
3.56445,147.761,-0.367246
3.56506,147.786,0.176266
3.56567,147.812,0.213730E-01
3.56628,147.837,-0.251853E-02
3.56689,147.862,0.143994
3.56750,147.887,-0.188932
3.56812,147.913,0.167127
3.56873,147.938,0.145686
3.56934,147.963,0.339986E-01
3.56995,147.989,-0.551080E-01
3.57056,148.014,0.891630E-02
3.57117,148.039,-0.164352E-01
3.57178,148.065,-0.805734E-01
3.57239,148.090,-0.591971E-01
3.57300,148.115,-0.919653E-01
3.57361,148.140,0.262492E-01
3.57422,148.166,-0.770724E-01
3.57483,148.191,-0.108610
3.57544,148.216,0.708169E-01
3.57605,148.242,0.414487E-01
3.57666,148.267,0.211831E-01
3.57727,148.292,-0.405836
3.57788,148.318,-0.412455
3.57849,148.343,0.331338E-02
3.57910,148.368,0.142905
3.57971,148.393,-0.321323E-01
3.58032,148.419,0.464431E-01
3.58093,148.444,-0.361629
3.58154,148.469,-0.226363
3.58215,148.495,0.760093E-02
3.58276,148.520,0.108085
3.58337,148.545,0.192830E-01
3.58398,148.571,-0.244936
3.58459,148.596,0.253780
3.58521,148.621,-0.328203
3.58582,148.646,-0.546018E-01
3.58643,148.672,0.300927
3.58704,148.697,0.305641E-01
3.58765,148.722,-0.165296E-03
3.58826,148.748,-0.231984
3.58887,148.773,-0.636335E-01
3.58948,148.798,-0.328727
3.59009,148.824,-0.621288E-01
3.59070,148.849,0.711584E-01
3.59131,148.874,0.117750
3.59192,148.900,-0.529143E-01
3.59253,148.925,0.318344E-01
3.59314,148.950,-0.207188
3.59375,148.975,0.136273E-02
3.59436,149.001,0.192528
3.59497,149.026,-0.451446E-01
3.59558,149.051,-0.621490E-01
3.59619,149.077,0.294158
3.59680,149.102,-0.461601
3.59741,149.127,-0.238657
3.59802,149.153,0.653771E-01
3.59863,149.178,-0.166627E-01
3.59924,149.203,-0.884718E-01
3.59985,149.228,-0.101174
3.60046,149.254,0.200486
3.60107,149.279,0.150068
3.60168,149.304,-0.108489
3.60229,149.330,0.260278
3.60291,149.355,0.215653
3.60352,149.380,-0.326100
3.60413,149.406,-0.428541E-01
3.60474,149.431,-0.290673E-01
3.60535,149.456,-0.166904E-01
3.60596,149.481,0.561129E-01
3.60657,149.507,0.247734
3.60718,149.532,-0.293836
3.60779,149.557,-0.103554
3.60840,149.583,0.105318E-01
3.60901,149.608,-0.846626E-01
3.60962,149.633,0.140129
3.61023,149.659,0.296622
3.61084,149.684,0.106997
3.61145,149.709,0.318433E-01
3.61206,149.734,-0.998501E-01
3.61267,149.760,0.235551E-01
3.61328,149.785,-0.221850E-01
3.61389,149.810,0.100898
3.61450,149.836,-0.310569
3.61511,149.861,-0.276219E-01
3.61572,149.886,0.121118E-01
3.61633,149.912,-0.111118E-01
3.61694,149.937,0.124451
3.61755,149.962,0.339227E-01
3.61816,149.987,0.130635
3.61877,150.013,0.222736
3.61938,150.038,0.814693E-01
3.62000,150.063,0.887365E-01
3.62061,150.089,0.446525
3.62122,150.114,0.281370E-01
3.62183,150.139,0.315995
3.62244,150.165,0.437590E-01
3.62305,150.190,0.869073E-01
3.62366,150.215,-0.895941E-01
3.62427,150.240,-0.158838
3.62488,150.266,-0.267507E-01
3.62549,150.291,0.188675
3.62610,150.316,0.127490E-01
3.62671,150.342,0.653746E-01
3.62732,150.367,-0.511688E-01
3.62793,150.392,0.164077
3.62854,150.418,-0.559951E-01
3.62915,150.443,0.298948E-01
3.62976,150.468,0.260617E-01
3.63037,150.494,-0.282335
3.63098,150.519,-0.727536E-01
3.63159,150.544,-0.267691
3.63220,150.569,0.340329E-01
3.63281,150.595,-0.211519
3.63342,150.620,0.117203
3.63403,150.645,0.170811
3.63464,150.671,0.132554
3.63525,150.696,0.115743
3.63586,150.721,-0.713081E-01
3.63647,150.747,0.141971E-01
3.63708,150.772,-0.192049E-01
3.63770,150.797,0.518182E-04
3.63831,150.822,-0.317138E-01
3.63892,150.848,-0.140013
3.63953,150.873,0.192854
3.64014,150.898,0.286988
3.64075,150.924,-0.590389E-01
3.64136,150.949,0.985663E-01
3.64197,150.974,0.456890E-01
3.64258,151.000,-0.193992
3.64319,151.025,-0.174497
3.64380,151.050,-0.322555E-01
3.64441,151.075,-0.467855E-02
3.64502,151.101,-0.851310E-01
3.64563,151.126,-0.289297
3.64624,151.151,0.125043E-01
3.64685,151.177,-0.895117E-01
3.64746,151.202,0.541573E-02
3.64807,151.227,0.979265E-01
3.64868,151.253,0.171948
3.64929,151.278,-0.974506E-01
3.64990,151.303,0.345880
3.65051,151.328,-0.421027E-01
3.65112,151.354,0.168942
3.65173,151.379,0.141494E-01
3.65234,151.404,-0.243334
3.65295,151.430,0.588607E-01
3.65356,151.455,0.289527E-01
3.65417,151.480,0.422357E-01
3.65479,151.506,0.186088E-01
3.65540,151.531,-0.355088E-01
3.65601,151.556,-0.430551E-01
3.65662,151.581,-0.110832
3.65723,151.607,0.888291E-01
3.65784,151.632,-0.603817E-01
3.65845,151.657,0.204700
3.65906,151.683,-0.645104E-02
3.65967,151.708,-0.186983
3.66028,151.733,-0.263479
3.66089,151.759,0.248031
3.66150,151.784,0.165007
3.66211,151.809,-0.905823E-01
3.66272,151.834,0.177700
3.66333,151.860,-0.367191E-01
3.66394,151.885,-0.198991
3.66455,151.910,-0.238626
3.66516,151.936,-0.103714
3.66577,151.961,-0.313767E-01
3.66638,151.986,0.310325E-03
3.66699,152.012,-0.111771
3.66760,152.037,-0.326876E-02
3.66821,152.062,-0.147830
3.66882,152.088,-0.130520
3.66943,152.113,-0.189963E-01
3.67004,152.138,0.382920E-01
3.67065,152.163,-0.527500E-01
3.67126,152.189,0.120777
3.67188,152.214,0.557483E-01
3.67249,152.239,-0.144718
3.67310,152.265,0.180849
3.67371,152.290,-0.172084
3.67432,152.315,-0.267214
3.67493,152.341,-0.431448
3.67554,152.366,-0.875324E-01
3.67615,152.391,-0.246442
3.67676,152.416,-0.158187E-01
3.67737,152.442,0.388503E-01
3.67798,152.467,0.126384E-01
3.67859,152.492,-0.249094E-02
3.67920,152.518,-0.140029
3.67981,152.543,-0.174651
3.68042,152.568,0.186189E-01
3.68103,152.594,-0.165313
3.68164,152.619,-0.121018
3.68225,152.644,-0.571111E-01
3.68286,152.669,0.665877E-01
3.68347,152.695,0.524585
3.68408,152.720,0.289775E-03
3.68469,152.745,-0.130067
3.68530,152.771,0.694450E-01
3.68591,152.796,-0.271665E-01
3.68652,152.821,-0.112201
3.68713,152.847,-0.192111
3.68774,152.872,-0.946059E-01
3.68835,152.897,-0.139552
3.68896,152.922,-0.690376E-01
3.68958,152.948,-0.145242
3.69019,152.973,-0.639418E-01
3.69080,152.998,-0.459325E-01
3.69141,153.024,-0.103723E-01
3.69202,153.049,0.433684E-03
3.69263,153.074,-0.276312E-01
3.69324,153.100,-0.128194
3.69385,153.125,0.580040E-01
3.69446,153.150,0.125239
3.69507,153.175,0.261964
3.69568,153.201,-0.216210
3.69629,153.226,0.202140
3.69690,153.251,-0.218068
3.69751,153.277,-0.134379E-01
3.69812,153.302,-0.180531E-04
3.69873,153.327,-0.395312E-01
3.69934,153.353,0.707714E-01
3.69995,153.378,-0.757188E-01
3.70056,153.403,-0.167295
3.70117,153.428,0.767244E-01
3.70178,153.454,0.406678E-01
3.70239,153.479,0.171517
3.70300,153.504,-0.434292
3.70361,153.530,0.167619
3.70422,153.555,0.330805E-01
3.70483,153.580,0.191756
3.70544,153.606,0.236487
3.70605,153.631,0.913633E-01
3.70667,153.656,-0.118920
3.70728,153.681,-0.202866
3.70789,153.707,-0.175440E-01
3.70850,153.732,-0.350871E-01
3.70911,153.757,0.447290E-01
3.70972,153.783,-0.135802E-01
3.71033,153.808,0.228927
3.71094,153.833,-0.269128E-01
3.71155,153.859,0.972115E-01
3.71216,153.884,0.378038E-01
3.71277,153.909,-0.887052E-01
3.71338,153.935,0.337822
3.71399,153.960,0.676684E-02
3.71460,153.985,0.898169E-01
3.71521,154.010,-0.401685E-01
3.71582,154.036,0.318279
3.71643,154.061,-0.814249E-01
3.71704,154.086,-0.845692E-01
3.71765,154.112,-0.387701
3.71826,154.137,-0.311733
3.71887,154.162,-0.837188E-01
3.71948,154.188,-0.369049
3.72009,154.213,0.130904
3.72070,154.238,-0.177518
3.72131,154.263,-0.102488E-01
3.72192,154.289,-0.112848
3.72253,154.314,0.148772
3.72314,154.339,-0.107154
3.72375,154.365,0.287501
3.72437,154.390,0.165562
3.72498,154.415,-0.353909E-01
3.72559,154.441,0.119431
3.72620,154.466,-0.155295
3.72681,154.491,0.257010
3.72742,154.516,-0.779171E-01
3.72803,154.542,0.131782
3.72864,154.567,0.465572E-01
3.72925,154.592,0.603427E-02
3.72986,154.618,-0.280757E-01
3.73047,154.643,-0.124278
3.73108,154.668,0.793835E-01
3.73169,154.694,0.260858
3.73230,154.719,0.143316
3.73291,154.744,-0.179757
3.73352,154.769,0.334587
3.73413,154.795,0.285621
3.73474,154.820,-0.107348
3.73535,154.845,-0.174233
3.73596,154.871,0.109937
3.73657,154.896,-0.205375
3.73718,154.921,0.255742E-01
3.73779,154.947,-0.483124E-01
3.73840,154.972,-0.352762
3.73901,154.997,-0.563054
3.73962,155.022,0.534202E-01
3.74023,155.048,-0.119258E-01
3.74084,155.073,-0.947656E-02
3.74146,155.098,0.484924E-01
3.74207,155.124,-0.413361
3.74268,155.149,-0.169349E-03
3.74329,155.174,-0.158753
3.74390,155.200,0.927883E-01
3.74451,155.225,-0.349840E-01
3.74512,155.250,0.170708E-01
3.74573,155.275,-0.203954
3.74634,155.301,-0.144903
3.74695,155.326,-0.240024
3.74756,155.351,0.243006E-01
3.74817,155.377,0.382426
3.74878,155.402,-0.130419
3.74939,155.427,0.400236E-01
3.75000,155.453,-0.645711E-02
3.75061,155.478,-0.453220E-01
3.75122,155.503,-0.322069E-02
3.75183,155.529,-0.212577
3.75244,155.554,-0.173532E-01
3.75305,155.579,0.297199E-01
3.75366,155.604,0.861637E-01
3.75427,155.630,-0.139906E-01
3.75488,155.655,0.155169
3.75549,155.680,-0.932187E-01
3.75610,155.706,-0.999784E-02
3.75671,155.731,0.695804E-02
3.75732,155.756,-0.849233E-02
3.75793,155.782,0.109814
3.75854,155.807,-0.605620E-01
3.75916,155.832,0.113903
3.75977,155.857,0.942545E-01
3.76038,155.883,-0.103478
3.76099,155.908,-0.309763
3.76160,155.933,-0.425954E-01
3.76221,155.959,0.361656
3.76282,155.984,0.597938E-01
3.76343,156.009,-0.157078
3.76404,156.035,0.262155
3.76465,156.060,-0.159274
3.76526,156.085,-0.449645
3.76587,156.110,0.360425E-01
3.76648,156.136,-0.421570
3.76709,156.161,-0.126557
3.76770,156.186,0.116691
3.76831,156.212,-0.733797E-01
3.76892,156.237,-0.156642
3.76953,156.262,0.214741
3.77014,156.288,-0.712144E-01
3.77075,156.313,-0.147161
3.77136,156.338,0.142516E-01
3.77197,156.363,0.391540
3.77258,156.389,-0.225260
3.77319,156.414,0.182590
3.77380,156.439,0.442207E-01
3.77441,156.465,-0.629374E-01
3.77502,156.490,0.124082
3.77563,156.515,-0.438293
3.77625,156.541,-0.239041
3.77686,156.566,0.550419E-01
3.77747,156.591,-0.531839E-03
3.77808,156.616,0.461824E-01
3.77869,156.642,-0.490135
3.77930,156.667,0.338077E-01
3.77991,156.692,0.108221E-01
3.78052,156.718,-0.491906E-01
3.78113,156.743,-0.278885
3.78174,156.768,0.233607E-01
3.78235,156.794,0.735073E-03
3.78296,156.819,-0.694225E-01
3.78357,156.844,-0.149246
3.78418,156.869,0.694780E-01
3.78479,156.895,0.504908E-01
3.78540,156.920,0.149165E-01
3.78601,156.945,-0.112099E-02
3.78662,156.971,-0.174948
3.78723,156.996,-0.309089E-01
3.78784,157.021,0.393240
3.78845,157.047,0.347564
3.78906,157.072,-0.161705E-01
3.78967,157.097,-0.568394E-02
3.79028,157.123,0.178463
3.79089,157.148,-0.361187
3.79150,157.173,-0.198282
3.79211,157.198,-0.241240
3.79272,157.224,-0.179463
3.79333,157.249,-0.242715
3.79395,157.274,-0.160070
3.79456,157.300,0.123241
3.79517,157.325,0.216620E-01
3.79578,157.350,-0.126295
3.79639,157.376,-0.230064E-01
3.79700,157.401,0.195199
3.79761,157.426,0.782322E-01
3.79822,157.451,-0.544451
3.79883,157.477,0.364633
3.79944,157.502,0.380835
3.80005,157.527,0.165442
3.80066,157.553,0.809060E-01
3.80127,157.578,-0.229454
3.80188,157.603,0.108134E-01
3.80249,157.629,0.109654
3.80310,157.654,-0.192097E-01
3.80371,157.679,-0.186607
3.80432,157.704,0.946696E-02
3.80493,157.730,0.158215
3.80554,157.755,-0.357709E-01
3.80615,157.780,-0.265496
3.80676,157.806,-0.672239
3.80737,157.831,-0.142447
3.80798,157.856,0.665387E-01
3.80859,157.882,-0.114749E-01
3.80920,157.907,-0.211521
3.80981,157.932,-0.303666
3.81042,157.957,-0.239036
3.81104,157.983,-0.449598E-01
3.81165,158.008,0.732380E-01
3.81226,158.033,0.516253E-01
3.81287,158.059,-0.125474
3.81348,158.084,-0.284321E-01
3.81409,158.109,-0.152926E-02
3.81470,158.135,-0.148424
3.81531,158.160,-0.470949E-01
3.81592,158.185,-0.292761E-01
3.81653,158.210,-0.167479
3.81714,158.236,-0.823674E-01
3.81775,158.261,0.219031E-01
3.81836,158.286,-0.330769E-01
3.81897,158.312,-0.524834
3.81958,158.337,-0.451500E-01
3.82019,158.362,-0.253331
3.82080,158.388,0.108684
3.82141,158.413,0.336689E-01
3.82202,158.438,0.471064E-01
3.82263,158.463,-0.551780E-01
3.82324,158.489,0.404192E-01
3.82385,158.514,0.109877
3.82446,158.539,0.245325E-01
3.82507,158.565,0.425632E-01
3.82568,158.590,-0.984908E-01
3.82629,158.615,-0.110495
3.82690,158.641,0.113582
3.82751,158.666,0.113461
3.82812,158.691,0.858124E-01
3.82874,158.717,0.360177
3.82935,158.742,-0.593650E-01
3.82996,158.767,-0.126928E-01
3.83057,158.792,0.409147
3.83118,158.818,0.238209
3.83179,158.843,-0.753403E-01
3.83240,158.868,0.444297E-01
3.83301,158.894,-0.569869E-03
3.83362,158.919,0.118100E-01
3.83423,158.944,-0.134438
3.83484,158.970,-0.337615
3.83545,158.995,-0.208256
3.83606,159.020,-0.617138E-01
3.83667,159.045,-0.181183
3.83728,159.071,0.817660E-02
3.83789,159.096,0.678773E-01
3.83850,159.121,-0.773533E-01
3.83911,159.147,0.317875E-01
3.83972,159.172,0.103054
3.84033,159.197,-0.150929
3.84094,159.223,-0.560385E-01
3.84155,159.248,-0.269633
3.84216,159.273,0.173817
3.84277,159.298,-0.514516E-01
3.84338,159.324,-0.102806
3.84399,159.349,0.724687E-01
3.84460,159.374,0.408047E-01
3.84521,159.400,0.346822E-01
3.84583,159.425,-0.546511E-01
3.84644,159.450,-0.661207E-01
3.84705,159.476,0.101027
3.84766,159.501,0.150971E-02
3.84827,159.526,-0.641599E-01
3.84888,159.551,0.748484E-01
3.84949,159.577,0.143628
3.85010,159.602,0.362435E-01
3.85071,159.627,0.129836
3.85132,159.653,0.933345E-01
3.85193,159.678,-0.133296
3.85254,159.703,0.487397E-01
3.85315,159.729,0.190871E-01
3.85376,159.754,-0.507688E-01
3.85437,159.779,0.119440
3.85498,159.804,0.850274E-01
3.85559,159.830,0.391814
3.85620,159.855,0.257807
3.85681,159.880,0.148572
3.85742,159.906,0.116006
3.85803,159.931,-0.119787
3.85864,159.956,0.338863E-01
3.85925,159.982,0.258252E-01
3.85986,160.007,-0.129562
3.86047,160.032,-0.224287E-01
3.86108,160.057,0.114590
3.86169,160.083,-0.854840E-01
3.86230,160.108,-0.798422E-02
3.86292,160.133,0.284579
3.86353,160.159,-0.184167
3.86414,160.184,0.111782
3.86475,160.209,0.226629
3.86536,160.235,-0.404119
3.86597,160.260,-0.138492
3.86658,160.285,0.311292E-01
3.86719,160.310,0.243308E-01
3.86780,160.336,-0.352056
3.86841,160.361,0.420838
3.86902,160.386,0.309528
3.86963,160.412,0.389265
3.87024,160.437,0.248699
3.87085,160.462,-0.129524E-01
3.87146,160.488,0.103160
3.87207,160.513,-0.311360E-01
3.87268,160.538,0.215638
3.87329,160.564,-0.173105E-01
3.87390,160.589,0.229811
3.87451,160.614,0.103832
3.87512,160.639,-0.820578E-01
3.87573,160.665,0.161276
3.87634,160.690,-0.124358
3.87695,160.715,0.378972
3.87756,160.741,0.137394
3.87817,160.766,-0.111397
3.87878,160.791,-0.104918
3.87939,160.817,-0.270274
3.88000,160.842,0.241025
3.88062,160.867,0.547898E-01
3.88123,160.892,-0.107750
3.88184,160.918,-0.124600E-01
3.88245,160.943,-0.230735
3.88306,160.968,0.371382E-01
3.88367,160.994,0.139772
3.88428,161.019,0.687629E-01
3.88489,161.044,0.862763E-01
3.88550,161.070,0.720063E-01
3.88611,161.095,-0.895692E-01
3.88672,161.120,0.171629
3.88733,161.145,-0.300119
3.88794,161.171,-0.104436E-02
3.88855,161.196,-0.546274E-01
3.88916,161.221,0.369271E-01
3.88977,161.247,-0.796473E-02
3.89038,161.272,-0.159344
3.89099,161.297,-0.249105
3.89160,161.323,0.692191E-01
3.89221,161.348,-0.128657
3.89282,161.373,-0.140876
3.89343,161.398,-0.902583E-01
3.89404,161.424,-0.122649
3.89465,161.449,-0.503307
3.89526,161.474,-0.266889E-01
3.89587,161.500,0.319732E-01
3.89648,161.525,0.666022E-01
3.89709,161.550,-0.356698
3.89771,161.576,0.102146
3.89832,161.601,0.135195
3.89893,161.626,0.595783E-02
3.89954,161.651,0.987883E-02
3.90015,161.677,-0.129095E-01
3.90076,161.702,0.524861E-01
3.90137,161.727,-0.510874E-01
3.90198,161.753,-0.118463
3.90259,161.778,-0.232030E-01
3.90320,161.803,0.633198E-01
3.90381,161.829,0.218883E-02
3.90442,161.854,-0.104476E-01
3.90503,161.879,0.127504
3.90564,161.904,-0.382771E-01
3.90625,161.930,-0.120725
3.90686,161.955,-0.851852E-01
3.90747,161.980,-0.635595E-01
3.90808,162.006,-0.480324
3.90869,162.031,0.815993E-01
3.90930,162.056,0.227496
3.90991,162.082,0.277930E-01
3.91052,162.107,0.179584
3.91113,162.132,-0.173367E-01
3.91174,162.158,-0.400262
3.91235,162.183,0.408499E-01
3.91296,162.208,-0.576754E-01
3.91357,162.233,0.141901
3.91418,162.259,0.324251
3.91479,162.284,-0.191822
3.91541,162.309,0.823951E-01
3.91602,162.335,-0.120755
3.91663,162.360,0.174312E-01
3.91724,162.385,-0.401259
3.91785,162.411,0.855474E-01
3.91846,162.436,-0.558934E-01
3.91907,162.461,-0.490351E-01
3.91968,162.486,-0.191039
3.92029,162.512,0.737955E-02
3.92090,162.537,0.290971E-01
3.92151,162.562,-0.168928E-01
3.92212,162.588,-0.514876E-01
3.92273,162.613,-0.641140E-01
3.92334,162.638,-0.119140
3.92395,162.664,-0.712834E-01
3.92456,162.689,-0.210616E-01
3.92517,162.714,-0.474976E-03
3.92578,162.739,0.263050
3.92639,162.765,-0.385827
3.92700,162.790,0.529827E-03
3.92761,162.815,0.246353
3.92822,162.841,-0.487860E-01
3.92883,162.866,0.946063E-02
3.92944,162.891,-0.177435
3.93005,162.917,-0.182608E-01
3.93066,162.942,-0.743930E-01
3.93127,162.967,0.980039E-01
3.93188,162.992,-0.257830
3.93250,163.018,0.125123
3.93311,163.043,-0.278707
3.93372,163.068,0.218706
3.93433,163.094,-0.386633
3.93494,163.119,0.189778
3.93555,163.144,-0.453930E-01
3.93616,163.170,0.857472E-01
3.93677,163.195,-0.114237
3.93738,163.220,-0.721600E-01
3.93799,163.245,0.959643E-02
3.93860,163.271,-0.811003E-01
3.93921,163.296,0.112710
3.93982,163.321,0.918794E-01
3.94043,163.347,0.133949
3.94104,163.372,0.420722E-01
3.94165,163.397,-0.160389
3.94226,163.423,-0.266315E-01
3.94287,163.448,-0.979188E-01
3.94348,163.473,-0.168303
3.94409,163.498,-0.135866
3.94470,163.524,-0.258365
3.94531,163.549,-0.479587E-01
3.94592,163.574,0.348861
3.94653,163.600,-0.818322E-01
3.94714,163.625,0.324260E-01
3.94775,163.650,0.364082E-02
3.94836,163.676,0.946432E-01
3.94897,163.701,0.298281
3.94958,163.726,0.503444E-01
3.95020,163.752,0.569836E-01
3.95081,163.777,0.954874E-01
3.95142,163.802,-0.259242
3.95203,163.827,0.547599E-02
3.95264,163.853,-0.223901
3.95325,163.878,0.514246E-01
3.95386,163.903,0.295650
3.95447,163.929,0.962690E-02
3.95508,163.954,-0.615501E-01
3.95569,163.979,-0.146440
3.95630,164.005,-0.214399E-02
3.95691,164.030,-0.228969
3.95752,164.055,-0.142888E-01
3.95813,164.080,0.846358E-02
3.95874,164.106,-0.777748E-01
3.95935,164.131,0.303259E-01
3.95996,164.156,0.313705
3.96057,164.182,-0.167378E-01
3.96118,164.207,-0.858897E-01
3.96179,164.232,-0.493598E-01
3.96240,164.258,0.586386E-01
3.96301,164.283,0.551742E-01
3.96362,164.308,0.120467
3.96423,164.333,-0.126787
3.96484,164.359,-0.203071E-01
3.96545,164.384,0.874361E-01
3.96606,164.409,0.155638
3.96667,164.435,0.106723
3.96729,164.460,0.499465E-01
3.96790,164.485,-0.171292
3.96851,164.511,0.106602
3.96912,164.536,-0.458360E-01
3.96973,164.561,-0.540131E-02
3.97034,164.586,0.162307
3.97095,164.612,-0.255409
3.97156,164.637,-0.191558
3.97217,164.662,-0.117958E-01
3.97278,164.688,-0.652559E-01
3.97339,164.713,-0.142105
3.97400,164.738,-0.194736
3.97461,164.764,-0.226371
3.97522,164.789,0.229086
3.97583,164.814,-0.103250E-01
3.97644,164.839,-0.558718E-01
3.97705,164.865,-0.524407E-01
3.97766,164.890,-0.120112
3.97827,164.915,0.375412E-02
3.97888,164.941,0.134033
3.97949,164.966,0.625976E-01
3.98010,164.991,-0.823318
3.98071,165.017,0.719042E-01
3.98132,165.042,-0.737213E-02
3.98193,165.067,0.855677E-01
3.98254,165.092,-0.472378
3.98315,165.118,0.154158
3.98376,165.143,-0.136135E-01
3.98438,165.168,-0.515713E-01
3.98499,165.194,0.105052
3.98560,165.219,0.192720E-01
3.98621,165.244,-0.302832
3.98682,165.270,-0.320270
3.98743,165.295,-0.364519
3.98804,165.320,0.372036
3.98865,165.346,-0.116389
3.98926,165.371,-0.103672
3.98987,165.396,0.203210
3.99048,165.421,0.112071
3.99109,165.447,-0.232921
3.99170,165.472,-0.160245E-02
3.99231,165.497,-0.370587
3.99292,165.523,0.152996
3.99353,165.548,-0.133165
3.99414,165.573,-0.925192E-01
3.99475,165.599,-0.594388E-01
3.99536,165.624,-0.190752E-02
3.99597,165.649,0.247183
3.99658,165.674,-0.360125
3.99719,165.700,-0.899011E-01
3.99780,165.725,-0.402751E-01
3.99841,165.750,-0.524955
3.99902,165.776,0.279641
3.99963,165.801,0.491477E-01
4.00024,165.826,0.140066
4.00085,165.852,-0.245730E-01
4.00146,165.877,-0.823731E-01
4.00208,165.902,0.176880
4.00269,165.927,0.715184E-01
4.00330,165.953,0.158418
4.00391,165.978,0.173625
4.00452,166.003,-0.667661E-01
4.00513,166.029,0.114681
4.00574,166.054,-0.293292
4.00635,166.079,0.120927
4.00696,166.105,-0.213558
4.00757,166.130,-0.256210
4.00818,166.155,-0.641609E-01
4.00879,166.180,-0.391742
4.00940,166.206,-0.306920E-01
4.01001,166.231,0.105754
4.01062,166.256,-1.14017
4.01123,166.282,0.655843E-01
4.01184,166.307,0.849703E-01
4.01245,166.332,-0.548262E-01
4.01306,166.358,-0.307453E-01
4.01367,166.383,-0.323164
4.01428,166.408,-0.185793
4.01489,166.433,0.206707
4.01550,166.459,0.129336
4.01611,166.484,-0.603115E-01
4.01672,166.509,-0.161917
4.01733,166.535,0.266392
4.01794,166.560,0.116055
4.01855,166.585,-0.585230E-01
4.01917,166.611,-0.312876
4.01978,166.636,0.189468
4.02039,166.661,-0.225713
4.02100,166.686,-0.288135E-01
4.02161,166.712,-0.369072E-01
4.02222,166.737,0.387836E-01
4.02283,166.762,0.510810E-01
4.02344,166.788,0.789569
4.02405,166.813,0.387434E-01
4.02466,166.838,-0.593652E-01
4.02527,166.864,0.122206E-01
4.02588,166.889,0.144806
4.02649,166.914,-0.103972E-02
4.02710,166.940,-0.125285
4.02771,166.965,0.281292E-02
4.02832,166.990,-0.304046
4.02893,167.015,0.109012
4.02954,167.041,-0.195286
4.03015,167.066,-0.376427E-01
4.03076,167.091,0.240820
4.03137,167.117,0.312243E-01
4.03198,167.142,0.317407
4.03259,167.167,-0.201124
4.03320,167.193,0.336232
4.03381,167.218,0.322128
4.03442,167.243,-0.298811E-01
4.03503,167.268,0.920824E-01
4.03564,167.294,0.883493E-01
4.03625,167.319,-0.109676
4.03687,167.344,-0.712335E-02
4.03748,167.370,0.637136E-01
4.03809,167.395,-0.128886
4.03870,167.420,-0.162962E-01
4.03931,167.446,-0.856368E-01
4.03992,167.471,0.760707E-01
4.04053,167.496,0.161040
4.04114,167.521,0.230951E-01
4.04175,167.547,-0.445126E-01
4.04236,167.572,-0.558592E-02
4.04297,167.597,0.101310
4.04358,167.623,-0.146370
4.04419,167.648,-0.289625E-01
4.04480,167.673,-0.198385
4.04541,167.699,0.425353E-01
4.04602,167.724,0.168678E-02
4.04663,167.749,0.529884E-01
4.04724,167.774,0.545590E-01
4.04785,167.800,-0.936704E-01
4.04846,167.825,0.156192
4.04907,167.850,0.309595E-01
4.04968,167.876,-0.462326E-01
4.05029,167.901,-0.253204
4.05090,167.926,0.147035
4.05151,167.952,-0.393207
4.05212,167.977,-0.134740
4.05273,168.002,-0.824030E-01
4.05334,168.027,-0.873274E-01
4.05396,168.053,-0.129990
4.05457,168.078,0.245572
4.05518,168.103,-0.529134E-01
4.05579,168.129,0.416664
4.05640,168.154,0.531989E-01
4.05701,168.179,0.142647
4.05762,168.205,-0.522488
4.05823,168.230,-0.218036E-01
4.05884,168.255,0.344609E-01
4.05945,168.280,-0.892152E-01
4.06006,168.306,0.350968
4.06067,168.331,-0.298223E-02
4.06128,168.356,0.384831
4.06189,168.382,-0.191554
4.06250,168.407,-0.465410E-01
4.06311,168.432,-0.870371E-02
4.06372,168.458,-0.304728E-01
4.06433,168.483,0.283155E-02
4.06494,168.508,-0.247646
4.06555,168.533,0.248089
4.06616,168.559,0.957824E-03
4.06677,168.584,0.160137
4.06738,168.609,0.104198
4.06799,168.635,0.299432E-01
4.06860,168.660,0.289612E-01
4.06921,168.685,0.164421
4.06982,168.711,-0.762904E-01
4.07043,168.736,-0.124289
4.07104,168.761,0.268354E-01
4.07166,168.787,0.128828
4.07227,168.812,0.419811
4.07288,168.837,0.350500
4.07349,168.862,0.166552
4.07410,168.888,-0.462288E-01
4.07471,168.913,-0.130783
4.07532,168.938,-0.563558
4.07593,168.964,-0.975106E-02
4.07654,168.989,-0.214715E-01
4.07715,169.014,-0.430078E-01
4.07776,169.040,0.244845
4.07837,169.065,0.111057
4.07898,169.090,-0.176746E-01
4.07959,169.115,0.924152E-01
4.08020,169.141,-0.413256
4.08081,169.166,-0.775865E-01
4.08142,169.191,0.481371E-01
4.08203,169.217,0.163741
4.08264,169.242,0.658329
4.08325,169.267,0.179097
4.08386,169.293,0.212838
4.08447,169.318,0.321169
4.08508,169.343,-0.629658E-01
4.08569,169.368,-0.260483
4.08630,169.394,0.886911E-02
4.08691,169.419,0.882329E-01
4.08752,169.444,0.839186E-01
4.08813,169.470,-0.170536
4.08875,169.495,-0.287053
4.08936,169.520,-0.122227
4.08997,169.546,-0.530873E-02
4.09058,169.571,0.969328E-01
4.09119,169.596,0.318675
4.09180,169.621,-0.168410
4.09241,169.647,0.824247E-03
4.09302,169.672,-0.320355
4.09363,169.697,0.167021E-01
4.09424,169.723,-0.497053E-01
4.09485,169.748,0.170777
4.09546,169.773,-0.472826E-01
4.09607,169.799,-0.588427E-01
4.09668,169.824,0.569378E-01
4.09729,169.849,0.255654E-01
4.09790,169.874,-0.195369
4.09851,169.900,0.187096
4.09912,169.925,-0.401924
4.09973,169.950,-0.252531E-01
4.10034,169.976,0.356971
4.10095,170.001,-0.425814E-01
4.10156,170.026,-0.405491E-01
4.10217,170.052,-0.599303E-01
4.10278,170.077,-0.122961
4.10339,170.102,-0.165552
4.10400,170.127,0.243350
4.10461,170.153,-0.112908
4.10522,170.178,0.593388E-01
4.10583,170.203,0.220380
4.10645,170.229,-0.361827
4.10706,170.254,-0.204793E-01
4.10767,170.279,-0.258249
4.10828,170.305,-0.155847
4.10889,170.330,-0.161423
4.10950,170.355,0.216470
4.11011,170.381,-0.485383E-01
4.11072,170.406,-0.139919
4.11133,170.431,-0.248491E-01
4.11194,170.456,0.103628
4.11255,170.482,0.210018E-01
4.11316,170.507,-0.153889
4.11377,170.532,0.323265
4.11438,170.558,0.874072E-01
4.11499,170.583,0.284256
4.11560,170.608,0.360809
4.11621,170.634,0.133655
4.11682,170.659,0.154703
4.11743,170.684,0.275178E-01
4.11804,170.709,0.144229
4.11865,170.735,0.146138
4.11926,170.760,-0.514667E-01
4.11987,170.785,-0.396718E-01
4.12048,170.811,0.490597E-01
4.12109,170.836,-0.110234
4.12170,170.861,0.170801
4.12231,170.887,0.301108E-01
4.12292,170.912,0.709744E-01
4.12354,170.937,-0.252349
4.12415,170.962,-0.424054E-01
4.12476,170.988,-0.614735E-02
4.12537,171.013,0.365232
4.12598,171.038,-0.689241
4.12659,171.064,0.405157E-01
4.12720,171.089,0.401208E-01
4.12781,171.114,-0.115286E-01
4.12842,171.140,-0.243053
4.12903,171.165,0.203264E-01
4.12964,171.190,-0.116878
4.13025,171.215,-0.103522
4.13086,171.241,-0.200834
4.13147,171.266,-0.523894E-01
4.13208,171.291,0.169549
4.13269,171.317,0.103432E-01
4.13330,171.342,0.690684E-01
4.13391,171.367,-0.201872
4.13452,171.393,-0.263709E-01
4.13513,171.418,0.231381E-01
4.13574,171.443,0.222498
4.13635,171.468,-0.220300
4.13696,171.494,0.284920E-01
4.13757,171.519,-0.313863
4.13818,171.544,0.655939E-01
4.13879,171.570,-0.113499
4.13940,171.595,0.352031E-01
4.14001,171.620,0.533719E-01
4.14062,171.646,0.160338E-01
4.14124,171.671,-0.539825E-01
4.14185,171.696,0.109824
4.14246,171.721,0.212250E-01
4.14307,171.747,0.945189E-01
4.14368,171.772,-0.190135
4.14429,171.797,0.480265E-01
4.14490,171.823,0.167747
4.14551,171.848,0.774514E-01
4.14612,171.873,-0.260550E-02
4.14673,171.899,-0.665146E-01
4.14734,171.924,-0.665520E-01
4.14795,171.949,-0.168454
4.14856,171.975,-0.467719E-01
4.14917,172.000,-0.109435
4.14978,172.025,-0.451291E-02
4.15039,172.050,-0.466385E-02
4.15100,172.076,0.120495
4.15161,172.101,-0.196568
4.15222,172.126,-0.234506E-01
4.15283,172.152,0.411089E-02
4.15344,172.177,-0.875340E-01
4.15405,172.202,0.199110
4.15466,172.228,0.190603E-01
4.15527,172.253,-0.158212E-02
4.15588,172.278,-0.201415
4.15649,172.303,0.174554
4.15710,172.329,0.806629E-01
4.15771,172.354,0.283171
4.15833,172.379,-0.130110
4.15894,172.405,-0.550874E-02
4.15955,172.430,0.263088
4.16016,172.455,-0.247992
4.16077,172.481,-0.106648
4.16138,172.506,-0.378562
4.16199,172.531,-0.331538E-01
4.16260,172.556,-0.102896
4.16321,172.582,0.569505E-01
4.16382,172.607,0.234428
4.16443,172.632,0.389174
4.16504,172.658,-0.355662E-01
4.16565,172.683,0.618024
4.16626,172.708,0.227588
4.16687,172.734,0.784396E-01
4.16748,172.759,-0.233104
4.16809,172.784,0.175859E-01
4.16870,172.809,0.448649E-02
4.16931,172.835,-0.589881E-01
4.16992,172.860,0.638946E-02
4.17053,172.885,0.962747E-02
4.17114,172.911,0.619175E-01
4.17175,172.936,-0.344930
4.17236,172.961,-0.915584E-01
4.17297,172.987,-0.170570
4.17358,173.012,0.420893E-01
4.17419,173.037,0.440596
4.17480,173.062,-0.419343E-01
4.17542,173.088,-0.795355E-01
4.17603,173.113,-0.162651E-01
4.17664,173.138,-0.344646
4.17725,173.164,0.103431
4.17786,173.189,-0.313611
4.17847,173.214,0.696555E-01
4.17908,173.240,-0.128770
4.17969,173.265,0.113586
4.18030,173.290,0.449478
4.18091,173.315,-0.573841E-01
4.18152,173.341,-0.102783
4.18213,173.366,0.219654
4.18274,173.391,-0.718054E-01
4.18335,173.417,-0.111350E-02
4.18396,173.442,-0.788284E-02
4.18457,173.467,-0.112743
4.18518,173.493,0.771917E-01
4.18579,173.518,-0.690351E-01
4.18640,173.543,-0.195712
4.18701,173.569,-0.989529E-01
4.18762,173.594,-0.188045
4.18823,173.619,0.874359E-01
4.18884,173.644,-0.177459
4.18945,173.670,0.540859E-01
4.19006,173.695,-0.308081
4.19067,173.720,0.831670E-01
4.19128,173.746,0.939427E-01
4.19189,173.771,0.794881E-01
4.19250,173.796,0.113994
4.19312,173.822,-0.931681E-01
4.19373,173.847,0.270986
4.19434,173.872,-0.813814E-03
4.19495,173.897,-0.346971
4.19556,173.923,-0.341419E-01
4.19617,173.948,0.822291E-01
4.19678,173.973,-0.499201E-01
4.19739,173.999,-0.138429
4.19800,174.024,-0.150621
4.19861,174.049,0.320274
4.19922,174.075,0.116705
4.19983,174.100,-0.252896
4.20044,174.125,-0.869033E-01
4.20105,174.150,-0.288264
4.20166,174.176,-0.363522E-01
4.20227,174.201,0.140746E-01
4.20288,174.226,0.162713
4.20349,174.252,0.259053
4.20410,174.277,-0.254545E-01
4.20471,174.302,-0.922185
4.20532,174.328,-0.269126
4.20593,174.353,0.389762
4.20654,174.378,-0.633842E-01
4.20715,174.403,0.164334E-01
4.20776,174.429,0.270186
4.20837,174.454,0.158325
4.20898,174.479,0.120153E-01
4.20959,174.505,0.130015
4.21021,174.530,0.641909E-01
4.21082,174.555,-0.219528
4.21143,174.581,0.112897
4.21204,174.606,-0.140306
4.21265,174.631,-0.459457E-01
4.21326,174.656,0.230717E-01
4.21387,174.682,0.390030E-02
4.21448,174.707,0.214329
4.21509,174.732,-0.285886
4.21570,174.758,-0.169879E-01
4.21631,174.783,0.537684E-01
4.21692,174.808,-0.496232
4.21753,174.834,0.595639E-01
4.21814,174.859,0.214542E-01
4.21875,174.884,0.393088E-02
4.21936,174.909,-0.415469E-01
4.21997,174.935,-0.100870E-01
4.22058,174.960,0.668983E-01
4.22119,174.985,0.100348
4.22180,175.011,-0.435715
4.22241,175.036,0.877583E-01
4.22302,175.061,-0.870164E-01
4.22363,175.087,0.868165E-01
4.22424,175.112,-0.259355
4.22485,175.137,-0.708843E-01
4.22546,175.162,0.274321E-01
4.22607,175.188,0.598638
4.22668,175.213,-0.107909
4.22729,175.238,-0.200190
4.22791,175.264,0.238553
4.22852,175.289,-0.139706E-01
4.22913,175.314,0.104244
4.22974,175.340,0.317934E-02
4.23035,175.365,0.720550E-01
4.23096,175.390,0.620636E-01
4.23157,175.416,0.196615E-01
4.23218,175.441,0.635807E-01
4.23279,175.466,-0.114787
4.23340,175.491,0.147141
4.23401,175.517,-0.145590E-01
4.23462,175.542,-0.794640E-01
4.23523,175.567,-0.225774
4.23584,175.593,0.391695
4.23645,175.618,0.606640E-01
4.23706,175.643,0.170745
4.23767,175.669,0.478970E-01
4.23828,175.694,-0.952836
4.23889,175.719,0.396101E-01
4.23950,175.744,-0.375118E-01
4.24011,175.770,0.125991
4.24072,175.795,-0.107262
4.24133,175.820,-0.112692E-01
4.24194,175.846,0.697409E-01
4.24255,175.871,0.853346E-01
4.24316,175.896,-0.872600E-01
4.24377,175.922,1.10008
4.24438,175.947,-0.455303E-01
4.24500,175.972,0.381057
4.24561,175.997,0.247292
4.24622,176.023,-0.260923
4.24683,176.048,0.260021E-01
4.24744,176.073,-0.873295E-01
4.24805,176.099,0.108499
4.24866,176.124,0.150824
4.24927,176.149,0.235636E-01
4.24988,176.175,0.908428E-01
4.25049,176.200,-0.237575
4.25110,176.225,0.380386E-01
4.25171,176.250,0.113187
4.25232,176.276,0.142946E-01
4.25293,176.301,0.420205
4.25354,176.326,-0.272878E-01
4.25415,176.352,-0.237431
4.25476,176.377,0.526422E-01
4.25537,176.402,-0.296338E-01
4.25598,176.428,0.150197E-01
4.25659,176.453,-0.753470E-01
4.25720,176.478,-0.254338
4.25781,176.503,0.709730E-01
4.25842,176.529,0.197628
4.25903,176.554,-0.137048
4.25964,176.579,-0.287497
4.26025,176.605,-0.138264E-01
4.26086,176.630,-0.469488
4.26147,176.655,-0.139556
4.26208,176.681,0.177411
4.26270,176.706,-0.965417E-01
4.26331,176.731,-0.541561E-01
4.26392,176.756,-0.773733E-01
4.26453,176.782,0.163582E-01
4.26514,176.807,-0.727279E-01
4.26575,176.832,0.951701E-01
4.26636,176.858,-0.157258E-01
4.26697,176.883,-0.142166
4.26758,176.908,-0.195061
4.26819,176.934,0.536072E-02
4.26880,176.959,-0.356776E-02
4.26941,176.984,0.471713E-01
4.27002,177.010,-0.103246
4.27063,177.035,0.186201E-01
4.27124,177.060,-0.219142
4.27185,177.085,-0.573309E-01
4.27246,177.111,0.370595E-01
4.27307,177.136,0.507847E-01
4.27368,177.161,0.256290
4.27429,177.187,0.131682
4.27490,177.212,0.982191E-02
4.27551,177.237,0.102752
4.27612,177.263,0.579815E-01
4.27673,177.288,-0.236521E-01
4.27734,177.313,-0.277811
4.27795,177.338,-0.132543
4.27856,177.364,0.768919E-01
4.27917,177.389,-0.262527
4.27979,177.414,0.555654E-01
4.28040,177.440,0.496839E-02
4.28101,177.465,-0.108957
4.28162,177.490,-0.600546E-01
4.28223,177.516,0.130046
4.28284,177.541,-0.204019E-01
4.28345,177.566,-0.631938E-01
4.28406,177.591,-0.689355E-01
4.28467,177.617,-0.712121
4.28528,177.642,0.310913E-01
4.28589,177.667,0.289250E-01
4.28650,177.693,0.288787E-01
4.28711,177.718,0.224742
4.28772,177.743,-0.282116E-02
4.28833,177.769,-0.317544E-01
4.28894,177.794,-0.393401
4.28955,177.819,-0.453665
4.29016,177.844,0.141557E-01
4.29077,177.870,-0.484232
4.29138,177.895,0.342941
4.29199,177.920,0.665663E-01
4.29260,177.946,-0.804229E-01
4.29321,177.971,0.326890E-01
4.29382,177.996,-0.117056
4.29443,178.022,0.178506
4.29504,178.047,0.919714E-01
4.29565,178.072,-0.179716
4.29626,178.097,-0.203971E-01
4.29688,178.123,0.904325E-02
4.29749,178.148,0.210355
4.29810,178.173,0.189842
4.29871,178.199,-0.249725E-01
4.29932,178.224,0.228056E-01
4.29993,178.249,-0.260205
4.30054,178.275,0.725078E-01
4.30115,178.300,-0.201259E-01
4.30176,178.325,-0.245927
4.30237,178.350,-0.310017
4.30298,178.376,0.121433
4.30359,178.401,-0.720942E-01
4.30420,178.426,0.745545E-02
4.30481,178.452,0.258115E-02
4.30542,178.477,0.182435
4.30603,178.502,0.372572
4.30664,178.528,-0.301152E-01
4.30725,178.553,-0.556674E-01
4.30786,178.578,0.211937
4.30847,178.604,-0.114121
4.30908,178.629,0.411263E-01
4.30969,178.654,-0.624495E-01
4.31030,178.679,0.108315
4.31091,178.705,-0.223932E-02
4.31152,178.730,0.353667E-01
4.31213,178.755,0.137743
4.31274,178.781,0.191688
4.31335,178.806,0.437748E-01
4.31396,178.831,0.435494E-01
4.31458,178.857,-0.300009
4.31519,178.882,0.610538E-02
4.31580,178.907,-0.149064E-01
4.31641,178.932,0.175142
4.31702,178.958,-0.684994E-01
4.31763,178.983,-0.328426
4.31824,179.008,0.572335E-01
4.31885,179.034,-0.146136
4.31946,179.059,-0.975074E-01
4.32007,179.084,0.307051
4.32068,179.110,0.271615E-02
4.32129,179.135,0.969135E-01
4.32190,179.160,0.506132E-01
4.32251,179.185,-0.820860E-02
4.32312,179.211,0.718987E-01
4.32373,179.236,0.220587
4.32434,179.261,-0.537429E-01
4.32495,179.287,-0.144451
4.32556,179.312,-0.244584
4.32617,179.337,-0.999828E-01
4.32678,179.363,0.776551E-01
4.32739,179.388,0.365976
4.32800,179.413,0.458087E-01
4.32861,179.438,-0.132122
4.32922,179.464,0.150063
4.32983,179.489,-0.131533
4.33044,179.514,-0.538467E-01
4.33105,179.540,-0.248581E-01
4.33167,179.565,-0.250148
4.33228,179.590,-0.744889E-01
4.33289,179.616,-0.201369E-01
4.33350,179.641,-0.188021
4.33411,179.666,-0.339463E-01
4.33472,179.691,-0.144814
4.33533,179.717,-0.976410E-01
4.33594,179.742,0.211288
4.33655,179.767,0.489461
4.33716,179.793,-0.418831E-01
4.33777,179.818,-0.227453
4.33838,179.843,-0.171797E-01
4.33899,179.869,0.524621E-01
4.33960,179.894,0.286329
4.34021,179.919,0.339316E-01
4.34082,179.944,0.114632
4.34143,179.970,0.493251E-01
4.34204,179.995,0.431300E-01
4.34265,180.020,-0.278451
4.34326,180.046,-0.122258
4.34387,180.071,-0.357013E-04
4.34448,180.096,0.429303E-01
4.34509,180.122,-0.118117
4.34570,180.147,0.263881
4.34631,180.172,0.107332
4.34692,180.198,-0.459033E-01
4.34753,180.223,0.194038
4.34814,180.248,-0.204430
4.34875,180.273,-1.05281
4.34937,180.299,-0.961404E-01
4.34998,180.324,0.165102
4.35059,180.349,0.124302E-01
4.35120,180.375,0.351356E-01
4.35181,180.400,0.515956
4.35242,180.425,-0.242560
4.35303,180.451,-0.230110
4.35364,180.476,-0.151942
4.35425,180.501,0.288483E-01
4.35486,180.526,0.155036
4.35547,180.552,0.479100E-01
4.35608,180.577,0.243885E-01
4.35669,180.602,-0.202371
4.35730,180.628,-0.459652E-02
4.35791,180.653,0.645352E-02
4.35852,180.678,-0.228834
4.35913,180.704,-0.420344
4.35974,180.729,-0.857763E-01
4.36035,180.754,0.353046E-01
4.36096,180.779,0.292051E-01
4.36157,180.805,-0.335787E-01
4.36218,180.830,0.381071
4.36279,180.855,-0.462817
4.36340,180.881,0.326618E-01
4.36401,180.906,-0.173902
4.36462,180.931,0.606446E-01
4.36523,180.957,-0.292395
4.36584,180.982,-0.713991E-01
4.36646,181.007,-0.293890E-01
4.36707,181.032,0.524058E-01
4.36768,181.058,0.146251
4.36829,181.083,0.506611
4.36890,181.108,0.862519E-01
4.36951,181.134,-0.995562E-01
4.37012,181.159,-0.316771E-02
4.37073,181.184,-0.104729
4.37134,181.210,0.266974
4.37195,181.235,-0.371759E-01
4.37256,181.260,0.230850
4.37317,181.285,-0.350902E-01
4.37378,181.311,-0.101939
4.37439,181.336,-0.220275
4.37500,181.361,-0.953489E-03
4.37561,181.387,0.152009
4.37622,181.412,0.202191
4.37683,181.437,-0.129162
4.37744,181.463,-0.228868E-01
4.37805,181.488,-0.282622E-01
4.37866,181.513,-0.569284E-01
4.37927,181.538,-0.351051
4.37988,181.564,0.156069E-02
4.38049,181.589,0.137222
4.38110,181.614,0.307030
4.38171,181.640,-0.549036E-01
4.38232,181.665,-0.842062E-01
4.38293,181.690,0.724359E-01
4.38354,181.716,0.147613E-01
4.38416,181.741,0.145439
4.38477,181.766,-0.115660
4.38538,181.791,0.294605
4.38599,181.817,-0.178551E-02
4.38660,181.842,-0.244213
4.38721,181.867,0.594328E-01
4.38782,181.893,0.216728
4.38843,181.918,-0.218419E-01
4.38904,181.943,0.117799
4.38965,181.969,-0.154403
4.39026,181.994,0.100022
4.39087,182.019,-0.109642E-01
4.39148,182.045,0.173544
4.39209,182.070,0.212019
4.39270,182.095,-0.162621E-01
4.39331,182.120,0.102681E-01
4.39392,182.146,0.125957
4.39453,182.171,0.573620
4.39514,182.196,-0.174236E-01
4.39575,182.222,0.430004E-01
4.39636,182.247,0.359448E-01
4.39697,182.272,0.123910
4.39758,182.298,0.136081
4.39819,182.323,-0.468893
4.39880,182.348,0.517583E-01
4.39941,182.373,0.247753
4.40002,182.399,-0.265488E-01
4.40063,182.424,0.377950E-01
4.40125,182.449,0.237798
4.40186,182.475,-0.903626E-01
4.40247,182.500,0.227870
4.40308,182.525,0.842434E-02
4.40369,182.551,0.371506
4.40430,182.576,0.722062E-01
4.40491,182.601,0.261905E-01
4.40552,182.626,-0.123979
4.40613,182.652,0.378427E-01
4.40674,182.677,-0.715502E-01
4.40735,182.702,0.175377
4.40796,182.728,0.145462
4.40857,182.753,-0.156780
4.40918,182.778,-0.156124
4.40979,182.804,0.165852
4.41040,182.829,0.372890E-01
4.41101,182.854,0.275140
4.41162,182.879,-0.310243E-01
4.41223,182.905,0.487368
4.41284,182.930,-0.117453E-01
4.41345,182.955,-0.335670
4.41406,182.981,-0.233837
4.41467,183.006,0.771298
4.41528,183.031,0.144708
4.41589,183.057,-0.385090E-03
4.41650,183.082,-0.330985
4.41711,183.107,0.831469E-02
4.41772,183.132,-0.235933
4.41833,183.158,-0.214664
4.41895,183.183,0.137342
4.41956,183.208,-0.218910
4.42017,183.234,-0.173150
4.42078,183.259,-0.258683E-01
4.42139,183.284,0.246642
4.42200,183.310,0.163441E-01
4.42261,183.335,0.177474
4.42322,183.360,-0.215116
4.42383,183.385,0.190860
4.42444,183.411,0.338063E-01
4.42505,183.436,-0.122076
4.42566,183.461,0.951724E-02
4.42627,183.487,-0.888984E-01
4.42688,183.512,0.678815E-01
4.42749,183.537,-0.444450
4.42810,183.563,0.865565E-01
4.42871,183.588,0.164670E-01
4.42932,183.613,0.114912
4.42993,183.639,-0.151325
4.43054,183.664,-0.112476E-01
4.43115,183.689,0.953655E-01
4.43176,183.714,0.845149E-02
4.43237,183.740,-0.275395
4.43298,183.765,0.170589
4.43359,183.790,0.276259
4.43420,183.816,-0.635152E-01
4.43481,183.841,0.120086
4.43542,183.866,-0.191850
4.43604,183.892,-0.245665E-01
4.43665,183.917,-0.377672
4.43726,183.942,0.469454E-01
4.43787,183.967,-0.708821E-01
4.43848,183.993,0.103419
4.43909,184.018,-0.739229E-01
4.43970,184.043,-0.321282E-02
4.44031,184.069,-0.263364
4.44092,184.094,-0.254046
4.44153,184.119,-0.148627
4.44214,184.145,0.175177E-01
4.44275,184.170,0.698929E-01
4.44336,184.195,0.175824E-01
4.44397,184.220,-0.739283
4.44458,184.246,0.756740E-01
4.44519,184.271,-0.173145
4.44580,184.296,0.362759
4.44641,184.322,-0.155615E-01
4.44702,184.347,-0.283458
4.44763,184.372,-0.103768
4.44824,184.398,-0.894265E-01
4.44885,184.423,-0.160467
4.44946,184.448,-0.386880
4.45007,184.473,-0.417872E-01
4.45068,184.499,0.181897E-01
4.45129,184.524,-0.276831E-01
4.45190,184.549,0.490837E-02
4.45251,184.575,-0.126408E-01
4.45312,184.600,-0.355363
4.45374,184.625,-0.197532
4.45435,184.651,0.150460E-01
4.45496,184.676,-0.548871E-02
4.45557,184.701,-0.107203
4.45618,184.726,0.128276
4.45679,184.752,-0.357013
4.45740,184.777,0.409384E-02
4.45801,184.802,0.130749E-02
4.45862,184.828,0.969282E-01
4.45923,184.853,-0.136289E-01
4.45984,184.878,-0.354726
4.46045,184.904,-0.435377
4.46106,184.929,-0.896034E-01
4.46167,184.954,0.116437
4.46228,184.979,-0.143746
4.46289,185.005,-0.188282
4.46350,185.030,0.843529E-01
4.46411,185.055,-0.379537E-01
4.46472,185.081,-0.515992E-01
4.46533,185.106,0.998930E-01
4.46594,185.131,-0.245747E-01
4.46655,185.157,0.129944E-01
4.46716,185.182,-0.182483
4.46777,185.207,0.166759E-01
4.46838,185.233,-0.304711E-01
4.46899,185.258,0.202112
4.46960,185.283,0.144921
4.47021,185.308,0.134177
4.47083,185.334,0.189336
4.47144,185.359,-0.343573
4.47205,185.384,-0.282890E-02
4.47266,185.410,-0.343513
4.47327,185.435,0.164229
4.47388,185.460,0.399679E-01
4.47449,185.486,0.167702E-01
4.47510,185.511,0.854190E-01
4.47571,185.536,0.375034E-01
4.47632,185.561,0.302360
4.47693,185.587,-0.427871E-01
4.47754,185.612,0.116485
4.47815,185.637,-0.187155E-01
4.47876,185.663,0.297945E-01
4.47937,185.688,0.146892E-01
4.47998,185.713,0.386768
4.48059,185.739,0.208148
4.48120,185.764,-0.420978
4.48181,185.789,-0.440449E-01
4.48242,185.814,0.312186E-01
4.48303,185.840,-0.289264
4.48364,185.865,-0.131554
4.48425,185.890,0.441880E-01
4.48486,185.916,-0.105494
4.48547,185.941,0.486962E-01
4.48608,185.966,-0.264401E-01
4.48669,185.992,0.215287
4.48730,186.017,0.149566
4.48792,186.042,0.392010
4.48853,186.067,-0.582736E-01
4.48914,186.093,-0.155596E-01
4.48975,186.118,-0.477875E-01
4.49036,186.143,-0.732119E-02
4.49097,186.169,-0.370849E-01
4.49158,186.194,-0.629587E-01
4.49219,186.219,-0.305016
4.49280,186.245,0.347958
4.49341,186.270,-0.213840
4.49402,186.295,-0.246764E-01
4.49463,186.320,0.274368E-01
4.49524,186.346,0.214248
4.49585,186.371,0.270479E-01
4.49646,186.396,-0.312585
4.49707,186.422,-0.117484E-01
4.49768,186.447,-0.429705E-01
4.49829,186.472,-0.439860E-02
4.49890,186.498,0.113782
4.49951,186.523,0.207078
4.50012,186.548,0.231246
4.50073,186.573,0.427938
4.50134,186.599,-0.137482
4.50195,186.624,-0.173269E-01
4.50256,186.649,-0.719089E-01
4.50317,186.675,-0.679008E-01
4.50378,186.700,-0.127047
4.50439,186.725,-0.190272E-01
4.50500,186.751,0.114909E-01
4.50562,186.776,-0.723380E-01
4.50623,186.801,0.375098E-02
4.50684,186.827,-0.375276
4.50745,186.852,-0.237057
4.50806,186.877,-0.593703E-01
4.50867,186.902,0.124413
4.50928,186.928,-0.900398E-01
4.50989,186.953,0.249082E-02
4.51050,186.978,-0.273540E-01
4.51111,187.004,0.329817
4.51172,187.029,-0.405530E-01
4.51233,187.054,-0.433282
4.51294,187.080,-0.244218E-01
4.51355,187.105,-0.271464
4.51416,187.130,-0.225690
4.51477,187.155,-0.375883E-01
4.51538,187.181,0.475621E-01
4.51599,187.206,0.207342
4.51660,187.231,0.525563E-02
4.51721,187.257,-0.126959E-01
4.51782,187.282,0.123477
4.51843,187.307,-0.139673
4.51904,187.333,-0.169047
4.51965,187.358,0.406866E-02
4.52026,187.383,0.168867
4.52087,187.408,-0.995827E-01
4.52148,187.434,-0.162333
4.52209,187.459,-0.144346
4.52271,187.484,0.308094
4.52332,187.510,-0.250600E-01
4.52393,187.535,0.437827
4.52454,187.560,-0.655769E-01
4.52515,187.586,0.873288E-01
4.52576,187.611,-0.374030
4.52637,187.636,0.839417E-01
4.52698,187.661,0.689997E-01
4.52759,187.687,0.105161
4.52820,187.712,0.180048
4.52881,187.737,-0.159476E-01
4.52942,187.763,-0.108197
4.53003,187.788,-0.256762E-01
4.53064,187.813,0.649415E-01
4.53125,187.839,-0.946622E-01
4.53186,187.864,0.408491E-01
4.53247,187.889,0.455672
4.53308,187.914,0.149050
4.53369,187.940,0.175129
4.53430,187.965,0.129712
4.53491,187.990,0.126124
4.53552,188.016,-0.224470
4.53613,188.041,-0.138194E-01
4.53674,188.066,-0.732516E-01
4.53735,188.092,0.767062E-01
4.53796,188.117,-0.508168E-01
4.53857,188.142,0.243885
4.53918,188.167,0.396823
4.53979,188.193,-0.315780
4.54041,188.218,0.144904E-01
4.54102,188.243,-0.153845
4.54163,188.269,-0.306317
4.54224,188.294,-0.104960
4.54285,188.319,0.107164E-01
4.54346,188.345,0.450494E-02
4.54407,188.370,-0.310915E-01
4.54468,188.395,-0.196488E-01
4.54529,188.421,0.212651
4.54590,188.446,0.737862E-02
4.54651,188.471,-0.121305
4.54712,188.496,-0.420674
4.54773,188.522,-0.206404E-01
4.54834,188.547,0.315229E-01
4.54895,188.572,-0.190480E-01
4.54956,188.598,0.150318
4.55017,188.623,-0.261627E-01
4.55078,188.648,0.133384
4.55139,188.674,-0.257950
4.55200,188.699,0.155810
4.55261,188.724,-0.375175
4.55322,188.749,0.214446
4.55383,188.775,-0.349258
4.55444,188.800,0.137559
4.55505,188.825,0.259648E-01
4.55566,188.851,-0.102777
4.55627,188.876,0.835871E-01
4.55688,188.901,-0.183129
4.55750,188.927,-0.488787E-01
4.55811,188.952,-0.286978E-01
4.55872,188.977,0.181875E-01
4.55933,189.002,-0.799201
4.55994,189.028,-0.344442
4.56055,189.053,-0.204960
4.56116,189.078,0.834940E-01
4.56177,189.104,-0.222566
4.56238,189.129,-0.858283E-02
4.56299,189.154,-0.159126
4.56360,189.180,0.509199E-01
4.56421,189.205,-0.276444E-01
4.56482,189.230,-0.731362E-01
4.56543,189.255,0.938110E-01
4.56604,189.281,0.167166
4.56665,189.306,-0.494446
4.56726,189.331,0.212804
4.56787,189.357,-0.177080
4.56848,189.382,-0.884765E-02
4.56909,189.407,0.133863
4.56970,189.433,-0.158354E-01
4.57031,189.458,0.294403E-01
4.57092,189.483,-0.900091E-01
4.57153,189.508,-0.306186
4.57214,189.534,-0.576886E-01
4.57275,189.559,-0.110283
4.57336,189.584,-0.100355
4.57397,189.610,-0.109687E-01
4.57458,189.635,0.283591
4.57520,189.660,0.320891
4.57581,189.686,0.257987
4.57642,189.711,0.843322E-01
4.57703,189.736,0.789285E-01
4.57764,189.761,-0.235894E-01
4.57825,189.787,-0.443893E-01
4.57886,189.812,0.574661E-01
4.57947,189.837,0.121602E-01
4.58008,189.863,0.133858
4.58069,189.888,-0.419258E-01
4.58130,189.913,0.123683
4.58191,189.939,-0.156071
4.58252,189.964,-0.503195E-01
4.58313,189.989,0.178931E-01
4.58374,190.014,-0.213850
4.58435,190.040,0.159895
4.58496,190.065,0.154529
4.58557,190.090,-0.103169
4.58618,190.116,0.386917
4.58679,190.141,0.358728
4.58740,190.166,0.465051E-02
4.58801,190.192,-0.269310
4.58862,190.217,-0.603959E-01
4.58923,190.242,-1.04431
4.58984,190.268,-0.382326E-01
4.59045,190.293,0.485476
4.59106,190.318,-0.292867E-01
4.59167,190.343,-0.393556
4.59229,190.369,-0.196061
4.59290,190.394,-0.151764
4.59351,190.419,-0.761565E-01
4.59412,190.445,-0.595077
4.59473,190.470,-0.909232E-01
4.59534,190.495,0.504389E-01
4.59595,190.521,-0.272838
4.59656,190.546,-0.354545
4.59717,190.571,0.357337
4.59778,190.596,0.242504E-01
4.59839,190.622,-0.161478
4.59900,190.647,-0.527029E-01
4.59961,190.672,0.593111E-01
4.60022,190.698,-0.161304
4.60083,190.723,-0.685865E-01
4.60144,190.748,0.251235
4.60205,190.774,0.274727
4.60266,190.799,0.643244E-01
4.60327,190.824,-0.633906E-01
4.60388,190.849,-0.665780E-01
4.60449,190.875,0.933901E-01
4.60510,190.900,-0.548333E-01
4.60571,190.925,0.488772E-01
4.60632,190.951,-0.977165E-01
4.60693,190.976,-0.834322E-01
4.60754,191.001,0.238817E-01
4.60815,191.027,-0.242271E-01
4.60876,191.052,0.180438
4.60938,191.077,-0.753408E-01
4.60999,191.102,-0.111468
4.61060,191.128,-0.833405E-01
4.61121,191.153,-0.170440
4.61182,191.178,0.931541E-01
4.61243,191.204,0.761949E-02
4.61304,191.229,-0.816663E-01
4.61365,191.254,0.293461
4.61426,191.280,-0.343222E-01
4.61487,191.305,0.492450E-01
4.61548,191.330,0.516837E-01
4.61609,191.355,0.467855E-01
4.61670,191.381,-0.285827
4.61731,191.406,0.769092E-01
4.61792,191.431,-0.602947E-01
4.61853,191.457,0.275886
4.61914,191.482,-0.228590
4.61975,191.507,-0.117424
4.62036,191.533,-0.683797E-01
4.62097,191.558,-0.204224E-01
4.62158,191.583,-0.322195E-01
4.62219,191.608,0.238075E-01
4.62280,191.634,-0.718544E-01
4.62341,191.659,-0.113761
4.62402,191.684,-0.124309
4.62463,191.710,-0.120599
4.62524,191.735,-0.140735
4.62585,191.760,0.114334
4.62646,191.786,-0.142180
4.62708,191.811,0.360759
4.62769,191.836,0.110521
4.62830,191.862,-0.474315E-01
4.62891,191.887,0.923361E-01
4.62952,191.912,0.437838
4.63013,191.937,-0.134431
4.63074,191.963,0.325247
4.63135,191.988,-0.221328
4.63196,192.013,-0.414955E-01
4.63257,192.039,0.896211E-01
4.63318,192.064,0.110096
4.63379,192.089,-0.817109E-01
4.63440,192.115,-0.674361E-01
4.63501,192.140,0.153819
4.63562,192.165,-0.156981
4.63623,192.190,0.156194
4.63684,192.216,0.184760
4.63745,192.241,-0.800217E-02
4.63806,192.266,0.890274E-01
4.63867,192.292,0.220320
4.63928,192.317,0.110954
4.63989,192.342,0.101552
4.64050,192.368,0.200872
4.64111,192.393,-0.208267
4.64172,192.418,-0.325401
4.64233,192.443,-0.560354E-01
4.64294,192.469,-0.728336E-01
4.64355,192.494,0.290920E-01
4.64417,192.519,-0.601492E-01
4.64478,192.545,0.153875E-01
4.64539,192.570,0.180133
4.64600,192.595,0.167146E-01
4.64661,192.621,-0.125097
4.64722,192.646,0.156881
4.64783,192.671,0.563669E-01
4.64844,192.696,0.220879E-01
4.64905,192.722,0.136213
4.64966,192.747,-0.742466
4.65027,192.772,0.635816
4.65088,192.798,-0.193711E-02
4.65149,192.823,-0.170364
4.65210,192.848,-0.152564
4.65271,192.874,0.190634
4.65332,192.899,0.238321E-01
4.65393,192.924,0.738622E-01
4.65454,192.949,0.550478E-01
4.65515,192.975,0.348497
4.65576,193.000,-0.151278
4.65637,193.025,0.913997
4.65698,193.051,0.325958E-01
4.65759,193.076,-0.364119E-01
4.65820,193.101,-0.177316
4.65881,193.127,-0.359393
4.65942,193.152,0.977012E-01
4.66003,193.177,0.534024E-01
4.66064,193.202,-0.293951
4.66125,193.228,0.499783E-01
4.66187,193.253,0.953736E-01
4.66248,193.278,-0.268863E-02
4.66309,193.304,-0.255923
4.66370,193.329,-0.719321E-01
4.66431,193.354,0.171341
4.66492,193.380,0.436201E-01
4.66553,193.405,0.548291
4.66614,193.430,-0.149084
4.66675,193.456,-0.150254
4.66736,193.481,0.221777
4.66797,193.506,0.927977E-01
4.66858,193.531,-0.363415
4.66919,193.557,-0.587152E-01
4.66980,193.582,-0.322300
4.67041,193.607,0.240925
4.67102,193.633,0.439367E-01
4.67163,193.658,0.359896E-01
4.67224,193.683,-0.179406
4.67285,193.709,-0.145909
4.67346,193.734,0.874360E-01
4.67407,193.759,0.707254
4.67468,193.784,0.303981E-01
4.67529,193.810,-0.113080
4.67590,193.835,0.209952
4.67651,193.860,0.701856E-01
4.67712,193.886,-0.810476E-01
4.67773,193.911,0.788352E-01
4.67834,193.936,-0.109245
4.67896,193.962,0.320892E-01
4.67957,193.987,-0.892485E-01
4.68018,194.012,0.225775E-01
4.68079,194.037,-0.129142E-02
4.68140,194.063,-0.303425
4.68201,194.088,0.491592E-01
4.68262,194.113,0.135468
4.68323,194.139,-0.111814
4.68384,194.164,0.115300
4.68445,194.189,-0.142263
4.68506,194.215,-0.787088E-01
4.68567,194.240,0.289438E-01
4.68628,194.265,0.724844E-01
4.68689,194.290,0.253728E-01
4.68750,194.316,-0.135354
4.68811,194.341,0.399965
4.68872,194.366,-0.680279
4.68933,194.392,0.335753E-01
4.68994,194.417,-0.160163
4.69055,194.442,0.437614E-01
4.69116,194.468,-0.212669
4.69177,194.493,0.215928
4.69238,194.518,-0.122345
4.69299,194.543,0.562133E-01
4.69360,194.569,0.123627
4.69421,194.594,0.579423E-01
4.69482,194.619,-0.486919E-01
4.69543,194.645,0.127294
4.69604,194.670,-0.422768
4.69666,194.695,0.301010E-01
4.69727,194.721,0.104030
4.69788,194.746,-0.378998E-01
4.69849,194.771,-0.249944
4.69910,194.796,0.142761
4.69971,194.822,-0.446306E-01
4.70032,194.847,0.350977E-01
4.70093,194.872,0.339972
4.70154,194.898,0.285756E-01
4.70215,194.923,0.502858E-02
4.70276,194.948,0.926221E-01
4.70337,194.974,0.133545
4.70398,194.999,-0.367991E-01
4.70459,195.024,0.104021
4.70520,195.050,0.574562E-01
4.70581,195.075,-0.238292
4.70642,195.100,-0.151370
4.70703,195.125,-0.151660
4.70764,195.151,0.115955
4.70825,195.176,0.246724
4.70886,195.201,-0.190383
4.70947,195.227,-0.138662E-01
4.71008,195.252,0.111375
4.71069,195.277,0.344544E-01
4.71130,195.303,0.234342
4.71191,195.328,-0.418931E-01
4.71252,195.353,0.126985E-01
4.71313,195.378,-0.565425E-01
4.71375,195.404,-0.441972E-01
4.71436,195.429,-0.397330
4.71497,195.454,0.457907
4.71558,195.480,0.624214E-01
4.71619,195.505,-0.605855
4.71680,195.530,0.934261E-01
4.71741,195.556,-0.208494
4.71802,195.581,-0.143929
4.71863,195.606,-0.710639E-01
4.71924,195.631,0.108552
4.71985,195.657,-0.965950E-01
4.72046,195.682,0.867439E-01
4.72107,195.707,-0.191751
4.72168,195.733,-0.360181
4.72229,195.758,0.189496
4.72290,195.783,-0.525673E-01
4.72351,195.809,0.105016
4.72412,195.834,0.970743E-01
4.72473,195.859,-0.340035E-01
4.72534,195.884,0.444941E-01
4.72595,195.910,-0.208601
4.72656,195.935,0.279855
4.72717,195.960,-0.145509
4.72778,195.986,-0.135302
4.72839,196.011,0.118735
4.72900,196.036,-0.141483
4.72961,196.062,-0.581976E-01
4.73022,196.087,-0.532584E-01
4.73083,196.112,-0.262091
4.73145,196.137,-0.412459
4.73206,196.163,-0.270395E-01
4.73267,196.188,-0.745671E-01
4.73328,196.213,-0.502618
4.73389,196.239,-1.29137
4.73450,196.264,0.397489
4.73511,196.289,0.121087E-02
4.73572,196.315,-0.262302E-01
4.73633,196.340,0.199898
4.73694,196.365,0.464318E-01
4.73755,196.390,0.268351E-01
4.73816,196.416,-0.746721E-01
4.73877,196.441,0.146325
4.73938,196.466,0.603520E-01
4.73999,196.492,0.305596
4.74060,196.517,-0.827348E-01
4.74121,196.542,0.157264
4.74182,196.568,-0.177970
4.74243,196.593,-0.193581E-01
4.74304,196.618,0.605013
4.74365,196.643,-0.629012E-01
4.74426,196.669,-0.365059E-01
4.74487,196.694,0.300908
4.74548,196.719,0.370785E-01
4.74609,196.745,0.883249E-01
4.74670,196.770,-0.230425E-01
4.74731,196.795,-0.591375E-01
4.74792,196.821,0.136388
4.74854,196.846,-0.162050
4.74915,196.871,0.107709
4.74976,196.897,-0.206706
4.75037,196.922,-0.172006
4.75098,196.947,0.982706E-01
4.75159,196.972,-0.694982E-01
4.75220,196.998,0.321310E-01
4.75281,197.023,-0.446153
4.75342,197.048,-0.128203
4.75403,197.074,-0.242924E-01
4.75464,197.099,-0.749414E-01
4.75525,197.124,-0.944032E-01
4.75586,197.150,-0.289245
4.75647,197.175,0.754156E-02
4.75708,197.200,-0.178334E-01
4.75769,197.225,-0.417904E-01
4.75830,197.251,-0.143355
4.75891,197.276,0.101161E-01
4.75952,197.301,-0.158682E-01
4.76013,197.327,0.103000
4.76074,197.352,-0.623343E-01
4.76135,197.377,0.455144E-01
4.76196,197.403,-0.246946
4.76257,197.428,0.486605
4.76318,197.453,0.113112
4.76379,197.478,-0.271197
4.76440,197.504,-0.209389
4.76501,197.529,0.190325
4.76562,197.554,0.581975
4.76624,197.580,0.267975E-01
4.76685,197.605,0.468531
4.76746,197.630,-0.875814E-02
4.76807,197.656,0.185627E-01
4.76868,197.681,0.109059
4.76929,197.706,-0.910586E-01
4.76990,197.731,0.100529E-01
4.77051,197.757,0.291957
4.77112,197.782,-0.955085E-01
4.77173,197.807,-0.170169E-01
4.77234,197.833,0.148793
4.77295,197.858,-0.295500
4.77356,197.883,-0.203586E-01
4.77417,197.909,0.124514
4.77478,197.934,-0.936821E-01
4.77539,197.959,-0.862129E-01
4.77600,197.984,-0.656357E-01
4.77661,198.010,0.199104
4.77722,198.035,0.402148E-01
4.77783,198.060,-0.260301
4.77844,198.086,-0.199873
4.77905,198.111,-0.130232
4.77966,198.136,0.598240E-01
4.78027,198.162,0.310075
4.78088,198.187,-0.839144E-01
4.78149,198.212,0.598948
4.78210,198.237,-0.172981
4.78271,198.263,-0.266568
4.78333,198.288,-0.234104E-01
4.78394,198.313,-0.162949E-01
4.78455,198.339,-0.209799
4.78516,198.364,-0.674285E-01
4.78577,198.389,0.162905
4.78638,198.415,0.416009E-01
4.78699,198.440,0.573743E-01
4.78760,198.465,0.133472
4.78821,198.491,-0.254022E-01
4.78882,198.516,0.282118E-01
4.78943,198.541,-0.601595
4.79004,198.566,-0.841814E-01
4.79065,198.592,-0.124314E-01
4.79126,198.617,0.381889
4.79187,198.642,0.420960
4.79248,198.668,-0.619804E-01
4.79309,198.693,-0.697238E-01
4.79370,198.718,-0.152815E-01
4.79431,198.744,-0.238735
4.79492,198.769,0.357977
4.79553,198.794,-0.887437E-01
4.79614,198.819,0.566757E-01
4.79675,198.845,-0.977202E-01
4.79736,198.870,0.693695E-02
4.79797,198.895,-0.292384
4.79858,198.921,-0.383521
4.79919,198.946,-0.282870E-02
4.79980,198.971,0.558743E-02
4.80042,198.997,0.165419
4.80103,199.022,-0.110073
4.80164,199.047,-0.508656E-01
4.80225,199.072,-0.429595
4.80286,199.098,-0.110644
4.80347,199.123,-0.364531E-01
4.80408,199.148,-0.126875E-01
4.80469,199.174,0.121176
4.80530,199.199,0.662808E-01
4.80591,199.224,-0.285273
4.80652,199.250,0.899716E-01
4.80713,199.275,0.325764
4.80774,199.300,0.359929
4.80835,199.325,-0.313004
4.80896,199.351,0.264831E-01
4.80957,199.376,-0.498265E-01
4.81018,199.401,0.289286
4.81079,199.427,0.362399E-02
4.81140,199.452,-0.929315E-01
4.81201,199.477,0.373848
4.81262,199.503,0.538199E-01
4.81323,199.528,-0.128267
4.81384,199.553,0.960440E-01
4.81445,199.578,0.100255
4.81506,199.604,-0.100529
4.81567,199.629,-0.169558
4.81628,199.654,0.105173
4.81689,199.680,0.185950
4.81750,199.705,-0.851408E-01
4.81812,199.730,0.142518
4.81873,199.756,0.282441E-01
4.81934,199.781,-0.288065
4.81995,199.806,-0.442859E-01
4.82056,199.831,-0.655670E-01
4.82117,199.857,0.231396E-01
4.82178,199.882,-0.659345
4.82239,199.907,-0.297032
4.82300,199.933,-0.268997E-02
4.82361,199.958,-0.400762
4.82422,199.983,-0.251659
4.82483,200.009,-0.934445E-01
4.82544,200.034,-0.298033
4.82605,200.059,-0.351022
4.82666,200.085,0.665864E-01
4.82727,200.110,-0.490142E-01
4.82788,200.135,-0.209856
4.82849,200.160,-0.365083E-01
4.82910,200.186,-0.685519E-01
4.82971,200.211,-0.185793
4.83032,200.236,-0.754325E-01
4.83093,200.262,-0.795629
4.83154,200.287,-0.680619E-01
4.83215,200.312,-0.896792E-01
4.83276,200.338,-0.214393
4.83337,200.363,-0.248953E-01
4.83398,200.388,-0.404482E-01
4.83459,200.413,-0.371283
4.83521,200.439,0.586965E-01
4.83582,200.464,-0.585934
4.83643,200.489,0.264365E-01
4.83704,200.515,0.223962
4.83765,200.540,-0.106707
4.83826,200.565,0.104123
4.83887,200.591,0.240216E-01
4.83948,200.616,-0.532159E-01
4.84009,200.641,0.422521
4.84070,200.666,-0.419045
4.84131,200.692,0.346506E-01
4.84192,200.717,-0.593169E-01
4.84253,200.742,-0.101559
4.84314,200.768,-0.496328
4.84375,200.793,0.230867E-01
4.84436,200.818,0.215192
4.84497,200.844,0.115369E-01
4.84558,200.869,-0.279156
4.84619,200.894,-0.103415
4.84680,200.919,-0.101277
4.84741,200.945,0.275017
4.84802,200.970,-0.152828
4.84863,200.995,-0.329192
4.84924,201.021,0.708916E-01
4.84985,201.046,0.134340
4.85046,201.071,-0.178154
4.85107,201.097,-0.502474E-01
4.85168,201.122,0.451395E-01
4.85229,201.147,-0.962121E-01
4.85291,201.172,-0.192570
4.85352,201.198,0.130517
4.85413,201.223,-0.276481
4.85474,201.248,0.470281
4.85535,201.274,0.538220E-01
4.85596,201.299,-0.287408
4.85657,201.324,0.148527
4.85718,201.350,-0.902001E-01
4.85779,201.375,-0.120281E-01
4.85840,201.400,-0.708362E-01
4.85901,201.425,-0.350061
4.85962,201.451,0.216300
4.86023,201.476,-0.593918E-01
4.86084,201.501,-0.231229
4.86145,201.527,0.127867E-01
4.86206,201.552,0.757148E-01
4.86267,201.577,0.938382E-01
4.86328,201.603,-0.209539
4.86389,201.628,0.747389E-01
4.86450,201.653,0.100747
4.86511,201.679,0.167454
4.86572,201.704,0.320252E-01
4.86633,201.729,-0.385422E-01
4.86694,201.754,0.165890
4.86755,201.780,-0.124401
4.86816,201.805,0.309564E-01
4.86877,201.830,-0.530011
4.86938,201.856,0.211578
4.87000,201.881,0.512653E-01
4.87061,201.906,0.454300E-01
4.87122,201.932,-0.228791
4.87183,201.957,-0.101468
4.87244,201.982,0.152339
4.87305,202.007,-0.152188
4.87366,202.033,0.225989
4.87427,202.058,-0.405034E-01
4.87488,202.083,0.131455
4.87549,202.109,-0.244605
4.87610,202.134,-0.258666E-02
4.87671,202.159,-0.194942
4.87732,202.185,0.134998
4.87793,202.210,-0.188730
4.87854,202.235,-0.178242
4.87915,202.260,-0.160746
4.87976,202.286,-0.135564E-03
4.88037,202.311,0.191838
4.88098,202.336,-0.382566
4.88159,202.362,0.847855E-01
4.88220,202.387,-0.378519E-01
4.88281,202.412,0.262699
4.88342,202.438,0.144858
4.88403,202.463,-0.126447
4.88464,202.488,-0.267944
4.88525,202.513,-0.223567E-02
4.88586,202.539,-0.220736
4.88647,202.564,0.137934
4.88708,202.589,0.506254E-01
4.88770,202.615,-0.251698
4.88831,202.640,0.100518
4.88892,202.665,-0.181767E-01
4.88953,202.691,-0.677973E-01
4.89014,202.716,-0.179536
4.89075,202.741,0.138621
4.89136,202.766,0.732267E-01
4.89197,202.792,-0.336541
4.89258,202.817,-0.152050
4.89319,202.842,-0.126824
4.89380,202.868,0.223192
4.89441,202.893,0.296174
4.89502,202.918,-0.135277
4.89563,202.944,0.153774
4.89624,202.969,0.380850
4.89685,202.994,0.446984E-01
4.89746,203.019,0.107978
4.89807,203.045,-0.371184E-01
4.89868,203.070,0.316238
4.89929,203.095,0.296438
4.89990,203.121,0.487840E-01
4.90051,203.146,0.407749E-01
4.90112,203.171,0.169854
4.90173,203.197,-0.152639
4.90234,203.222,-0.919149E-01
4.90295,203.247,0.494924E-01
4.90356,203.272,0.211843E-01
4.90417,203.298,0.289403E-01
4.90479,203.323,0.101798
4.90540,203.348,0.809445E-02
4.90601,203.374,0.231384E-02
4.90662,203.399,0.191988
4.90723,203.424,-0.162268
4.90784,203.450,0.979293E-01
4.90845,203.475,-0.506932E-02
4.90906,203.500,-0.223409
4.90967,203.526,-0.181710E-01
4.91028,203.551,-0.175419
4.91089,203.576,0.108752
4.91150,203.601,-0.181462
4.91211,203.627,-0.350668E-01
4.91272,203.652,-0.129722E-01
4.91333,203.677,0.653362E-01
4.91394,203.703,0.368701
4.91455,203.728,0.270030E-01
4.91516,203.753,0.193386
4.91577,203.779,-0.676173E-01
4.91638,203.804,-0.406461E-02
4.91699,203.829,-0.240253
4.91760,203.854,-0.296676
4.91821,203.880,-0.984785E-01
4.91882,203.905,0.109979
4.91943,203.930,-0.357781E-01
4.92004,203.956,0.588241E-01
4.92065,203.981,0.515439
4.92126,204.006,0.309779
4.92188,204.032,0.161823
4.92249,204.057,-0.219761E-01
4.92310,204.082,-0.135701
4.92371,204.107,-0.120766E-01
4.92432,204.133,0.142471
4.92493,204.158,0.624525E-01
4.92554,204.183,-0.266421E-01
4.92615,204.209,-0.227564
4.92676,204.234,-0.254713E-01
4.92737,204.259,-0.206113E-01
4.92798,204.285,0.271992E-01
4.92859,204.310,-0.579416E-01
4.92920,204.335,0.207287
4.92981,204.360,-0.137631
4.93042,204.386,0.364205E-01
4.93103,204.411,-0.168727E-01
4.93164,204.436,0.261195
4.93225,204.462,0.149785
4.93286,204.487,0.285126
4.93347,204.512,0.192668
4.93408,204.538,0.100812
4.93469,204.563,0.220831
4.93530,204.588,-0.675320
4.93591,204.613,-0.182942
4.93652,204.639,-0.105146
4.93713,204.664,-0.114429E-01
4.93774,204.689,-0.397435E-01
4.93835,204.715,-0.472703
4.93896,204.740,0.257524
4.93958,204.765,0.286399E-02
4.94019,204.791,-0.177319
4.94080,204.816,-0.304757
4.94141,204.841,-0.477508E-01
4.94202,204.866,-0.308531E-01
4.94263,204.892,0.169921E-02
4.94324,204.917,-0.359135
4.94385,204.942,-0.163436
4.94446,204.968,-0.934932E-02
4.94507,204.993,0.819864E-01
4.94568,205.018,-0.260245
4.94629,205.044,-0.101208
4.94690,205.069,-0.168486
4.94751,205.094,0.200713
4.94812,205.120,0.700289E-01
4.94873,205.145,0.223918E-02
4.94934,205.170,0.472769E-01
4.94995,205.195,0.334242
4.95056,205.221,0.229253
4.95117,205.246,0.483395E-01
4.95178,205.271,0.887760E-01
4.95239,205.297,0.737721E-01
4.95300,205.322,-0.643959E-01
4.95361,205.347,-0.425875E-01
4.95422,205.373,-0.559937E-01
4.95483,205.398,0.188203E-01
4.95544,205.423,-0.168668
4.95605,205.448,0.123988E-01
4.95667,205.474,-0.111735
4.95728,205.499,0.782713E-01
4.95789,205.524,-0.336300E-01
4.95850,205.550,-0.459082E-01
4.95911,205.575,0.773878E-01
4.95972,205.600,-0.108742
4.96033,205.626,-0.555173E-01
4.96094,205.651,0.132140
4.96155,205.676,-0.380764
4.96216,205.701,0.115442E-01
4.96277,205.727,-0.624368
4.96338,205.752,0.147435E-01
4.96399,205.777,-0.104723
4.96460,205.803,0.266217
4.96521,205.828,-0.188480
4.96582,205.853,-0.194622
4.96643,205.879,0.132805
4.96704,205.904,-0.320837E-02
4.96765,205.929,-0.365110
4.96826,205.954,-0.103203
4.96887,205.980,0.117473
4.96948,206.005,0.810039E-01
4.97009,206.030,-0.518680
4.97070,206.056,0.143315
4.97131,206.081,-0.129290
4.97192,206.106,-0.315616
4.97253,206.132,-0.253610E-01
4.97314,206.157,-0.414509
4.97375,206.182,-0.897814E-01
4.97437,206.207,0.179213
4.97498,206.233,0.176725
4.97559,206.258,0.630359E-02
4.97620,206.283,0.252538E-01
4.97681,206.309,0.232826
4.97742,206.334,-0.332053E-01
4.97803,206.359,-0.180471
4.97864,206.385,0.179736E-01
4.97925,206.410,-0.859023E-01
4.97986,206.435,-0.288924
4.98047,206.460,-0.100634
4.98108,206.486,0.515887E-01
4.98169,206.511,0.392348E-01
4.98230,206.536,-0.413387
4.98291,206.562,0.197304
4.98352,206.587,-0.916539E-02
4.98413,206.612,0.105496
4.98474,206.638,-0.268622
4.98535,206.663,0.156980
4.98596,206.688,0.104649
4.98657,206.714,-0.239802
4.98718,206.739,0.635852E-02
4.98779,206.764,0.104300
4.98840,206.789,0.151448
4.98901,206.815,0.356104E-01
4.98962,206.840,-0.852782E-02
4.99023,206.865,-0.293382E-01
4.99084,206.891,-0.486794E-01
4.99146,206.916,-0.527755E-01
4.99207,206.941,-0.205094
4.99268,206.967,0.283454
4.99329,206.992,0.223257
4.99390,207.017,0.203705
4.99451,207.042,-0.278371
4.99512,207.068,0.151396
4.99573,207.093,-0.287723
4.99634,207.118,0.109868
4.99695,207.144,0.836011E-02
4.99756,207.169,0.128091
4.99817,207.194,-0.440128E-02
4.99878,207.220,-0.837689E-01
4.99939,207.245,-0.514653
5.00000,207.270,0.487028E-01
