Full_(co)spectra
----------------
natural_frequency_[Hz]_->_from_[1/_averaging_interval]_to_[acquisition_frequency_/_2]
normalized_frequency_[#]->_natural_frequency_*_measuring_height_/_wind_speed
y-axis_->_natural_frequency_*_(co)spectrum_/_(co)variance
acquisition_frequency_[Hz]_=_ 10.000
measuring_height_(z-d)_[m]_=_  3.990
wind_speed_[m+1s-1]_=_  0.067
averaging_interval_[min]_=_     30
tapering_window_=_SQUARED_(no_tapering_forced_by_EddyPro._Tapering_is_only_applied_for_binned_(co)spectra)
,,cov(w_ts)
,,1.1800134273045732E-004
natural_frequency,normalized_frequency,f_nat*cospec(w_ts)
0.610352E-03,0.362272E-01,-0.630154
0.122070E-02,0.724544E-01,-0.264200E-01
0.183105E-02,0.108682,-2.96199
0.244141E-02,0.144909,-0.633513
0.305176E-02,0.181136,-0.648480
0.366211E-02,0.217363,-0.280510
0.427246E-02,0.253590,-0.109804
0.488281E-02,0.289817,-0.300696
0.549316E-02,0.326045,-0.764383E-01
0.610352E-02,0.362272,0.510298
0.671387E-02,0.398499,0.279219
0.732422E-02,0.434726,-1.23776
0.793457E-02,0.470953,0.203539
0.854492E-02,0.507181,-2.50142
0.915527E-02,0.543408,-2.12549
0.976562E-02,0.579635,-0.598676
0.103760E-01,0.615862,-0.534561
0.109863E-01,0.652089,-2.09704
0.115967E-01,0.688316,1.27068
0.122070E-01,0.724544,-0.232634
0.128174E-01,0.760771,-0.475309
0.134277E-01,0.796998,-0.545543
0.140381E-01,0.833225,2.43964
0.146484E-01,0.869452,-1.80407
0.152588E-01,0.905680,-0.218004
0.158691E-01,0.941907,0.382357
0.164795E-01,0.978134,0.664912
0.170898E-01,1.01436,1.16544
0.177002E-01,1.05059,-0.575973E-01
0.183105E-01,1.08682,0.636090
0.189209E-01,1.12304,-0.348894
0.195312E-01,1.15927,-0.717050
0.201416E-01,1.19550,1.22085
0.207520E-01,1.23172,0.334839
0.213623E-01,1.26795,-1.34910
0.219727E-01,1.30418,-0.449771E-01
0.225830E-01,1.34041,0.277830E-02
0.231934E-01,1.37663,-0.695649
0.238037E-01,1.41286,1.29035
0.244141E-01,1.44909,-2.94936
0.250244E-01,1.48531,-0.943310
0.256348E-01,1.52154,0.127259
0.262451E-01,1.55777,1.62324
0.268555E-01,1.59400,0.706046
0.274658E-01,1.63022,-2.59178
0.280762E-01,1.66645,3.09890
0.286865E-01,1.70268,1.20751
0.292969E-01,1.73890,2.06599
0.299072E-01,1.77513,-3.10054
0.305176E-01,1.81136,0.987815
0.311279E-01,1.84759,7.41776
0.317383E-01,1.88381,-0.589879
0.323486E-01,1.92004,6.39758
0.329590E-01,1.95627,1.32838
0.335693E-01,1.99250,0.777954
0.341797E-01,2.02872,7.83966
0.347900E-01,2.06495,0.363202
0.354004E-01,2.10118,-0.902626
0.360107E-01,2.13740,0.248231
0.366211E-01,2.17363,0.599883
0.372314E-01,2.20986,-0.410335
0.378418E-01,2.24609,-1.35246
0.384521E-01,2.28231,0.905003
0.390625E-01,2.31854,0.573207
0.396729E-01,2.35477,-0.807812
0.402832E-01,2.39099,0.529514
0.408936E-01,2.42722,-0.726902
0.415039E-01,2.46345,-1.14153
0.421143E-01,2.49968,6.24980
0.427246E-01,2.53590,2.01935
0.433350E-01,2.57213,-0.880564
0.439453E-01,2.60836,1.69579
0.445557E-01,2.64458,1.85773
0.451660E-01,2.68081,-0.603784
0.457764E-01,2.71704,4.14083
0.463867E-01,2.75327,-1.02757
0.469971E-01,2.78949,0.525252E-01
0.476074E-01,2.82572,7.86161
0.482178E-01,2.86195,-0.319773
0.488281E-01,2.89817,2.64221
0.494385E-01,2.93440,2.55149
0.500488E-01,2.97063,-0.368949
0.506592E-01,3.00686,-4.87008
0.512695E-01,3.04308,-3.36872
0.518799E-01,3.07931,-0.495500
0.524902E-01,3.11554,4.17727
0.531006E-01,3.15177,4.05034
0.537109E-01,3.18799,1.35740
0.543213E-01,3.22422,3.72972
0.549316E-01,3.26045,6.96116
0.555420E-01,3.29667,1.49616
0.561523E-01,3.33290,-1.69701
0.567627E-01,3.36913,-1.08200
0.573730E-01,3.40536,-0.548599
0.579834E-01,3.44158,-0.351002E-01
0.585938E-01,3.47781,0.804823
0.592041E-01,3.51404,2.10249
0.598145E-01,3.55026,2.28801
0.604248E-01,3.58649,2.41211
0.610352E-01,3.62272,1.88843
0.616455E-01,3.65895,2.47525
0.622559E-01,3.69517,2.33962
0.628662E-01,3.73140,0.989369
0.634766E-01,3.76763,1.16781
0.640869E-01,3.80385,-2.33166
0.646973E-01,3.84008,2.66390
0.653076E-01,3.87631,3.37540
0.659180E-01,3.91254,0.467639
0.665283E-01,3.94876,0.370647
0.671387E-01,3.98499,2.70213
0.677490E-01,4.02122,-2.56737
0.683594E-01,4.05744,0.284729
0.689697E-01,4.09367,0.316186
0.695801E-01,4.12990,-0.206834
0.701904E-01,4.16613,1.61484
0.708008E-01,4.20235,2.13233
0.714111E-01,4.23858,-0.378143
0.720215E-01,4.27481,0.515632
0.726318E-01,4.31103,0.894719
0.732422E-01,4.34726,2.58963
0.738525E-01,4.38349,-0.106811
0.744629E-01,4.41972,4.15856
0.750732E-01,4.45594,9.25951
0.756836E-01,4.49217,2.51116
0.762939E-01,4.52840,1.09172
0.769043E-01,4.56463,-3.71894
0.775146E-01,4.60085,5.04956
0.781250E-01,4.63708,1.51077
0.787354E-01,4.67331,-1.22516
0.793457E-01,4.70953,1.12165
0.799561E-01,4.74576,1.87800
0.805664E-01,4.78199,0.131215E-02
0.811768E-01,4.81822,-0.728054
0.817871E-01,4.85444,-0.134070
0.823975E-01,4.89067,1.23424
0.830078E-01,4.92690,2.39667
0.836182E-01,4.96312,2.21481
0.842285E-01,4.99935,3.03275
0.848389E-01,5.03558,1.86386
0.854492E-01,5.07181,0.522889
0.860596E-01,5.10803,0.593016
0.866699E-01,5.14426,0.966096
0.872803E-01,5.18049,2.88927
0.878906E-01,5.21671,1.82295
0.885010E-01,5.25294,6.97501
0.891113E-01,5.28917,4.78635
0.897217E-01,5.32540,0.265963
0.903320E-01,5.36162,1.32424
0.909424E-01,5.39785,1.89754
0.915527E-01,5.43408,0.112582
0.921631E-01,5.47030,1.51439
0.927734E-01,5.50653,0.697504
0.933838E-01,5.54276,1.34440
0.939941E-01,5.57899,0.173539
0.946045E-01,5.61521,-0.160552
0.952148E-01,5.65144,-3.39271
0.958252E-01,5.68767,5.20750
0.964355E-01,5.72390,6.81221
0.970459E-01,5.76012,0.985246
0.976562E-01,5.79635,0.209909
0.982666E-01,5.83258,0.600031
0.988770E-01,5.86880,1.63092
0.994873E-01,5.90503,2.10113
0.100098,5.94126,-0.880137
0.100708,5.97749,0.837053
0.101318,6.01371,0.433232
0.101929,6.04994,0.178155
0.102539,6.08617,2.41021
0.103149,6.12239,1.41875
0.103760,6.15862,-1.40846
0.104370,6.19485,0.437798
0.104980,6.23108,0.572605
0.105591,6.26730,0.582960
0.106201,6.30353,0.479853E-01
0.106812,6.33976,0.544688
0.107422,6.37598,5.09640
0.108032,6.41221,2.06639
0.108643,6.44844,3.76487
0.109253,6.48467,4.39475
0.109863,6.52089,1.29331
0.110474,6.55712,0.816349
0.111084,6.59335,-6.94971
0.111694,6.62957,1.06408
0.112305,6.66580,5.37141
0.112915,6.70203,4.72165
0.113525,6.73826,6.06989
0.114136,6.77448,-0.372068
0.114746,6.81071,0.646319
0.115356,6.84694,-0.287649
0.115967,6.88316,-0.191654
0.116577,6.91939,0.833331
0.117188,6.95562,0.141517
0.117798,6.99185,2.03376
0.118408,7.02807,-0.193336
0.119019,7.06430,-1.15890
0.119629,7.10053,4.99464
0.120239,7.13676,8.24250
0.120850,7.17298,0.565577
0.121460,7.20921,0.296397
0.122070,7.24544,0.677491E-01
0.122681,7.28166,-0.514272
0.123291,7.31789,0.105282
0.123901,7.35412,3.80559
0.124512,7.39035,0.549267
0.125122,7.42657,0.201729
0.125732,7.46280,1.47494
0.126343,7.49903,1.26360
0.126953,7.53525,2.95201
0.127563,7.57148,0.851392
0.128174,7.60771,3.23575
0.128784,7.64394,0.995157E-02
0.129395,7.68016,-1.30191
0.130005,7.71639,-0.836884
0.130615,7.75262,0.400807
0.131226,7.78884,1.03515
0.131836,7.82507,8.95079
0.132446,7.86130,1.40381
0.133057,7.89753,-0.955525
0.133667,7.93375,-0.747246E-01
0.134277,7.96998,-1.68420
0.134888,8.00621,-0.853207
0.135498,8.04243,-0.106304
0.136108,8.07866,-0.912602
0.136719,8.11489,-0.803519
0.137329,8.15112,1.71623
0.137939,8.18734,1.18162
0.138550,8.22357,1.61078
0.139160,8.25980,1.71463
0.139771,8.29603,0.779993E-01
0.140381,8.33225,0.207373E-01
0.140991,8.36848,2.26753
0.141602,8.40471,2.58569
0.142212,8.44093,-3.75973
0.142822,8.47716,0.694270
0.143433,8.51339,0.332637
0.144043,8.54962,1.63746
0.144653,8.58584,2.26918
0.145264,8.62207,0.284110
0.145874,8.65830,3.27169
0.146484,8.69452,-0.666449
0.147095,8.73075,-1.46526
0.147705,8.76698,0.162248
0.148315,8.80321,2.44613
0.148926,8.83943,0.501589
0.149536,8.87566,1.08615
0.150146,8.91189,-0.977357
0.150757,8.94811,-0.190490
0.151367,8.98434,2.68873
0.151978,9.02057,1.14014
0.152588,9.05680,2.44856
0.153198,9.09302,3.49179
0.153809,9.12925,5.18790
0.154419,9.16548,1.72791
0.155029,9.20170,0.319638
0.155640,9.23793,0.566443
0.156250,9.27416,0.418598E-01
0.156860,9.31039,2.26938
0.157471,9.34661,2.03833
0.158081,9.38284,-0.325811
0.158691,9.41907,-0.532945
0.159302,9.45530,10.6060
0.159912,9.49152,4.03234
0.160522,9.52775,8.66887
0.161133,9.56398,3.02776
0.161743,9.60020,3.06358
0.162354,9.63643,-0.500474E-01
0.162964,9.67266,-0.388166
0.163574,9.70889,-2.59893
0.164185,9.74511,12.7908
0.164795,9.78134,3.76284
0.165405,9.81757,0.398968E-01
0.166016,9.85379,3.15457
0.166626,9.89002,-3.02583
0.167236,9.92625,0.342425
0.167847,9.96248,1.28732
0.168457,9.99870,1.72544
0.169067,10.0349,-0.436499
0.169678,10.0712,2.57070
0.170288,10.1074,0.452668
0.170898,10.1436,0.544348
0.171509,10.1798,5.44450
0.172119,10.2161,-3.09924
0.172729,10.2523,0.653201
0.173340,10.2885,0.856639
0.173950,10.3247,0.498815
0.174561,10.3610,-0.765325
0.175171,10.3972,0.186740
0.175781,10.4334,-0.624295
0.176392,10.4697,1.47432
0.177002,10.5059,-0.633780
0.177612,10.5421,1.22699
0.178223,10.5783,1.47515
0.178833,10.6146,0.183916
0.179443,10.6508,0.328132
0.180054,10.6870,-1.87276
0.180664,10.7232,0.780148
0.181274,10.7595,-1.97138
0.181885,10.7957,2.90261
0.182495,10.8319,-0.428531
0.183105,10.8682,0.520379
0.183716,10.9044,-0.928329
0.184326,10.9406,1.70929
0.184937,10.9768,1.63447
0.185547,11.0131,3.13759
0.186157,11.0493,5.62620
0.186768,11.0855,9.58372
0.187378,11.1217,4.23512
0.187988,11.1580,2.44603
0.188599,11.1942,5.99826
0.189209,11.2304,1.83195
0.189819,11.2667,0.574197
0.190430,11.3029,7.01250
0.191040,11.3391,4.60831
0.191650,11.3753,1.14269
0.192261,11.4116,0.710485
0.192871,11.4478,-0.956894E-01
0.193481,11.4840,-2.24572
0.194092,11.5202,0.259777
0.194702,11.5565,1.81375
0.195312,11.5927,2.17203
0.195923,11.6289,3.57081
0.196533,11.6652,2.05586
0.197144,11.7014,1.50835
0.197754,11.7376,8.23994
0.198364,11.7738,-0.100278
0.198975,11.8101,-0.676345E-01
0.199585,11.8463,-0.285948
0.200195,11.8825,-0.766759
0.200806,11.9187,0.992967
0.201416,11.9550,-2.73393
0.202026,11.9912,0.849228
0.202637,12.0274,1.62076
0.203247,12.0637,-0.864216
0.203857,12.0999,-0.970284E-01
0.204468,12.1361,-0.813305E-01
0.205078,12.1723,-0.751747
0.205688,12.2086,0.640579E-02
0.206299,12.2448,2.25478
0.206909,12.2810,6.45309
0.207520,12.3172,2.99667
0.208130,12.3535,0.302451
0.208740,12.3897,1.82468
0.209351,12.4259,0.450641
0.209961,12.4622,1.64449
0.210571,12.4984,1.03258
0.211182,12.5346,-1.19102
0.211792,12.5708,-0.123880
0.212402,12.6071,-0.800003
0.213013,12.6433,1.52664
0.213623,12.6795,0.277324
0.214233,12.7157,1.47198
0.214844,12.7520,2.91016
0.215454,12.7882,1.95097
0.216064,12.8244,-4.96229
0.216675,12.8607,1.89421
0.217285,12.8969,1.35789
0.217896,12.9331,0.913859
0.218506,12.9693,0.194118
0.219116,13.0056,0.104048
0.219727,13.0418,-1.12811
0.220337,13.0780,4.01649
0.220947,13.1142,0.173591
0.221558,13.1505,1.15735
0.222168,13.1867,0.369558
0.222778,13.2229,1.48788
0.223389,13.2591,0.631262
0.223999,13.2954,4.31745
0.224609,13.3316,0.338047
0.225220,13.3678,0.140842E-02
0.225830,13.4041,0.719400
0.226440,13.4403,-1.04708
0.227051,13.4765,10.3670
0.227661,13.5127,8.73393
0.228271,13.5490,1.67907
0.228882,13.5852,1.30906
0.229492,13.6214,5.55698
0.230103,13.6576,0.415570
0.230713,13.6939,0.496866
0.231323,13.7301,-0.250544
0.231934,13.7663,-0.269985
0.232544,13.8026,0.743202E-01
0.233154,13.8388,0.202667
0.233765,13.8750,-0.357216
0.234375,13.9112,3.21428
0.234985,13.9475,1.65516
0.235596,13.9837,-1.50875
0.236206,14.0199,-1.08738
0.236816,14.0561,-0.972555E-01
0.237427,14.0924,1.59387
0.238037,14.1286,0.927090
0.238647,14.1648,0.984600
0.239258,14.2011,0.810847
0.239868,14.2373,1.84488
0.240479,14.2735,-0.279473
0.241089,14.3097,-1.38660
0.241699,14.3460,3.47476
0.242310,14.3822,0.312651
0.242920,14.4184,-0.104949
0.243530,14.4546,1.50718
0.244141,14.4909,-0.925428
0.244751,14.5271,0.310084
0.245361,14.5633,1.87429
0.245972,14.5996,-0.539238
0.246582,14.6358,-0.333803
0.247192,14.6720,1.91850
0.247803,14.7082,-1.59024
0.248413,14.7445,2.46798
0.249023,14.7807,6.19505
0.249634,14.8169,-0.149446
0.250244,14.8531,-1.28079
0.250854,14.8894,1.58687
0.251465,14.9256,0.917620
0.252075,14.9618,3.66794
0.252686,14.9981,1.11507
0.253296,15.0343,1.32952
0.253906,15.0705,3.69204
0.254517,15.1067,1.18912
0.255127,15.1430,-2.03972
0.255737,15.1792,5.60116
0.256348,15.2154,3.46890
0.256958,15.2516,6.77131
0.257568,15.2879,1.85965
0.258179,15.3241,0.846417
0.258789,15.3603,0.660746
0.259399,15.3966,1.07820
0.260010,15.4328,0.618327
0.260620,15.4690,1.39420
0.261230,15.5052,-0.221767
0.261841,15.5415,-0.894405
0.262451,15.5777,0.337702E-02
0.263062,15.6139,-0.179332
0.263672,15.6501,1.54214
0.264282,15.6864,1.97677
0.264893,15.7226,0.937554E-01
0.265503,15.7588,1.53000
0.266113,15.7951,-0.727957
0.266724,15.8313,1.45491
0.267334,15.8675,0.150445
0.267944,15.9037,-2.25162
0.268555,15.9400,-0.399334
0.269165,15.9762,-0.504637
0.269775,16.0124,0.511581
0.270386,16.0486,0.754311
0.270996,16.0849,0.205780
0.271606,16.1211,2.11067
0.272217,16.1573,-0.302772E-02
0.272827,16.1936,-0.755967E-01
0.273438,16.2298,1.95914
0.274048,16.2660,-0.431895
0.274658,16.3022,0.941470
0.275269,16.3385,-0.367352E-01
0.275879,16.3747,0.612862
0.276489,16.4109,0.229868
0.277100,16.4471,0.728610
0.277710,16.4834,0.191018E-02
0.278320,16.5196,1.01004
0.278931,16.5558,2.60683
0.279541,16.5921,0.367986
0.280151,16.6283,0.149189
0.280762,16.6645,-0.321476E-01
0.281372,16.7007,1.16812
0.281982,16.7370,3.55749
0.282593,16.7732,0.193737
0.283203,16.8094,1.55830
0.283813,16.8456,0.540375
0.284424,16.8819,1.28203
0.285034,16.9181,1.46867
0.285645,16.9543,3.76278
0.286255,16.9905,0.482869
0.286865,17.0268,0.592709
0.287476,17.0630,5.22217
0.288086,17.0992,5.92045
0.288696,17.1355,1.78399
0.289307,17.1717,-1.07900
0.289917,17.2079,0.637051E-01
0.290527,17.2441,-0.181697
0.291138,17.2804,-0.401605
0.291748,17.3166,0.410949
0.292358,17.3528,0.478725E-01
0.292969,17.3890,0.783394
0.293579,17.4253,2.52721
0.294189,17.4615,3.87809
0.294800,17.4977,-0.501179
0.295410,17.5340,1.73919
0.296021,17.5702,0.386373
0.296631,17.6064,2.10672
0.297241,17.6426,0.528955
0.297852,17.6789,7.77219
0.298462,17.7151,0.780113
0.299072,17.7513,0.884846
0.299683,17.7875,-0.578863
0.300293,17.8238,1.46789
0.300903,17.8600,0.517729
0.301514,17.8962,0.316062E-01
0.302124,17.9325,0.946210
0.302734,17.9687,1.11318
0.303345,18.0049,-0.377454
0.303955,18.0411,0.245099
0.304565,18.0774,-0.555718
0.305176,18.1136,-0.372838
0.305786,18.1498,0.549263
0.306396,18.1860,0.878525
0.307007,18.2223,1.21580
0.307617,18.2585,-0.443038
0.308228,18.2947,-0.798581E-01
0.308838,18.3310,0.284527
0.309448,18.3672,0.695911E-01
0.310059,18.4034,2.17904
0.310669,18.4396,1.10286
0.311279,18.4759,0.284644
0.311890,18.5121,-0.729221
0.312500,18.5483,2.15357
0.313110,18.5845,1.72972
0.313721,18.6208,1.65089
0.314331,18.6570,-1.48133
0.314941,18.6932,0.374403
0.315552,18.7295,0.799779
0.316162,18.7657,-0.534584E-01
0.316772,18.8019,-0.587398
0.317383,18.8381,2.69486
0.317993,18.8744,0.739904
0.318604,18.9106,-0.159822
0.319214,18.9468,-0.225185
0.319824,18.9830,0.175592
0.320435,19.0193,-0.255355
0.321045,19.0555,0.361711
0.321655,19.0917,3.32264
0.322266,19.1280,-2.01055
0.322876,19.1642,-0.258209
0.323486,19.2004,0.387250E-01
0.324097,19.2366,1.30375
0.324707,19.2729,-0.228382
0.325317,19.3091,1.01750
0.325928,19.3453,-3.77177
0.326538,19.3815,0.503108
0.327148,19.4178,1.90209
0.327759,19.4540,-1.10032
0.328369,19.4902,-1.43276
0.328979,19.5265,-1.25023
0.329590,19.5627,-1.15986
0.330200,19.5989,0.559904
0.330811,19.6351,1.32451
0.331421,19.6714,-0.124247
0.332031,19.7076,-0.193252
0.332642,19.7438,-0.267640
0.333252,19.7800,0.639520
0.333862,19.8163,-0.291386
0.334473,19.8525,1.30246
0.335083,19.8887,-0.345240
0.335693,19.9250,1.89100
0.336304,19.9612,-1.03987
0.336914,19.9974,-1.58066
0.337524,20.0336,-1.76486
0.338135,20.0699,0.162207
0.338745,20.1061,-0.437109
0.339355,20.1423,-1.62614
0.339966,20.1785,-0.249503
0.340576,20.2148,-0.294013E-01
0.341187,20.2510,-0.419196
0.341797,20.2872,0.640732E-01
0.342407,20.3235,-0.194507
0.343018,20.3597,0.686081
0.343628,20.3959,-1.08102
0.344238,20.4321,0.881518
0.344849,20.4684,0.201425
0.345459,20.5046,2.61993
0.346069,20.5408,-0.814235
0.346680,20.5770,0.796129E-01
0.347290,20.6133,0.962590
0.347900,20.6495,0.860943
0.348511,20.6857,-0.618887
0.349121,20.7219,1.01651
0.349731,20.7582,0.156072
0.350342,20.7944,-0.299360
0.350952,20.8306,-1.43595
0.351562,20.8669,-1.51723
0.352173,20.9031,1.27987
0.352783,20.9393,2.14759
0.353394,20.9755,0.105086
0.354004,21.0118,-0.791422
0.354614,21.0480,-0.553751E-01
0.355225,21.0842,0.320960E-01
0.355835,21.1204,1.91677
0.356445,21.1567,-1.86995
0.357056,21.1929,1.65537
0.357666,21.2291,0.953580
0.358276,21.2654,0.126919
0.358887,21.3016,0.461300
0.359497,21.3378,-0.373579
0.360107,21.3740,0.390420
0.360718,21.4103,0.435783
0.361328,21.4465,4.39664
0.361938,21.4827,2.11996
0.362549,21.5189,1.50134
0.363159,21.5552,2.80170
0.363770,21.5914,2.47848
0.364380,21.6276,2.76217
0.364990,21.6639,1.50589
0.365601,21.7001,-0.110016
0.366211,21.7363,1.70562
0.366821,21.7725,-0.906604
0.367432,21.8088,-0.693425
0.368042,21.8450,5.20144
0.368652,21.8812,1.70059
0.369263,21.9174,1.53231
0.369873,21.9537,1.26039
0.370483,21.9899,0.747694
0.371094,22.0261,2.52632
0.371704,22.0624,0.187945
0.372314,22.0986,0.528210
0.372925,22.1348,-1.32835
0.373535,22.1710,0.295011
0.374146,22.2073,1.30194
0.374756,22.2435,-3.00187
0.375366,22.2797,-2.46961
0.375977,22.3159,-2.51346
0.376587,22.3522,0.941952E-01
0.377197,22.3884,-0.433176E-01
0.377808,22.4246,0.414101
0.378418,22.4609,0.644332
0.379028,22.4971,0.904840
0.379639,22.5333,0.585962
0.380249,22.5695,0.400341
0.380859,22.6058,-0.268557
0.381470,22.6420,1.25065
0.382080,22.6782,0.366775
0.382690,22.7144,-0.456517
0.383301,22.7507,0.215165
0.383911,22.7869,2.59985
0.384521,22.8231,0.633765
0.385132,22.8594,0.738214
0.385742,22.8956,2.27386
0.386353,22.9318,-0.970602E-01
0.386963,22.9680,1.03754
0.387573,23.0043,-0.845184E-01
0.388184,23.0405,2.90510
0.388794,23.0767,0.495979E-01
0.389404,23.1129,0.579147
0.390015,23.1492,-0.383935
0.390625,23.1854,-2.01642
0.391235,23.2216,-0.149372
0.391846,23.2579,-0.963443
0.392456,23.2941,1.21709
0.393066,23.3303,0.819931
0.393677,23.3665,1.27645
0.394287,23.4028,0.175021E-01
0.394897,23.4390,3.38328
0.395508,23.4752,1.06206
0.396118,23.5114,1.10782
0.396729,23.5477,-0.144031
0.397339,23.5839,1.12219
0.397949,23.6201,-0.283869
0.398560,23.6564,-1.48607
0.399170,23.6926,1.42802
0.399780,23.7288,0.330568
0.400391,23.7650,-0.318304
0.401001,23.8013,-0.189002
0.401611,23.8375,-1.14779
0.402222,23.8737,-0.701457
0.402832,23.9099,-0.846911
0.403442,23.9462,-0.329603E-01
0.404053,23.9824,2.29166
0.404663,24.0186,0.144200
0.405273,24.0549,-0.430881
0.405884,24.0911,1.83970
0.406494,24.1273,-0.187495
0.407104,24.1635,0.181750
0.407715,24.1998,0.680132
0.408325,24.2360,-0.554742
0.408936,24.2722,0.131941
0.409546,24.3084,0.430120
0.410156,24.3447,1.58445
0.410767,24.3809,0.790235
0.411377,24.4171,-0.214598
0.411987,24.4533,0.724601
0.412598,24.4896,-1.03437
0.413208,24.5258,0.147616
0.413818,24.5620,-0.513532
0.414429,24.5983,-0.211743E-01
0.415039,24.6345,0.303682
0.415649,24.6707,3.50267
0.416260,24.7069,-1.45940
0.416870,24.7432,-0.122273
0.417480,24.7794,-1.15401
0.418091,24.8156,0.101237
0.418701,24.8518,1.25755
0.419312,24.8881,0.361224
0.419922,24.9243,-0.826529E-01
0.420532,24.9605,0.791837
0.421143,24.9968,0.738610
0.421753,25.0330,1.94523
0.422363,25.0692,1.19647
0.422974,25.1054,1.58328
0.423584,25.1417,0.261170
0.424194,25.1779,0.253393E-02
0.424805,25.2141,-0.628484
0.425415,25.2503,0.212642
0.426025,25.2866,0.717921
0.426636,25.3228,0.910457
0.427246,25.3590,0.817758
0.427856,25.3953,0.289803
0.428467,25.4315,0.366630
0.429077,25.4677,1.68115
0.429688,25.5039,0.740648
0.430298,25.5402,0.205496
0.430908,25.5764,0.219993
0.431519,25.6126,-1.82547
0.432129,25.6488,1.13754
0.432739,25.6851,-1.18652
0.433350,25.7213,-0.601931
0.433960,25.7575,1.48888
0.434570,25.7938,2.19831
0.435181,25.8300,0.557744E-01
0.435791,25.8662,0.693234
0.436401,25.9024,2.33373
0.437012,25.9387,0.418961
0.437622,25.9749,1.89225
0.438232,26.0111,-0.141104
0.438843,26.0473,-0.871067
0.439453,26.0836,0.830453
0.440063,26.1198,0.163916
0.440674,26.1560,-0.504536
0.441284,26.1923,0.782101E-01
0.441895,26.2285,-0.134518
0.442505,26.2647,0.128087
0.443115,26.3009,0.248914
0.443726,26.3372,-0.389140
0.444336,26.3734,0.464018
0.444946,26.4096,-0.213970
0.445557,26.4458,0.794096E-01
0.446167,26.4821,0.289634
0.446777,26.5183,-0.402057
0.447388,26.5545,2.40940
0.447998,26.5908,1.76929
0.448608,26.6270,0.394785E-01
0.449219,26.6632,-0.465432
0.449829,26.6994,-0.307423
0.450439,26.7357,-0.622965
0.451050,26.7719,1.76286
0.451660,26.8081,-0.123045
0.452271,26.8443,-0.528811
0.452881,26.8806,0.775303E-01
0.453491,26.9168,0.247326
0.454102,26.9530,0.404817
0.454712,26.9893,-0.149706
0.455322,27.0255,-0.168293E-01
0.455933,27.0617,0.931071E-01
0.456543,27.0979,-0.628417
0.457153,27.1342,0.749037
0.457764,27.1704,0.835731E-01
0.458374,27.2066,-0.289664
0.458984,27.2428,-1.57763
0.459595,27.2791,0.158700
0.460205,27.3153,-0.348350
0.460815,27.3515,0.118660
0.461426,27.3878,0.893324
0.462036,27.4240,-0.609698
0.462646,27.4602,0.745506
0.463257,27.4964,-0.733017E-01
0.463867,27.5327,0.835480
0.464478,27.5689,0.326183
0.465088,27.6051,0.182229
0.465698,27.6413,-0.145566
0.466309,27.6776,1.02492
0.466919,27.7138,0.450594
0.467529,27.7500,-0.908574
0.468140,27.7863,0.235921
0.468750,27.8225,-0.239554E-01
0.469360,27.8587,1.47052
0.469971,27.8949,0.642502
0.470581,27.9312,-0.749438
0.471191,27.9674,1.05641
0.471802,28.0036,-0.790399E-01
0.472412,28.0398,0.554224
0.473022,28.0761,-1.55039
0.473633,28.1123,1.35950
0.474243,28.1485,2.13537
0.474854,28.1847,3.26762
0.475464,28.2210,-0.346339
0.476074,28.2572,0.262818
0.476685,28.2934,1.30414
0.477295,28.3297,0.632421
0.477905,28.3659,-0.161316E-01
0.478516,28.4021,-0.949381E-01
0.479126,28.4383,-1.32315
0.479736,28.4746,0.155764
0.480347,28.5108,-0.404623
0.480957,28.5470,-1.03863
0.481567,28.5832,0.339728
0.482178,28.6195,-0.427040
0.482788,28.6557,0.252648E-01
0.483398,28.6919,1.57144
0.484009,28.7282,-1.03033
0.484619,28.7644,0.567450
0.485229,28.8006,0.882736
0.485840,28.8368,-0.657893E-01
0.486450,28.8731,0.538431
0.487061,28.9093,-1.27459
0.487671,28.9455,1.38931
0.488281,28.9817,0.508514
0.488892,29.0180,1.73197
0.489502,29.0542,0.167559
0.490112,29.0904,0.103484
0.490723,29.1267,-0.428705
0.491333,29.1629,-0.247639E-01
0.491943,29.1991,0.270134
0.492554,29.2353,-0.673527
0.493164,29.2716,0.557145
0.493774,29.3078,0.811925
0.494385,29.3440,-0.116575
0.494995,29.3802,0.135347
0.495605,29.4165,1.86055
0.496216,29.4527,0.219002
0.496826,29.4889,-0.970521
0.497437,29.5252,2.55455
0.498047,29.5614,1.22969
0.498657,29.5976,2.08237
0.499268,29.6338,-0.646549
0.499878,29.6701,1.40037
0.500488,29.7063,0.134988
0.501099,29.7425,-0.515263
0.501709,29.7787,0.854864
0.502319,29.8150,-0.453746
0.502930,29.8512,0.499491
0.503540,29.8874,-0.897829E-01
0.504150,29.9237,-0.128219
0.504761,29.9599,-1.79541
0.505371,29.9961,-2.71827
0.505981,30.0323,0.482236
0.506592,30.0686,-0.977285
0.507202,30.1048,0.166387
0.507812,30.1410,2.84930
0.508423,30.1772,-0.834069E-01
0.509033,30.2135,-0.726751
0.509644,30.2497,-0.544038E-01
0.510254,30.2859,0.690640
0.510864,30.3222,1.66772
0.511475,30.3584,-0.407099E-01
0.512085,30.3946,1.20139
0.512695,30.4308,0.192545
0.513306,30.4671,-0.535273E-01
0.513916,30.5033,0.378930
0.514526,30.5395,0.155648
0.515137,30.5757,0.735267
0.515747,30.6120,-0.691404
0.516357,30.6482,0.906569E-01
0.516968,30.6844,-0.133155E-01
0.517578,30.7207,2.13660
0.518188,30.7569,0.722118
0.518799,30.7931,-0.566664
0.519409,30.8293,0.135750
0.520020,30.8656,0.892920
0.520630,30.9018,0.952097
0.521240,30.9380,1.26589
0.521851,30.9742,1.19675
0.522461,31.0105,0.378953
0.523071,31.0467,-0.589582
0.523682,31.0829,-0.140781
0.524292,31.1192,0.777739
0.524902,31.1554,0.427100
0.525513,31.1916,-0.148208
0.526123,31.2278,-0.178471
0.526733,31.2641,0.430708
0.527344,31.3003,6.54648
0.527954,31.3365,0.254853
0.528564,31.3727,0.583689
0.529175,31.4090,0.508805
0.529785,31.4452,0.964423E-01
0.530396,31.4814,0.685283
0.531006,31.5177,-0.279952
0.531616,31.5539,-0.532861
0.532227,31.5901,-0.434439
0.532837,31.6263,-0.916765
0.533447,31.6626,0.185910
0.534058,31.6988,0.711158E-01
0.534668,31.7350,0.861662E-01
0.535278,31.7712,1.20516
0.535889,31.8075,-0.740604
0.536499,31.8437,0.665512
0.537109,31.8799,0.511389
0.537720,31.9161,1.16157
0.538330,31.9524,0.518615E-01
0.538940,31.9886,-0.101522E-01
0.539551,32.0248,-0.184905
0.540161,32.0611,-0.317017
0.540771,32.0973,0.950297
0.541382,32.1335,0.306748
0.541992,32.1697,0.221268
0.542603,32.2060,-0.373073
0.543213,32.2422,-0.104613
0.543823,32.2784,0.204550
0.544434,32.3146,-0.110365
0.545044,32.3509,0.208736
0.545654,32.3871,-0.458440
0.546265,32.4233,0.359105E-01
0.546875,32.4596,-0.320625E-01
0.547485,32.4958,-0.367915
0.548096,32.5320,-0.267786
0.548706,32.5682,1.23263
0.549316,32.6045,-0.805273E-01
0.549927,32.6407,0.540626E-01
0.550537,32.6769,0.518315
0.551147,32.7131,1.55187
0.551758,32.7494,-0.143645
0.552368,32.7856,0.305460
0.552979,32.8218,0.796769
0.553589,32.8581,0.230361
0.554199,32.8943,0.167462
0.554810,32.9305,0.122880
0.555420,32.9667,0.265904
0.556030,33.0030,0.268488E-01
0.556641,33.0392,0.121512
0.557251,33.0754,0.208652
0.557861,33.1116,-0.173673
0.558472,33.1479,-1.45899
0.559082,33.1841,0.728661
0.559692,33.2203,0.123968
0.560303,33.2566,1.01830
0.560913,33.2928,0.954233
0.561523,33.3290,0.472414
0.562134,33.3652,-0.113784
0.562744,33.4015,-0.265968
0.563354,33.4377,2.19286
0.563965,33.4739,-0.731590
0.564575,33.5101,0.728137E-01
0.565186,33.5464,0.338748
0.565796,33.5826,-0.537467
0.566406,33.6188,0.370434
0.567017,33.6551,-0.303109
0.567627,33.6913,0.224496
0.568237,33.7275,0.449945
0.568848,33.7637,3.10183
0.569458,33.8000,-0.829082
0.570068,33.8362,1.83087
0.570679,33.8724,-0.486103
0.571289,33.9086,0.456969
0.571899,33.9449,3.67003
0.572510,33.9811,0.306761
0.573120,34.0173,1.48362
0.573730,34.0536,1.51375
0.574341,34.0898,0.661951
0.574951,34.1260,-0.756864
0.575562,34.1622,-0.796888E-01
0.576172,34.1985,0.707292E-01
0.576782,34.2347,-1.17616
0.577393,34.2709,-0.246346E-01
0.578003,34.3071,0.562646E-02
0.578613,34.3434,0.524579E-01
0.579224,34.3796,0.373110
0.579834,34.4158,-0.233320
0.580444,34.4521,-0.259683
0.581055,34.4883,0.954811
0.581665,34.5245,1.52195
0.582275,34.5607,-0.158292
0.582886,34.5970,0.580606
0.583496,34.6332,0.882208
0.584106,34.6694,-0.116758
0.584717,34.7056,-0.671255E-01
0.585327,34.7419,0.522609E-01
0.585938,34.7781,0.407858
0.586548,34.8143,2.20248
0.587158,34.8506,0.304005
0.587769,34.8868,1.28872
0.588379,34.9230,0.353280
0.588989,34.9592,0.837432
0.589600,34.9955,0.811076
0.590210,35.0317,-1.97079
0.590820,35.0679,1.68263
0.591431,35.1041,1.53411
0.592041,35.1404,-0.154409
0.592651,35.1766,0.196138E-02
0.593262,35.2128,1.03338
0.593872,35.2490,-0.445617
0.594482,35.2853,-1.29323
0.595093,35.3215,1.28449
0.595703,35.3577,-0.695046
0.596313,35.3940,-0.108059
0.596924,35.4302,1.99487
0.597534,35.4664,-0.150768
0.598145,35.5026,0.189568
0.598755,35.5389,0.555962
0.599365,35.5751,0.317758
0.599976,35.6113,-0.132528
0.600586,35.6475,0.573326
0.601196,35.6838,0.282428
0.601807,35.7200,0.752950
0.602417,35.7562,0.568997
0.603027,35.7925,0.327684
0.603638,35.8287,1.19865
0.604248,35.8649,0.947695
0.604858,35.9011,-0.103356
0.605469,35.9374,0.139673
0.606079,35.9736,1.01608
0.606689,36.0098,-0.512677
0.607300,36.0460,0.320082
0.607910,36.0823,0.505340
0.608521,36.1185,-0.525704E-01
0.609131,36.1547,0.323768
0.609741,36.1910,0.284161
0.610352,36.2272,1.40267
0.610962,36.2634,0.454395E-01
0.611572,36.2996,-0.529250
0.612183,36.3359,0.194649
0.612793,36.3721,1.49981
0.613403,36.4083,-1.21520
0.614014,36.4445,0.587914
0.614624,36.4808,-0.866842
0.615234,36.5170,1.12403
0.615845,36.5532,-0.234355E-01
0.616455,36.5895,0.311989
0.617065,36.6257,0.292797
0.617676,36.6619,-0.690860
0.618286,36.6981,-1.11752
0.618896,36.7344,0.947354
0.619507,36.7706,-0.127429
0.620117,36.8068,0.120661
0.620728,36.8430,0.622032
0.621338,36.8793,0.493222
0.621948,36.9155,-0.287570
0.622559,36.9517,0.381498
0.623169,36.9880,-0.280045
0.623779,37.0242,0.226334
0.624390,37.0604,0.511399
0.625000,37.0966,-0.562660
0.625610,37.1329,-0.390041
0.626221,37.1691,-0.693528E-01
0.626831,37.2053,0.309134E-01
0.627441,37.2415,-0.405393
0.628052,37.2778,0.352290
0.628662,37.3140,-0.508466
0.629272,37.3502,0.526531
0.629883,37.3865,1.45569
0.630493,37.4227,0.221404
0.631104,37.4589,0.522110
0.631714,37.4951,0.157762
0.632324,37.5314,0.481011
0.632935,37.5676,-0.793173
0.633545,37.6038,1.67221
0.634155,37.6400,-0.374954
0.634766,37.6763,0.518754
0.635376,37.7125,1.00114
0.635986,37.7487,0.148316
0.636597,37.7850,-0.931465E-01
0.637207,37.8212,-0.286722
0.637817,37.8574,0.689730
0.638428,37.8936,0.631683E-01
0.639038,37.9299,0.680607
0.639648,37.9661,-0.813275
0.640259,38.0023,0.944008
0.640869,38.0385,0.741425E-01
0.641479,38.0748,0.986234
0.642090,38.1110,-0.742341
0.642700,38.1472,0.714754E-01
0.643311,38.1835,0.705502E-01
0.643921,38.2197,3.84539
0.644531,38.2559,0.663726
0.645142,38.2921,0.318850
0.645752,38.3284,2.48364
0.646362,38.3646,0.466522E-01
0.646973,38.4008,0.597576
0.647583,38.4370,0.269914
0.648193,38.4733,1.38633
0.648804,38.5095,-0.737121E-01
0.649414,38.5457,0.280352
0.650024,38.5820,-0.297942
0.650635,38.6182,-1.95406
0.651245,38.6544,0.112982
0.651855,38.6906,-0.183828
0.652466,38.7269,0.139201
0.653076,38.7631,0.218914
0.653687,38.7993,0.443831E-02
0.654297,38.8355,0.204334
0.654907,38.8718,-1.66982
0.655518,38.9080,0.609663
0.656128,38.9442,-0.854216
0.656738,38.9804,1.42488
0.657349,39.0167,-0.709713
0.657959,39.0529,-0.605057
0.658569,39.0891,-0.435379
0.659180,39.1254,-0.111521
0.659790,39.1616,-0.377370
0.660400,39.1978,-0.179113E-01
0.661011,39.2340,-0.405297
0.661621,39.2703,-0.310472
0.662231,39.3065,0.155802
0.662842,39.3427,0.317309E-01
0.663452,39.3789,0.105004
0.664062,39.4152,0.335035
0.664673,39.4514,-0.108568
0.665283,39.4876,0.497600
0.665894,39.5239,-0.354980
0.666504,39.5601,1.43353
0.667114,39.5963,-0.219218E-02
0.667725,39.6325,-0.311906
0.668335,39.6688,-0.766632
0.668945,39.7050,-0.385011
0.669556,39.7412,-1.40185
0.670166,39.7774,-0.567884E-02
0.670776,39.8137,0.171161
0.671387,39.8499,-0.111651
0.671997,39.8861,-0.792561E-01
0.672607,39.9224,-0.696646
0.673218,39.9586,-0.155100
0.673828,39.9948,-0.471805E-01
0.674438,40.0310,0.791886
0.675049,40.0673,0.785268
0.675659,40.1035,5.58673
0.676270,40.1397,1.99208
0.676880,40.1759,-0.173006
0.677490,40.2122,1.79633
0.678101,40.2484,-0.580032E-01
0.678711,40.2846,0.331173
0.679321,40.3209,-0.683374E-01
0.679932,40.3571,0.250563E-01
0.680542,40.3933,-0.414832
0.681152,40.4295,2.35032
0.681763,40.4658,0.111366
0.682373,40.5020,1.21096
0.682983,40.5382,0.659268E-01
0.683594,40.5744,-0.180421
0.684204,40.6107,-0.137117
0.684814,40.6469,-0.547327
0.685425,40.6831,0.897716
0.686035,40.7194,2.98368
0.686646,40.7556,2.73577
0.687256,40.7918,0.432574
0.687866,40.8280,1.90724
0.688477,40.8643,-0.354329
0.689087,40.9005,0.210660
0.689697,40.9367,0.370203
0.690308,40.9729,-0.381083E-01
0.690918,41.0092,0.542677
0.691528,41.0454,0.151800
0.692139,41.0816,-0.235856
0.692749,41.1179,0.426347E-01
0.693359,41.1541,-0.511553
0.693970,41.1903,0.178070
0.694580,41.2265,0.356618
0.695190,41.2628,0.123400
0.695801,41.2990,1.71061
0.696411,41.3352,1.76023
0.697021,41.3714,0.997533E-01
0.697632,41.4077,-0.590924
0.698242,41.4439,0.312033
0.698853,41.4801,-0.399679
0.699463,41.5164,0.668970
0.700073,41.5526,0.451354
0.700684,41.5888,-0.246391
0.701294,41.6250,0.172829
0.701904,41.6613,0.290534
0.702515,41.6975,-0.279768
0.703125,41.7337,-0.660164
0.703735,41.7699,1.23092
0.704346,41.8062,0.648555
0.704956,41.8424,2.21981
0.705566,41.8786,1.22618
0.706177,41.9149,0.328630
0.706787,41.9511,0.278360
0.707397,41.9873,0.431947
0.708008,42.0235,0.189059
0.708618,42.0598,0.790697
0.709229,42.0960,-0.537058
0.709839,42.1322,0.120185
0.710449,42.1684,1.41153
0.711060,42.2047,0.487913
0.711670,42.2409,0.817416E-01
0.712280,42.2771,0.245445
0.712891,42.3134,-0.722428
0.713501,42.3496,-0.978906
0.714111,42.3858,-0.229362
0.714722,42.4220,-1.10895
0.715332,42.4583,0.901232E-01
0.715942,42.4945,0.545272
0.716553,42.5307,0.395000
0.717163,42.5669,1.24274
0.717773,42.6032,0.340740
0.718384,42.6394,0.453698
0.718994,42.6756,-0.259869
0.719604,42.7118,0.108574
0.720215,42.7481,-0.892570
0.720825,42.7843,2.00872
0.721436,42.8205,0.292014
0.722046,42.8568,-0.828753E-01
0.722656,42.8930,0.724755
0.723267,42.9292,2.06328
0.723877,42.9654,-0.374572
0.724487,43.0017,-0.120621
0.725098,43.0379,0.375512
0.725708,43.0741,-0.179287
0.726318,43.1103,0.124950
0.726929,43.1466,-0.101446
0.727539,43.1828,-1.02979
0.728149,43.2190,-0.318996
0.728760,43.2553,-0.401065
0.729370,43.2915,0.658199
0.729980,43.3277,-0.239325
0.730591,43.3639,0.709955
0.731201,43.4002,0.154629
0.731812,43.4364,-0.996059E-01
0.732422,43.4726,-0.187230
0.733032,43.5088,-1.19197
0.733643,43.5451,0.483285E-01
0.734253,43.5813,0.957716
0.734863,43.6175,0.194338
0.735474,43.6538,-0.217149E-01
0.736084,43.6900,-0.847203
0.736694,43.7262,-0.416997
0.737305,43.7624,-1.03489
0.737915,43.7987,-0.399310
0.738525,43.8349,-1.59002
0.739136,43.8711,-0.602585
0.739746,43.9073,0.889430E-01
0.740356,43.9436,-0.172380
0.740967,43.9798,0.455807
0.741577,44.0160,1.24201
0.742188,44.0523,1.42560
0.742798,44.0885,-0.476567
0.743408,44.1247,-0.128993
0.744019,44.1609,-0.721779
0.744629,44.1972,1.02687
0.745239,44.2334,-0.464066
0.745850,44.2696,0.499573
0.746460,44.3058,-0.372080
0.747070,44.3421,0.161509
0.747681,44.3783,0.119373
0.748291,44.4145,-0.730640E-01
0.748901,44.4508,0.793376
0.749512,44.4870,0.363225
0.750122,44.5232,0.122462E-01
0.750732,44.5594,0.377164E-01
0.751343,44.5957,0.193454
0.751953,44.6319,0.309346
0.752563,44.6681,-0.413727E-01
0.753174,44.7043,-0.314925
0.753784,44.7406,0.344081
0.754395,44.7768,0.106115
0.755005,44.8130,0.210237
0.755615,44.8493,0.663918
0.756226,44.8855,0.296487
0.756836,44.9217,0.811809
0.757446,44.9579,-0.158279
0.758057,44.9942,-0.690064E-01
0.758667,45.0304,2.16118
0.759277,45.0666,1.11209
0.759888,45.1028,0.396764E-01
0.760498,45.1391,0.230992
0.761108,45.1753,0.261123
0.761719,45.2115,-0.989340
0.762329,45.2478,-0.841964
0.762939,45.2840,-0.194363
0.763550,45.3202,0.316452E-01
0.764160,45.3564,0.132646
0.764771,45.3927,0.493528
0.765381,45.4289,0.271550
0.765991,45.4651,0.104531E-01
0.766602,45.5013,-0.944980
0.767212,45.5376,-0.337012
0.767822,45.5738,0.367725
0.768433,45.6100,0.224433
0.769043,45.6463,1.06838
0.769653,45.6825,0.193929E-02
0.770264,45.7187,0.951372
0.770874,45.7549,-0.140693
0.771484,45.7912,0.408440
0.772095,45.8274,1.42358
0.772705,45.8636,0.491767
0.773315,45.8998,1.87363
0.773926,45.9361,2.45940
0.774536,45.9723,0.363540
0.775146,46.0085,0.634959E-01
0.775757,46.0448,0.410204
0.776367,46.0810,0.315511E-01
0.776978,46.1172,0.220056
0.777588,46.1534,0.282115
0.778198,46.1897,0.621249
0.778809,46.2259,-0.919849E-01
0.779419,46.2621,0.764568E-01
0.780029,46.2983,-0.687224
0.780640,46.3346,-0.720621
0.781250,46.3708,-0.565514
0.781860,46.4070,-0.527030
0.782471,46.4432,-0.143506
0.783081,46.4795,2.05135
0.783691,46.5157,0.580763
0.784302,46.5519,0.356800
0.784912,46.5882,0.200705
0.785522,46.6244,-0.826884E-01
0.786133,46.6606,0.889264
0.786743,46.6968,0.764146
0.787354,46.7331,1.17094
0.787964,46.7693,0.328189
0.788574,46.8055,-1.14450
0.789185,46.8417,1.51919
0.789795,46.8780,-0.137112
0.790405,46.9142,0.703569
0.791016,46.9504,1.37410
0.791626,46.9867,1.35765
0.792236,47.0229,0.705544
0.792847,47.0591,0.598591
0.793457,47.0953,0.511039
0.794067,47.1316,0.210553
0.794678,47.1678,-0.162765
0.795288,47.2040,-0.448683
0.795898,47.2402,-0.405677
0.796509,47.2765,0.922689
0.797119,47.3127,-0.923772E-02
0.797729,47.3489,0.958659
0.798340,47.3852,0.680069
0.798950,47.4214,0.930782
0.799561,47.4576,-0.962503
0.800171,47.4938,0.621261E-01
0.800781,47.5301,-0.388055E-01
0.801392,47.5663,0.407133
0.802002,47.6025,-0.654465
0.802612,47.6387,-0.353799E-02
0.803223,47.6750,1.46316
0.803833,47.7112,-0.923632
0.804443,47.7474,-0.497046
0.805054,47.7837,-0.413621
0.805664,47.8199,-1.94393
0.806274,47.8561,-0.235103
0.806885,47.8923,-0.318756
0.807495,47.9286,1.05511
0.808105,47.9648,0.764520
0.808716,48.0010,-0.301909
0.809326,48.0372,0.253871
0.809937,48.0735,0.934943
0.810547,48.1097,0.622355
0.811157,48.1459,-0.537264E-01
0.811768,48.1822,-0.820045E-01
0.812378,48.2184,0.180798
0.812988,48.2546,2.78709
0.813599,48.2908,0.520603
0.814209,48.3271,-0.770449E-01
0.814819,48.3633,-0.178975
0.815430,48.3995,0.566781E-01
0.816040,48.4357,-0.114915
0.816650,48.4720,0.753001E-01
0.817261,48.5082,-0.344960
0.817871,48.5444,-0.152198
0.818481,48.5807,0.863653E-02
0.819092,48.6169,0.183619
0.819702,48.6531,0.153143
0.820312,48.6893,-0.893350E-01
0.820923,48.7256,0.874746E-01
0.821533,48.7618,0.335492E-01
0.822144,48.7980,0.115801
0.822754,48.8342,0.645791
0.823364,48.8705,-0.660390
0.823975,48.9067,-0.283800
0.824585,48.9429,-0.599168
0.825195,48.9792,-0.156115
0.825806,49.0154,0.467038
0.826416,49.0516,0.519638
0.827026,49.0878,-0.588091
0.827637,49.1241,0.441528
0.828247,49.1603,-0.576683
0.828857,49.1965,-0.355356E-01
0.829468,49.2327,-0.506630
0.830078,49.2690,0.359262
0.830688,49.3052,-0.539763
0.831299,49.3414,-0.219130
0.831909,49.3777,-0.515046
0.832520,49.4139,-0.762956E-01
0.833130,49.4501,0.105874
0.833740,49.4863,-0.815902
0.834351,49.5226,-0.270256
0.834961,49.5588,0.207241
0.835571,49.5950,0.256618E-01
0.836182,49.6312,0.243663
0.836792,49.6675,1.40502
0.837402,49.7037,1.96076
0.838013,49.7399,0.873389
0.838623,49.7762,-0.228291
0.839233,49.8124,-0.875717E-01
0.839844,49.8486,0.843834E-01
0.840454,49.8848,0.542203E-01
0.841064,49.9211,-0.942017
0.841675,49.9573,0.865458
0.842285,49.9935,-0.110399E-01
0.842896,50.0297,0.266648
0.843506,50.0660,0.196318E-02
0.844116,50.1022,1.41985
0.844727,50.1384,0.216382
0.845337,50.1746,0.188720
0.845947,50.2109,-0.168270
0.846558,50.2471,-0.274400
0.847168,50.2833,-0.784800E-01
0.847778,50.3196,-0.462714
0.848389,50.3558,0.629781
0.848999,50.3920,1.50493
0.849609,50.4282,0.270710
0.850220,50.4645,0.987893E-01
0.850830,50.5007,0.401551E-01
0.851440,50.5369,0.722278E-01
0.852051,50.5731,1.10822
0.852661,50.6094,0.455837
0.853271,50.6456,0.406926
0.853882,50.6818,0.870676
0.854492,50.7181,-0.863179E-01
0.855103,50.7543,0.666493
0.855713,50.7905,0.236793
0.856323,50.8267,0.584903
0.856934,50.8630,-0.399975
0.857544,50.8992,1.34906
0.858154,50.9354,0.765594E-01
0.858765,50.9716,1.17461
0.859375,51.0079,0.612296
0.859985,51.0441,0.194495
0.860596,51.0803,-0.410092
0.861206,51.1166,-0.281851
0.861816,51.1528,-0.164940
0.862427,51.1890,0.229425
0.863037,51.2252,0.284266
0.863647,51.2615,0.586742
0.864258,51.2977,0.886775E-02
0.864868,51.3339,0.832507
0.865479,51.3701,0.393302E-01
0.866089,51.4064,1.65274
0.866699,51.4426,-0.777741E-01
0.867310,51.4788,-0.653737E-01
0.867920,51.5151,-0.331197
0.868530,51.5513,2.91767
0.869141,51.5875,1.69398
0.869751,51.6237,-0.733338
0.870361,51.6600,-0.312406
0.870972,51.6962,0.552268
0.871582,51.7324,0.760351
0.872192,51.7686,-0.765079
0.872803,51.8049,-0.204171
0.873413,51.8411,-0.301084
0.874023,51.8773,-0.305534
0.874634,51.9136,0.115723
0.875244,51.9498,-1.32244
0.875854,51.9860,-0.117135
0.876465,52.0222,0.296747
0.877075,52.0585,0.151747
0.877686,52.0947,1.02563
0.878296,52.1309,-0.640377
0.878906,52.1671,0.910498
0.879517,52.2034,-0.408405E-01
0.880127,52.2396,-0.270935
0.880737,52.2758,-1.04507
0.881348,52.3121,0.956946
0.881958,52.3483,-1.50330
0.882568,52.3845,0.110239
0.883179,52.4207,0.623886
0.883789,52.4570,0.804380
0.884399,52.4932,-0.296267
0.885010,52.5294,-1.48361
0.885620,52.5656,-0.531532
0.886230,52.6019,0.307843
0.886841,52.6381,0.235396
0.887451,52.6743,1.42892
0.888062,52.7106,-0.480885
0.888672,52.7468,0.193077
0.889282,52.7830,0.465154
0.889893,52.8192,0.964703
0.890503,52.8555,-0.671643
0.891113,52.8917,2.08827
0.891724,52.9279,0.454897
0.892334,52.9641,-0.188525E-01
0.892944,53.0004,0.521787
0.893555,53.0366,0.957933
0.894165,53.0728,0.767783
0.894775,53.1091,0.367524
0.895386,53.1453,-0.246893
0.895996,53.1815,0.397945
0.896606,53.2177,1.13915
0.897217,53.2540,-0.568870E-01
0.897827,53.2902,0.855271
0.898438,53.3264,0.272120
0.899048,53.3626,-1.49109
0.899658,53.3989,-0.416898
0.900269,53.4351,0.250479
0.900879,53.4713,0.425407E-02
0.901489,53.5076,-1.27739
0.902100,53.5438,-0.394369
0.902710,53.5800,0.455554
0.903320,53.6162,0.727827
0.903931,53.6525,0.719234
0.904541,53.6887,0.461722
0.905151,53.7249,-0.262850
0.905762,53.7611,0.225716
0.906372,53.7974,0.134547
0.906982,53.8336,-0.410341
0.907593,53.8698,-0.178394
0.908203,53.9060,0.163680
0.908813,53.9423,0.502602
0.909424,53.9785,-0.317481
0.910034,54.0147,-0.448250
0.910645,54.0510,-0.870735
0.911255,54.0872,-0.398435
0.911865,54.1234,0.241771
0.912476,54.1596,-0.245127
0.913086,54.1959,0.444925
0.913696,54.2321,-0.679549
0.914307,54.2683,1.02511
0.914917,54.3045,0.457655E-01
0.915527,54.3408,-1.33561
0.916138,54.3770,1.04568
0.916748,54.4132,0.220545
0.917358,54.4495,0.472310
0.917969,54.4857,-0.769168
0.918579,54.5219,0.394060
0.919189,54.5581,-0.592873E-01
0.919800,54.5944,0.461913E-01
0.920410,54.6306,-0.137203
0.921021,54.6668,0.976604
0.921631,54.7030,0.367464
0.922241,54.7393,1.29686
0.922852,54.7755,-0.368195
0.923462,54.8117,0.147942
0.924072,54.8480,-0.122451
0.924683,54.8842,2.16655
0.925293,54.9204,0.952416
0.925903,54.9566,0.871651
0.926514,54.9929,-0.213288
0.927124,55.0291,-0.146872E-01
0.927734,55.0653,1.76296
0.928345,55.1015,-0.132866
0.928955,55.1378,0.809840E-01
0.929565,55.1740,1.31105
0.930176,55.2102,0.615352E-01
0.930786,55.2465,0.258296
0.931396,55.2827,-0.845580
0.932007,55.3189,-0.121370E-01
0.932617,55.3551,-0.176280E-01
0.933228,55.3914,0.611057E-01
0.933838,55.4276,0.544156E-03
0.934448,55.4638,0.153576
0.935059,55.5000,-1.17708
0.935669,55.5363,0.101276
0.936279,55.5725,0.743433E-01
0.936890,55.6087,0.189297
0.937500,55.6450,-0.105487
0.938110,55.6812,-0.487196
0.938721,55.7174,0.720592
0.939331,55.7536,-0.567899
0.939941,55.7899,-0.633502
0.940552,55.8261,0.281039E-01
0.941162,55.8623,1.19018
0.941772,55.8985,-0.496924
0.942383,55.9348,-0.120497
0.942993,55.9710,-0.440495
0.943604,56.0072,-0.499860
0.944214,56.0435,-0.427453
0.944824,56.0797,0.737219
0.945435,56.1159,0.444131
0.946045,56.1521,0.694057
0.946655,56.1884,-0.165560
0.947266,56.2246,0.846608
0.947876,56.2608,0.199377
0.948486,56.2970,-0.295087
0.949097,56.3333,0.552050
0.949707,56.3695,0.760626
0.950317,56.4057,2.63076
0.950928,56.4420,0.167654
0.951538,56.4782,0.366767E-01
0.952148,56.5144,-0.198940
0.952759,56.5506,-0.116171E-01
0.953369,56.5869,0.576000
0.953979,56.6231,-0.637986E-02
0.954590,56.6593,0.129373
0.955200,56.6955,-0.154458
0.955811,56.7318,0.521955
0.956421,56.7680,-0.443544
0.957031,56.8042,-0.367167E-01
0.957642,56.8405,1.14442
0.958252,56.8767,0.303412E-01
0.958862,56.9129,-0.662514
0.959473,56.9491,-0.341676
0.960083,56.9854,-0.395947
0.960693,57.0216,1.51842
0.961304,57.0578,-0.138091
0.961914,57.0940,1.21187
0.962524,57.1303,0.582195
0.963135,57.1665,0.241642
0.963745,57.2027,-0.157051
0.964355,57.2390,0.439993E-01
0.964966,57.2752,-0.746445E-01
0.965576,57.3114,0.560355E-01
0.966187,57.3476,0.303555
0.966797,57.3839,-0.554015E-02
0.967407,57.4201,-0.372698
0.968018,57.4563,-0.403471
0.968628,57.4925,0.818753
0.969238,57.5288,-0.117669E-02
0.969849,57.5650,-0.418429E-01
0.970459,57.6012,0.407632
0.971069,57.6374,0.588837
0.971680,57.6737,-0.315330E-01
0.972290,57.7099,0.388402E-02
0.972900,57.7461,0.131512
0.973511,57.7824,0.587896E-01
0.974121,57.8186,-0.296682
0.974731,57.8548,0.145382
0.975342,57.8910,1.22084
0.975952,57.9273,-1.26203
0.976562,57.9635,0.598191
0.977173,57.9997,0.200843
0.977783,58.0359,0.159710
0.978394,58.0722,0.108012
0.979004,58.1084,-0.724121
0.979614,58.1446,-0.373044
0.980225,58.1809,-0.136083
0.980835,58.2171,0.186881
0.981445,58.2533,-0.802104E-01
0.982056,58.2895,0.634673E-01
0.982666,58.3258,-0.717842E-03
0.983276,58.3620,1.03306
0.983887,58.3982,0.633740E-02
0.984497,58.4344,0.883073
0.985107,58.4707,0.481812
0.985718,58.5069,1.23927
0.986328,58.5431,-0.258553
0.986938,58.5794,-0.114222
0.987549,58.6156,0.919978E-01
0.988159,58.6518,0.307476
0.988770,58.6880,0.536077
0.989380,58.7243,-0.665208
0.989990,58.7605,0.737455E-01
0.990601,58.7967,1.23641
0.991211,58.8329,-0.122169
0.991821,58.8692,-0.584006
0.992432,58.9054,0.812482
0.993042,58.9416,0.294610
0.993652,58.9779,0.982772E-01
0.994263,59.0141,0.254290
0.994873,59.0503,0.698675
0.995483,59.0865,-0.162543
0.996094,59.1228,-0.329522E-01
0.996704,59.1590,0.742651E-01
0.997314,59.1952,0.538917
0.997925,59.2314,-0.809860E-01
0.998535,59.2677,-0.111883
0.999146,59.3039,0.716647
0.999756,59.3401,-0.679970
1.00037,59.3764,0.616627
1.00098,59.4126,-0.352131
1.00159,59.4488,-0.832744E-01
1.00220,59.4850,-0.238344
1.00281,59.5213,0.771917
1.00342,59.5575,0.361663
1.00403,59.5937,-0.405272
1.00464,59.6299,0.713151E-01
1.00525,59.6662,-0.231975
1.00586,59.7024,0.233240
1.00647,59.7386,0.562189E-01
1.00708,59.7749,0.893925
1.00769,59.8111,-0.781240E-01
1.00830,59.8473,0.654910
1.00891,59.8835,0.198630
1.00952,59.9198,-0.676322E-01
1.01013,59.9560,0.230911
1.01074,59.9922,0.127694
1.01135,60.0284,0.577169E-01
1.01196,60.0647,2.74028
1.01257,60.1009,0.412056
1.01318,60.1371,-0.195632
1.01379,60.1734,-0.455396
1.01440,60.2096,-0.833678
1.01501,60.2458,0.778890
1.01562,60.2820,-0.296583
1.01624,60.3183,1.83227
1.01685,60.3545,0.643704E-01
1.01746,60.3907,-0.106160
1.01807,60.4269,-0.571876E-02
1.01868,60.4632,0.202848
1.01929,60.4994,0.180499
1.01990,60.5356,0.688735
1.02051,60.5719,-0.104851
1.02112,60.6081,0.750582E-01
1.02173,60.6443,0.420190
1.02234,60.6805,0.518854
1.02295,60.7168,0.720914E-01
1.02356,60.7530,1.05122
1.02417,60.7892,0.715538
1.02478,60.8254,-0.496187
1.02539,60.8617,-0.252046
1.02600,60.8979,0.520152E-01
1.02661,60.9341,0.204756E-01
1.02722,60.9704,0.611577
1.02783,61.0066,-0.540334E-01
1.02844,61.0428,-0.147682
1.02905,61.0790,-0.526397
1.02966,61.1153,-0.184802
1.03027,61.1515,0.141941
1.03088,61.1877,0.529064
1.03149,61.2239,0.501942
1.03210,61.2602,1.13052
1.03271,61.2964,0.492123
1.03333,61.3326,0.980416
1.03394,61.3688,-0.204687
1.03455,61.4051,-0.186314
1.03516,61.4413,0.624809
1.03577,61.4775,0.292316
1.03638,61.5138,0.457672
1.03699,61.5500,1.28103
1.03760,61.5862,-0.124016E-01
1.03821,61.6224,0.268851
1.03882,61.6587,-0.336321
1.03943,61.6949,0.141963
1.04004,61.7311,0.230404
1.04065,61.7673,0.444334
1.04126,61.8036,1.11778
1.04187,61.8398,-0.655931
1.04248,61.8760,0.657022
1.04309,61.9123,-0.250895
1.04370,61.9485,-1.01759
1.04431,61.9847,0.433408
1.04492,62.0209,0.168318
1.04553,62.0572,-0.629998E-01
1.04614,62.0934,-0.152178
1.04675,62.1296,0.125497
1.04736,62.1658,-0.291209
1.04797,62.2021,-0.109248E-02
1.04858,62.2383,-0.138680
1.04919,62.2745,0.192909
1.04980,62.3108,0.540681
1.05042,62.3470,0.212130
1.05103,62.3832,0.925113
1.05164,62.4194,0.416145
1.05225,62.4557,0.325364E-01
1.05286,62.4919,0.887022
1.05347,62.5281,-0.405218
1.05408,62.5643,0.820237
1.05469,62.6006,-0.452960
1.05530,62.6368,-0.488653
1.05591,62.6730,-0.108100
1.05652,62.7093,-0.605177E-01
1.05713,62.7455,-0.381533
1.05774,62.7817,0.250246
1.05835,62.8179,-0.849704
1.05896,62.8542,0.365894
1.05957,62.8904,2.14444
1.06018,62.9266,0.322688
1.06079,62.9628,-0.208294
1.06140,62.9991,0.207424E-01
1.06201,63.0353,-0.110992
1.06262,63.0715,-0.104160
1.06323,63.1078,1.07211
1.06384,63.1440,0.945582E-01
1.06445,63.1802,0.122116E-01
1.06506,63.2164,-0.521907
1.06567,63.2527,0.117797
1.06628,63.2889,-0.602060E-01
1.06689,63.3251,1.08035
1.06750,63.3613,0.351769
1.06812,63.3976,-0.772596E-01
1.06873,63.4338,-0.479975
1.06934,63.4700,-0.171312
1.06995,63.5063,0.663690
1.07056,63.5425,0.434533E-01
1.07117,63.5787,0.726375
1.07178,63.6149,-0.203313
1.07239,63.6512,0.159693
1.07300,63.6874,-0.405423E-01
1.07361,63.7236,0.474372
1.07422,63.7598,1.17670
1.07483,63.7961,0.183113E-01
1.07544,63.8323,0.426106
1.07605,63.8685,0.229925
1.07666,63.9048,0.480154
1.07727,63.9410,-0.707624E-01
1.07788,63.9772,-0.119339
1.07849,64.0134,0.239025
1.07910,64.0497,0.219470
1.07971,64.0859,0.234334
1.08032,64.1221,0.130296
1.08093,64.1583,-0.730166
1.08154,64.1946,0.220646
1.08215,64.2308,0.182968
1.08276,64.2670,-0.325917
1.08337,64.3033,0.497143E-01
1.08398,64.3395,-0.102993E-01
1.08459,64.3757,0.543644E-02
1.08521,64.4119,1.43583
1.08582,64.4482,0.351838E-01
1.08643,64.4844,0.685562E-01
1.08704,64.5206,0.236012E-01
1.08765,64.5568,-0.410220
1.08826,64.5931,-0.164850
1.08887,64.6293,-0.110414
1.08948,64.6655,0.444292
1.09009,64.7018,-0.534515E-01
1.09070,64.7380,0.915805
1.09131,64.7742,0.513268
1.09192,64.8104,-0.524412
1.09253,64.8467,0.556724E-02
1.09314,64.8829,0.154570
1.09375,64.9191,-1.05372
1.09436,64.9553,0.481579
1.09497,64.9916,0.238947
1.09558,65.0278,0.403596E-01
1.09619,65.0640,-0.107596
1.09680,65.1002,0.933217E-01
1.09741,65.1365,-0.193155
1.09802,65.1727,0.102156
1.09863,65.2089,0.176724E-02
1.09924,65.2452,-0.237548
1.09985,65.2814,-0.747413
1.10046,65.3176,0.117540
1.10107,65.3538,0.209049
1.10168,65.3901,0.180577
1.10229,65.4263,-0.842327E-01
1.10291,65.4625,0.344713
1.10352,65.4987,0.666970
1.10413,65.5350,-0.276017
1.10474,65.5712,0.989958E-01
1.10535,65.6074,-0.344760
1.10596,65.6437,-0.285591
1.10657,65.6799,0.681017
1.10718,65.7161,-0.759299E-01
1.10779,65.7523,-0.992661E-01
1.10840,65.7886,0.532226
1.10901,65.8248,-0.617830E-01
1.10962,65.8610,0.285305
1.11023,65.8972,0.108848
1.11084,65.9335,-0.590047
1.11145,65.9697,-0.297902E-01
1.11206,66.0059,1.38078
1.11267,66.0422,-0.357403
1.11328,66.0784,0.538907
1.11389,66.1146,-0.246671E-01
1.11450,66.1508,-0.510193
1.11511,66.1871,-0.613822
1.11572,66.2233,0.693689
1.11633,66.2595,0.826248E-01
1.11694,66.2957,0.481037
1.11755,66.3320,0.311548
1.11816,66.3682,0.432585
1.11877,66.4044,0.475600
1.11938,66.4407,-0.873666
1.12000,66.4769,1.04656
1.12061,66.5131,0.380368
1.12122,66.5493,0.160387
1.12183,66.5856,-0.530342
1.12244,66.6218,0.699494
1.12305,66.6580,0.188320
1.12366,66.6942,-0.690741E-01
1.12427,66.7305,0.625613
1.12488,66.7667,-0.140532
1.12549,66.8029,-0.357048
1.12610,66.8392,-0.279213
1.12671,66.8754,0.304388
1.12732,66.9116,0.692933E-01
1.12793,66.9478,0.760806
1.12854,66.9841,-0.162916
1.12915,67.0203,0.365197
1.12976,67.0565,-0.114292
1.13037,67.0927,-0.181521
1.13098,67.1290,-0.190166E-01
1.13159,67.1652,-0.695950
1.13220,67.2014,-0.710117
1.13281,67.2377,0.475265
1.13342,67.2739,0.397120
1.13403,67.3101,0.846978
1.13464,67.3463,-0.510512E-01
1.13525,67.3826,1.14031
1.13586,67.4188,-0.354397
1.13647,67.4550,0.144393
1.13708,67.4912,0.218131
1.13770,67.5275,-0.553410
1.13831,67.5637,0.760633
1.13892,67.5999,0.869134E-01
1.13953,67.6362,-0.106506
1.14014,67.6724,0.236597
1.14075,67.7086,0.606861
1.14136,67.7448,0.178791
1.14197,67.7811,0.831083E-01
1.14258,67.8173,-0.636237
1.14319,67.8535,-0.357174
1.14380,67.8897,-0.563417E-01
1.14441,67.9260,-0.219107
1.14502,67.9622,0.163436
1.14563,67.9984,-0.378912
1.14624,68.0347,0.217335
1.14685,68.0709,0.114104
1.14746,68.1071,-0.698054E-01
1.14807,68.1433,-0.189002
1.14868,68.1796,0.153788
1.14929,68.2158,-0.425055
1.14990,68.2520,-0.463649
1.15051,68.2882,0.144297
1.15112,68.3245,0.201471
1.15173,68.3607,-0.431346
1.15234,68.3969,0.708017
1.15295,68.4332,-0.147182
1.15356,68.4694,-0.255626
1.15417,68.5056,0.622634E-01
1.15479,68.5418,0.374364
1.15540,68.5781,-0.124540
1.15601,68.6143,0.103295E-01
1.15662,68.6505,0.669609
1.15723,68.6867,0.860704
1.15784,68.7230,0.206793E-01
1.15845,68.7592,-0.932818E-02
1.15906,68.7954,1.41737
1.15967,68.8316,0.816701
1.16028,68.8679,0.317122
1.16089,68.9041,-0.200294
1.16150,68.9403,0.236718E-01
1.16211,68.9766,0.232416
1.16272,69.0128,-0.200502
1.16333,69.0490,0.341559
1.16394,69.0852,-0.546795E-01
1.16455,69.1215,0.541910
1.16516,69.1577,-0.132411
1.16577,69.1939,0.301955E-01
1.16638,69.2301,-0.488584
1.16699,69.2664,-0.244855
1.16760,69.3026,0.301624
1.16821,69.3388,0.215438
1.16882,69.3751,-0.398952E-02
1.16943,69.4113,0.742414E-01
1.17004,69.4475,0.325974
1.17065,69.4837,-0.826789E-01
1.17126,69.5200,-0.436744
1.17188,69.5562,0.313398
1.17249,69.5924,0.212019
1.17310,69.6286,0.743908
1.17371,69.6649,0.199986
1.17432,69.7011,0.754854E-01
1.17493,69.7373,0.844105E-01
1.17554,69.7736,-0.470513
1.17615,69.8098,0.200140E-01
1.17676,69.8460,0.260406
1.17737,69.8822,0.144653
1.17798,69.9185,1.00629
1.17859,69.9547,0.491689
1.17920,69.9909,-0.660890E-01
1.17981,70.0271,0.164207
1.18042,70.0634,0.651448E-01
1.18103,70.0996,-0.130031
1.18164,70.1358,-0.542410E-01
1.18225,70.1721,-0.263671
1.18286,70.2083,-0.588942
1.18347,70.2445,-0.198547
1.18408,70.2807,0.322949
1.18469,70.3170,-0.581180
1.18530,70.3532,-0.628716
1.18591,70.3894,0.523460E-01
1.18652,70.4256,-0.404468E-01
1.18713,70.4619,0.275367
1.18774,70.4981,-0.169813E-01
1.18835,70.5343,0.480200
1.18896,70.5706,1.72839
1.18958,70.6068,0.578805
1.19019,70.6430,1.01819
1.19080,70.6792,-0.508935E-01
1.19141,70.7155,-0.256941
1.19202,70.7517,-0.883740
1.19263,70.7879,-0.254325
1.19324,70.8241,-0.370309E-02
1.19385,70.8604,0.605908
1.19446,70.8966,0.230982
1.19507,70.9328,0.646820
1.19568,70.9691,1.32184
1.19629,71.0053,0.115559
1.19690,71.0415,0.409763
1.19751,71.0777,0.578427E-01
1.19812,71.1140,0.168306
1.19873,71.1502,-0.142645E-01
1.19934,71.1864,0.465823
1.19995,71.2226,0.454514
1.20056,71.2589,1.04860
1.20117,71.2951,-0.561994
1.20178,71.3313,0.537400E-01
1.20239,71.3676,0.772604
1.20300,71.4038,0.393459
1.20361,71.4400,0.124955
1.20422,71.4762,-0.511064E-01
1.20483,71.5125,-0.178994E-01
1.20544,71.5487,0.429455E-01
1.20605,71.5849,0.123553E-01
1.20667,71.6211,0.144117
1.20728,71.6574,0.787627
1.20789,71.6936,0.497097E-01
1.20850,71.7298,0.107580
1.20911,71.7661,0.578625
1.20972,71.8023,1.00403
1.21033,71.8385,0.580002
1.21094,71.8747,0.350277E-01
1.21155,71.9110,-0.607488
1.21216,71.9472,0.168864
1.21277,71.9834,0.469562
1.21338,72.0196,0.180196
1.21399,72.0559,-0.750010
1.21460,72.0921,-0.169212
1.21521,72.1283,0.306782E-02
1.21582,72.1646,-0.186795
1.21643,72.2008,0.645456
1.21704,72.2370,0.230194E-02
1.21765,72.2732,-0.473040E-01
1.21826,72.3095,-0.947240E-01
1.21887,72.3457,0.189265
1.21948,72.3819,0.448417
1.22009,72.4181,-0.451181
1.22070,72.4544,-0.792426E-01
1.22131,72.4906,-0.991015
1.22192,72.5268,0.369989
1.22253,72.5630,-0.380456E-01
1.22314,72.5993,0.821876E-01
1.22375,72.6355,0.104140
1.22437,72.6717,0.644540
1.22498,72.7080,0.188698
1.22559,72.7442,-0.100399
1.22620,72.7804,-0.228583E-01
1.22681,72.8166,-0.318876
1.22742,72.8529,-0.249504
1.22803,72.8891,0.224501
1.22864,72.9253,1.39426
1.22925,72.9615,-0.476507E-01
1.22986,72.9978,0.408719
1.23047,73.0340,-0.134024
1.23108,73.0702,-0.371773
1.23169,73.1065,-0.488131
1.23230,73.1427,0.645667
1.23291,73.1789,-0.391651
1.23352,73.2151,0.141737
1.23413,73.2514,0.896632E-01
1.23474,73.2876,0.809153E-02
1.23535,73.3238,-0.147033
1.23596,73.3600,0.228486
1.23657,73.3963,-0.273493
1.23718,73.4325,-0.687434E-01
1.23779,73.4687,0.555108E-01
1.23840,73.5050,0.412879
1.23901,73.5412,-0.169008
1.23962,73.5774,0.140155
1.24023,73.6136,0.111381
1.24084,73.6499,0.888009E-01
1.24146,73.6861,0.272291
1.24207,73.7223,-0.984139E-01
1.24268,73.7585,0.471184
1.24329,73.7948,-0.384769
1.24390,73.8310,-0.717061
1.24451,73.8672,0.249986
1.24512,73.9035,-0.656760E-01
1.24573,73.9397,0.350289
1.24634,73.9759,0.297218E-01
1.24695,74.0121,-0.489037
1.24756,74.0484,0.582843
1.24817,74.0846,0.841981
1.24878,74.1208,-1.08998
1.24939,74.1570,0.114015
1.25000,74.1933,-0.698524E-02
1.25061,74.2295,-0.322533
1.25122,74.2657,0.268333
1.25183,74.3020,-0.438002E-02
1.25244,74.3382,0.578793
1.25305,74.3744,0.757118
1.25366,74.4106,-0.595260E-01
1.25427,74.4469,0.159031
1.25488,74.4831,-0.138014E-01
1.25549,74.5193,-0.319243E-01
1.25610,74.5555,0.921250E-01
1.25671,74.5918,0.644928E-01
1.25732,74.6280,0.227230
1.25793,74.6642,0.119241
1.25854,74.7005,-0.218490E-01
1.25916,74.7367,-0.908760E-02
1.25977,74.7729,0.196577
1.26038,74.8091,-0.744667E-01
1.26099,74.8454,-0.191054E-01
1.26160,74.8816,-0.884262E-01
1.26221,74.9178,0.125147
1.26282,74.9540,0.386905E-01
1.26343,74.9903,-0.405466E-01
1.26404,75.0265,0.152136
1.26465,75.0627,0.657523
1.26526,75.0990,-0.905063E-02
1.26587,75.1352,0.135584
1.26648,75.1714,-0.475710
1.26709,75.2076,-0.376689
1.26770,75.2439,0.981606
1.26831,75.2801,-0.432423
1.26892,75.3163,-0.107594
1.26953,75.3525,0.764575E-01
1.27014,75.3888,0.937931
1.27075,75.4250,0.725141
1.27136,75.4612,-0.463690E-01
1.27197,75.4975,-0.483330
1.27258,75.5337,-0.252992E-01
1.27319,75.5699,-0.753045E-01
1.27380,75.6061,0.961268
1.27441,75.6424,0.338561
1.27502,75.6786,-0.240025
1.27563,75.7148,0.220337
1.27625,75.7510,0.598660
1.27686,75.7873,0.548842
1.27747,75.8235,-0.228275
1.27808,75.8597,0.448853E-01
1.27869,75.8960,0.103223E-01
1.27930,75.9322,0.402518
1.27991,75.9684,-0.842580E-02
1.28052,76.0046,0.233023
1.28113,76.0409,-0.182691
1.28174,76.0771,-0.845745E-01
1.28235,76.1133,0.783529E-02
1.28296,76.1495,0.564351E-01
1.28357,76.1858,0.530821E-01
1.28418,76.2220,-0.313904E-02
1.28479,76.2582,0.246555
1.28540,76.2944,0.340248
1.28601,76.3307,0.230884
1.28662,76.3669,0.568805
1.28723,76.4031,-0.683204E-01
1.28784,76.4394,-0.726747
1.28845,76.4756,0.181898
1.28906,76.5118,-0.273728
1.28967,76.5480,-0.363708
1.29028,76.5843,0.506681
1.29089,76.6205,0.771342
1.29150,76.6567,0.485024
1.29211,76.6929,0.195640
1.29272,76.7292,0.242458
1.29333,76.7654,1.21157
1.29395,76.8016,0.300005E-01
1.29456,76.8379,0.504990
1.29517,76.8741,-0.297899
1.29578,76.9103,0.418325
1.29639,76.9465,-0.363693
1.29700,76.9828,0.403399
1.29761,77.0190,-0.180395E-01
1.29822,77.0552,0.119278
1.29883,77.0914,0.204201
1.29944,77.1277,0.517462
1.30005,77.1639,0.170469
1.30066,77.2001,0.165822
1.30127,77.2364,0.915083E-01
1.30188,77.2726,-0.303982E-01
1.30249,77.3088,0.413920E-01
1.30310,77.3450,0.203454
1.30371,77.3813,-0.230786E-01
1.30432,77.4175,-0.221309
1.30493,77.4537,0.393641E-01
1.30554,77.4899,-0.371590
1.30615,77.5262,0.378826E-01
1.30676,77.5624,-0.190187
1.30737,77.5986,-0.168520E-02
1.30798,77.6349,0.536368
1.30859,77.6711,0.413612
1.30920,77.7073,-0.457587E-03
1.30981,77.7435,0.407545
1.31042,77.7798,0.781159
1.31104,77.8160,0.107157
1.31165,77.8522,0.418044
1.31226,77.8884,0.698792E-01
1.31287,77.9247,0.298127
1.31348,77.9609,-0.695185
1.31409,77.9971,0.651827
1.31470,78.0334,0.201726
1.31531,78.0696,0.782135E-02
1.31592,78.1058,0.463718
1.31653,78.1420,0.313221
1.31714,78.1783,0.859084E-03
1.31775,78.2145,-0.700723
1.31836,78.2507,0.889237
1.31897,78.2869,0.413786
1.31958,78.3232,-0.280517
1.32019,78.3594,-1.62362
1.32080,78.3956,-0.226417
1.32141,78.4319,0.397367E-01
1.32202,78.4681,0.829221
1.32263,78.5043,0.136914
1.32324,78.5405,-0.163550
1.32385,78.5768,0.123495
1.32446,78.6130,0.173019
1.32507,78.6492,-0.142673
1.32568,78.6854,0.602316
1.32629,78.7217,0.313312
1.32690,78.7579,0.195224
1.32751,78.7941,-0.277320
1.32812,78.8304,0.109692
1.32874,78.8666,0.313655
1.32935,78.9028,-0.142062
1.32996,78.9390,0.289451
1.33057,78.9753,0.632765
1.33118,79.0115,-0.148300
1.33179,79.0477,0.296507
1.33240,79.0839,-0.436692
1.33301,79.1202,0.169282
1.33362,79.1564,0.434907
1.33423,79.1926,0.321860E-01
1.33484,79.2289,0.514023
1.33545,79.2651,-0.417456
1.33606,79.3013,0.517601
1.33667,79.3375,-0.106351
1.33728,79.3738,-0.178224
1.33789,79.4100,0.418418
1.33850,79.4462,0.241692
1.33911,79.4824,-0.301647
1.33972,79.5187,0.615586
1.34033,79.5549,-0.118511
1.34094,79.5911,0.996824E-01
1.34155,79.6274,0.123568
1.34216,79.6636,-0.685045
1.34277,79.6998,0.202192
1.34338,79.7360,-0.689630E-01
1.34399,79.7723,-0.253217
1.34460,79.8085,-0.279389
1.34521,79.8447,-0.354597
1.34583,79.8809,0.461303E-01
1.34644,79.9172,-0.297573
1.34705,79.9534,-1.03394
1.34766,79.9896,0.306623E-01
1.34827,80.0258,0.699479
1.34888,80.0621,0.236491
1.34949,80.0983,-0.735682E-01
1.35010,80.1345,0.407719E-01
1.35071,80.1708,-0.873219E-01
1.35132,80.2070,-0.275174E-01
1.35193,80.2432,-0.117270
1.35254,80.2794,0.165139
1.35315,80.3157,0.207663
1.35376,80.3519,0.400158E-01
1.35437,80.3881,-0.384005
1.35498,80.4243,-0.185007
1.35559,80.4606,-0.358611
1.35620,80.4968,0.303222
1.35681,80.5330,0.197231E-01
1.35742,80.5693,-0.206776
1.35803,80.6055,-0.224451
1.35864,80.6417,0.134554E-01
1.35925,80.6779,0.621412E-01
1.35986,80.7142,0.395160
1.36047,80.7504,-0.237970
1.36108,80.7866,-0.446322
1.36169,80.8228,0.124534
1.36230,80.8591,0.337747
1.36292,80.8953,0.406966
1.36353,80.9315,0.406955
1.36414,80.9678,-0.535766E-02
1.36475,81.0040,-0.257298
1.36536,81.0402,0.218276E-01
1.36597,81.0764,-0.801732E-01
1.36658,81.1127,-0.208000
1.36719,81.1489,0.819409E-01
1.36780,81.1851,-1.09922
1.36841,81.2213,0.416696E-01
1.36902,81.2576,0.548288
1.36963,81.2938,-0.186414
1.37024,81.3300,1.11270
1.37085,81.3663,-0.328850E-01
1.37146,81.4025,0.286665
1.37207,81.4387,-0.648807E-01
1.37268,81.4749,0.550339E-01
1.37329,81.5112,-0.275682E-02
1.37390,81.5474,-0.146381
1.37451,81.5836,-0.816212E-01
1.37512,81.6198,-0.191293
1.37573,81.6561,0.838861E-01
1.37634,81.6923,0.863247
1.37695,81.7285,-0.470194
1.37756,81.7648,0.538911E-01
1.37817,81.8010,-0.596070E-01
1.37878,81.8372,0.132206
1.37939,81.8734,0.996577
1.38000,81.9097,0.275159
1.38062,81.9459,0.163265
1.38123,81.9821,0.653881E-02
1.38184,82.0183,0.401934
1.38245,82.0546,0.502990
1.38306,82.0908,0.736505E-01
1.38367,82.1270,0.286355
1.38428,82.1633,-0.262744
1.38489,82.1995,-0.143135E-01
1.38550,82.2357,-0.231481
1.38611,82.2719,0.171768
1.38672,82.3082,0.581755
1.38733,82.3444,-0.939245E-01
1.38794,82.3806,0.282260
1.38855,82.4168,-0.276279
1.38916,82.4531,0.901303E-01
1.38977,82.4893,-1.31113
1.39038,82.5255,-0.155580
1.39099,82.5618,0.255420
1.39160,82.5980,0.126492
1.39221,82.6342,-0.956524E-01
1.39282,82.6704,-0.323033
1.39343,82.7067,-0.389191
1.39404,82.7429,0.479195
1.39465,82.7791,0.763472
1.39526,82.8153,-0.196433
1.39587,82.8516,-0.568818E-01
1.39648,82.8878,0.109647
1.39709,82.9240,0.346172
1.39771,82.9603,-0.150002
1.39832,82.9965,0.215808
1.39893,83.0327,-0.480728E-01
1.39954,83.0689,0.207589
1.40015,83.1052,0.312958
1.40076,83.1414,-0.267277E-01
1.40137,83.1776,0.267911
1.40198,83.2138,0.450706
1.40259,83.2501,0.859343E-01
1.40320,83.2863,0.113864
1.40381,83.3225,-0.236181
1.40442,83.3588,0.675971E-01
1.40503,83.3950,0.144436
1.40564,83.4312,-0.957471E-02
1.40625,83.4674,-0.266163
1.40686,83.5037,0.683438
1.40747,83.5399,-0.741539E-01
1.40808,83.5761,0.243575
1.40869,83.6123,0.628025
1.40930,83.6486,0.110511
1.40991,83.6848,0.205252
1.41052,83.7210,-0.567540E-01
1.41113,83.7572,0.202178
1.41174,83.7935,0.212027
1.41235,83.8297,0.965795E-01
1.41296,83.8659,0.668692
1.41357,83.9022,-0.215626
1.41418,83.9384,0.237315
1.41479,83.9746,0.109159
1.41541,84.0108,0.244731E-01
1.41602,84.0471,-0.178632
1.41663,84.0833,0.105569
1.41724,84.1195,0.675078
1.41785,84.1557,-0.234494
1.41846,84.1920,-0.879717
1.41907,84.2282,0.308320E-01
1.41968,84.2644,0.828758
1.42029,84.3007,0.453196
1.42090,84.3369,-0.815850E-01
1.42151,84.3731,-0.413601E-01
1.42212,84.4093,0.898550E-01
1.42273,84.4456,-0.221117E-01
1.42334,84.4818,0.299379
1.42395,84.5180,0.136906
1.42456,84.5542,0.655743E-01
1.42517,84.5905,-0.102659E-01
1.42578,84.6267,0.174412
1.42639,84.6629,0.637098
1.42700,84.6992,0.388910
1.42761,84.7354,-0.244039
1.42822,84.7716,0.946686E-01
1.42883,84.8078,0.685756E-01
1.42944,84.8441,-0.231551
1.43005,84.8803,-0.444890E-01
1.43066,84.9165,-0.127772
1.43127,84.9527,-0.100881
1.43188,84.9890,-0.890925
1.43250,85.0252,0.259807
1.43311,85.0614,-0.163927
1.43372,85.0977,0.525419
1.43433,85.1339,0.895010E-01
1.43494,85.1701,-0.440981
1.43555,85.2063,-0.656084
1.43616,85.2426,0.818424E-01
1.43677,85.2788,0.534441
1.43738,85.3150,-0.561397
1.43799,85.3512,2.19720
1.43860,85.3875,-0.736157
1.43921,85.4237,0.567585
1.43982,85.4599,0.133776
1.44043,85.4962,-0.938523E-01
1.44104,85.5324,0.159064
1.44165,85.5686,-0.588694E-01
1.44226,85.6048,0.127118E-01
1.44287,85.6411,0.145166
1.44348,85.6773,-0.651601
1.44409,85.7135,-0.271437E-03
1.44470,85.7497,0.779757
1.44531,85.7860,-0.161238
1.44592,85.8222,0.433039
1.44653,85.8584,0.200299
1.44714,85.8947,0.506029
1.44775,85.9309,-0.366655
1.44836,85.9671,-0.556428E-01
1.44897,86.0033,-0.371685E-01
1.44958,86.0396,0.607912E-01
1.45020,86.0758,-0.670785E-01
1.45081,86.1120,-0.133915
1.45142,86.1482,0.389441E-01
1.45203,86.1845,0.857566
1.45264,86.2207,0.269862
1.45325,86.2569,-0.132530
1.45386,86.2932,-0.382014E-01
1.45447,86.3294,-0.110035
1.45508,86.3656,-0.236680E-01
1.45569,86.4018,-0.190059
1.45630,86.4381,-0.187542E-02
1.45691,86.4743,0.300009E-01
1.45752,86.5105,0.646072E-01
1.45813,86.5467,0.646503
1.45874,86.5830,0.350514
1.45935,86.6192,2.58304
1.45996,86.6554,0.756642
1.46057,86.6917,0.411969
1.46118,86.7279,-0.630259E-02
1.46179,86.7641,0.191698E-01
1.46240,86.8003,-0.907016E-01
1.46301,86.8366,0.146398E-01
1.46362,86.8728,1.00105
1.46423,86.9090,0.358161
1.46484,86.9452,-0.402921
1.46545,86.9815,-0.122948
1.46606,87.0177,0.701575E-01
1.46667,87.0539,-0.610173E-01
1.46729,87.0902,-0.122002
1.46790,87.1264,1.77625
1.46851,87.1626,-0.653260
1.46912,87.1988,0.405014
1.46973,87.2351,0.252519
1.47034,87.2713,0.996010E-02
1.47095,87.3075,0.183071
1.47156,87.3437,-0.283102E-01
1.47217,87.3800,-0.172516
1.47278,87.4162,-0.467519
1.47339,87.4524,0.312176
1.47400,87.4886,0.224302E-01
1.47461,87.5249,0.503913
1.47522,87.5611,0.309691
1.47583,87.5973,-0.114537E-01
1.47644,87.6336,1.00499
1.47705,87.6698,-0.170710
1.47766,87.7060,-0.148246E-01
1.47827,87.7422,1.04899
1.47888,87.7785,0.260081
1.47949,87.8147,-0.101169
1.48010,87.8509,0.101305
1.48071,87.8871,-0.146620
1.48132,87.9234,-0.234526
1.48193,87.9596,0.319253
1.48254,87.9958,-0.107331
1.48315,88.0321,-0.104536
1.48376,88.0683,0.545600E-01
1.48438,88.1045,0.119568
1.48499,88.1407,0.587866E-01
1.48560,88.1770,-0.282362
1.48621,88.2132,-0.397514
1.48682,88.2494,0.315650
1.48743,88.2856,-0.604941E-02
1.48804,88.3219,0.511593E-01
1.48865,88.3581,0.119989
1.48926,88.3943,0.468157E-01
1.48987,88.4306,0.592577E-01
1.49048,88.4668,0.984134E-01
1.49109,88.5030,0.497270
1.49170,88.5392,-0.186056
1.49231,88.5755,-0.519093
1.49292,88.6117,-0.512795
1.49353,88.6479,0.620139
1.49414,88.6841,0.401091
1.49475,88.7204,0.951907E-01
1.49536,88.7566,0.119162
1.49597,88.7928,0.295252E-01
1.49658,88.8291,-0.568881
1.49719,88.8653,-0.285865E-01
1.49780,88.9015,0.120629
1.49841,88.9377,-0.122990
1.49902,88.9740,0.353603
1.49963,89.0102,-0.602657
1.50024,89.0464,-0.953958E-01
1.50085,89.0826,-0.147481
1.50146,89.1189,0.253168
1.50208,89.1551,-0.161710
1.50269,89.1913,-0.191143
1.50330,89.2276,-0.178036
1.50391,89.2638,-0.233248
1.50452,89.3000,-0.508143
1.50513,89.3362,-0.806064E-01
1.50574,89.3725,0.263383E-01
1.50635,89.4087,0.820730E-01
1.50696,89.4449,0.505495E-01
1.50757,89.4811,-0.651781
1.50818,89.5174,0.251726
1.50879,89.5536,0.668993
1.50940,89.5898,0.266321E-01
1.51001,89.6261,-0.194949
1.51062,89.6623,0.178874
1.51123,89.6985,-0.325791
1.51184,89.7347,-0.392828
1.51245,89.7710,0.423189
1.51306,89.8072,0.776865E-01
1.51367,89.8434,-0.412011
1.51428,89.8796,-0.144658
1.51489,89.9159,0.407262
1.51550,89.9521,-0.585303E-01
1.51611,89.9883,0.442238E-01
1.51672,90.0246,0.794140E-01
1.51733,90.0608,0.602608
1.51794,90.0970,0.374048
1.51855,90.1332,0.892633E-02
1.51917,90.1695,-0.375975
1.51978,90.2057,0.139695
1.52039,90.2419,-0.896621E-01
1.52100,90.2781,-0.797458E-01
1.52161,90.3144,0.392127
1.52222,90.3506,0.698412E-01
1.52283,90.3868,0.203577
1.52344,90.4231,-0.719731E-01
1.52405,90.4593,0.777051
1.52466,90.4955,-0.140058
1.52527,90.5317,-0.352441
1.52588,90.5680,0.190617
1.52649,90.6042,0.507081E-01
1.52710,90.6404,0.196627
1.52771,90.6766,-0.317220
1.52832,90.7129,0.355302
1.52893,90.7491,-0.467618E-01
1.52954,90.7853,0.140214
1.53015,90.8216,0.182916
1.53076,90.8578,0.564583
1.53137,90.8940,-0.481448
1.53198,90.9302,0.406617
1.53259,90.9665,0.279983
1.53320,91.0027,-0.172296
1.53381,91.0389,0.952262E-02
1.53442,91.0751,1.67593
1.53503,91.1114,-0.902853E-01
1.53564,91.1476,0.240560
1.53625,91.1838,0.436080
1.53687,91.2200,-0.133870
1.53748,91.2563,0.266057
1.53809,91.2925,0.116159
1.53870,91.3287,0.404576
1.53931,91.3650,0.396485
1.53992,91.4012,-0.181267
1.54053,91.4374,0.226818
1.54114,91.4736,0.848155
1.54175,91.5099,-0.141601
1.54236,91.5461,0.833674E-01
1.54297,91.5823,-0.233037
1.54358,91.6185,-0.297399E-01
1.54419,91.6548,-0.141360
1.54480,91.6910,0.244305
1.54541,91.7272,0.158128
1.54602,91.7635,0.296491
1.54663,91.7997,0.833345
1.54724,91.8359,0.407693E-01
1.54785,91.8721,0.496476E-01
1.54846,91.9084,-0.199576
1.54907,91.9446,0.285944
1.54968,91.9808,0.190475
1.55029,92.0170,-0.508925
1.55090,92.0533,0.237203
1.55151,92.0895,0.321191
1.55212,92.1257,0.305307E-01
1.55273,92.1620,0.642779
1.55334,92.1982,-0.158770
1.55396,92.2344,0.322338
1.55457,92.2706,0.942697E-01
1.55518,92.3069,0.812050E-01
1.55579,92.3431,-0.137697
1.55640,92.3793,0.199880
1.55701,92.4155,-0.749994
1.55762,92.4518,-0.170112
1.55823,92.4880,0.305152
1.55884,92.5242,0.553190
1.55945,92.5605,-0.289092
1.56006,92.5967,0.524650
1.56067,92.6329,0.193941
1.56128,92.6691,0.933158E-01
1.56189,92.7054,0.815971
1.56250,92.7416,0.548117
1.56311,92.7778,0.669041E-01
1.56372,92.8140,-0.373541
1.56433,92.8503,0.689610
1.56494,92.8865,0.795133E-02
1.56555,92.9227,-0.629281E-01
1.56616,92.9590,0.602717
1.56677,92.9952,0.101622
1.56738,93.0314,0.687698
1.56799,93.0676,1.93252
1.56860,93.1039,-0.572625
1.56921,93.1401,0.788909E-01
1.56982,93.1763,-0.798883
1.57043,93.2125,-0.180796
1.57104,93.2488,-0.164507
1.57166,93.2850,0.182429
1.57227,93.3212,0.989090E-01
1.57288,93.3575,-1.35881
1.57349,93.3937,-0.686885
1.57410,93.4299,-0.891608E-01
1.57471,93.4661,-0.191608
1.57532,93.5024,0.260841
1.57593,93.5386,-0.107811
1.57654,93.5748,-0.329573
1.57715,93.6110,0.212757
1.57776,93.6473,-0.159970
1.57837,93.6835,0.168872
1.57898,93.7197,0.414486
1.57959,93.7560,0.180607
1.58020,93.7922,-0.519256
1.58081,93.8284,0.111187
1.58142,93.8646,0.273704
1.58203,93.9009,-0.249745
1.58264,93.9371,-0.239669E-01
1.58325,93.9733,-0.128143E-01
1.58386,94.0095,0.526362
1.58447,94.0458,0.268837
1.58508,94.0820,-0.394172
1.58569,94.1182,-0.768554
1.58630,94.1545,0.385028
1.58691,94.1907,-0.147310E-02
1.58752,94.2269,-0.190841
1.58813,94.2631,0.214428E-01
1.58875,94.2994,1.26173
1.58936,94.3356,-0.245932
1.58997,94.3718,-0.740458E-01
1.59058,94.4080,0.240619
1.59119,94.4443,-0.332242
1.59180,94.4805,0.937033E-01
1.59241,94.5167,-0.860639E-01
1.59302,94.5530,0.198188
1.59363,94.5892,-0.254025
1.59424,94.6254,0.543639E-01
1.59485,94.6616,-0.430679
1.59546,94.6979,0.802224
1.59607,94.7341,0.744083
1.59668,94.7703,0.174589
1.59729,94.8065,-0.137447
1.59790,94.8428,0.695148E-01
1.59851,94.8790,-0.259157
1.59912,94.9152,-0.466443E-01
1.59973,94.9514,0.555615E-01
1.60034,94.9877,0.108732
1.60095,95.0239,0.167424
1.60156,95.0601,-0.631162E-01
1.60217,95.0964,-0.477058E-01
1.60278,95.1326,0.244243
1.60339,95.1688,-0.129798
1.60400,95.2050,-0.366093
1.60461,95.2413,0.783370E-01
1.60522,95.2775,-0.208910
1.60583,95.3137,0.371577E-01
1.60645,95.3499,-0.149895
1.60706,95.3862,0.246129
1.60767,95.4224,0.726509E-01
1.60828,95.4586,-0.157355
1.60889,95.4949,0.186976
1.60950,95.5311,-0.319994E-02
1.61011,95.5673,0.214411
1.61072,95.6035,0.129920E-02
1.61133,95.6398,0.628312E-01
1.61194,95.6760,-0.131370
1.61255,95.7122,-0.143766
1.61316,95.7484,0.284767
1.61377,95.7847,0.784113
1.61438,95.8209,0.264596
1.61499,95.8571,0.384251E-01
1.61560,95.8934,-0.156753
1.61621,95.9296,0.214328
1.61682,95.9658,0.172123
1.61743,96.0020,0.283751E-01
1.61804,96.0383,-0.901009E-01
1.61865,96.0745,-0.553784
1.61926,96.1107,-0.573488E-01
1.61987,96.1469,0.528624
1.62048,96.1832,0.248494
1.62109,96.2194,0.650778
1.62170,96.2556,0.402595
1.62231,96.2919,-0.170181
1.62292,96.3281,-0.402429E-01
1.62354,96.3643,0.491060
1.62415,96.4005,1.24863
1.62476,96.4368,-0.341937E-01
1.62537,96.4730,-0.468143E-02
1.62598,96.5092,0.523360E-01
1.62659,96.5454,-0.114578
1.62720,96.5817,-0.237203
1.62781,96.6179,0.316921
1.62842,96.6541,0.254133E-01
1.62903,96.6904,-1.17113
1.62964,96.7266,0.609978
1.63025,96.7628,-0.552720
1.63086,96.7990,-0.265730
1.63147,96.8353,0.143779
1.63208,96.8715,0.169430
1.63269,96.9077,0.371148
1.63330,96.9439,0.136396
1.63391,96.9802,0.389401
1.63452,97.0164,0.272137
1.63513,97.0526,0.410180
1.63574,97.0889,0.122178
1.63635,97.1251,-0.326117
1.63696,97.1613,-0.181635
1.63757,97.1975,-0.543110
1.63818,97.2338,-0.254300
1.63879,97.2700,-0.651305E-01
1.63940,97.3062,0.219109
1.64001,97.3424,0.562822E-01
1.64062,97.3787,-0.431478
1.64124,97.4149,-0.712398E-01
1.64185,97.4511,-0.310305
1.64246,97.4874,0.571942
1.64307,97.5236,0.935963
1.64368,97.5598,-0.246451
1.64429,97.5960,-0.203080
1.64490,97.6323,0.177552
1.64551,97.6685,-0.495467
1.64612,97.7047,0.327379
1.64673,97.7409,0.447187
1.64734,97.7772,-0.106607
1.64795,97.8134,0.107145
1.64856,97.8496,-0.619058E-01
1.64917,97.8859,0.394901E-01
1.64978,97.9221,-0.201022
1.65039,97.9583,0.340173
1.65100,97.9945,0.509049E-02
1.65161,98.0308,0.122911
1.65222,98.0670,0.104870
1.65283,98.1032,-0.316911
1.65344,98.1394,-0.111455
1.65405,98.1757,-0.178628
1.65466,98.2119,0.198025
1.65527,98.2481,0.763838
1.65588,98.2844,0.100272E-01
1.65649,98.3206,-0.431788E-01
1.65710,98.3568,-0.159009
1.65771,98.3930,-0.106978
1.65833,98.4293,0.845765
1.65894,98.4655,-0.555729
1.65955,98.5017,-0.430727
1.66016,98.5379,-0.197098
1.66077,98.5742,0.787023E-01
1.66138,98.6104,0.823764E-01
1.66199,98.6466,-0.215835
1.66260,98.6828,0.130089
1.66321,98.7191,0.888989
1.66382,98.7553,0.157319
1.66443,98.7915,-0.631171E-01
1.66504,98.8278,-0.595282E-01
1.66565,98.8640,-0.344075
1.66626,98.9002,-0.378260
1.66687,98.9364,0.643411E-01
1.66748,98.9727,-0.244633
1.66809,99.0089,0.197296
1.66870,99.0451,0.426758
1.66931,99.0813,0.713074E-01
1.66992,99.1176,0.314664
1.67053,99.1538,0.984398E-02
1.67114,99.1900,0.106449
1.67175,99.2263,0.489155E-01
1.67236,99.2625,0.698923E-01
1.67297,99.2987,-0.379314E-01
1.67358,99.3349,0.686297E-01
1.67419,99.3712,0.180615
1.67480,99.4074,0.786007E-02
1.67542,99.4436,0.908377
1.67603,99.4798,0.983780
1.67664,99.5161,0.345068E-02
1.67725,99.5523,0.120008
1.67786,99.5885,-0.320995
1.67847,99.6248,0.527762
1.67908,99.6610,-0.940469E-01
1.67969,99.6972,0.332290
1.68030,99.7334,-0.330197
1.68091,99.7697,-0.114328
1.68152,99.8059,0.297467
1.68213,99.8421,0.440982
1.68274,99.8783,-0.109641
1.68335,99.9146,0.979855E-01
1.68396,99.9508,0.456178
1.68457,99.9870,-0.546488E-01
1.68518,100.023,0.127072
1.68579,100.059,0.422322E-01
1.68640,100.096,-0.109874
1.68701,100.132,-0.366581
1.68762,100.168,-0.219338
1.68823,100.204,0.632581
1.68884,100.241,0.301584
1.68945,100.277,0.118778
1.69006,100.313,0.180392
1.69067,100.349,-0.192673E-01
1.69128,100.386,-0.249206
1.69189,100.422,0.267417
1.69250,100.458,-0.116709
1.69312,100.494,0.394495
1.69373,100.530,0.452262E-03
1.69434,100.567,-0.245791
1.69495,100.603,1.03720
1.69556,100.639,-0.864693E-01
1.69617,100.675,-1.01564
1.69678,100.712,0.421468
1.69739,100.748,-0.113242
1.69800,100.784,0.285509
1.69861,100.820,0.305668E-01
1.69922,100.856,0.256912
1.69983,100.893,0.288562
1.70044,100.929,-0.135765
1.70105,100.965,0.430111
1.70166,101.001,-0.801283E-01
1.70227,101.038,-0.780087E-02
1.70288,101.074,-0.303862
1.70349,101.110,0.677437
1.70410,101.146,0.110683
1.70471,101.183,-0.237830E-01
1.70532,101.219,0.405409
1.70593,101.255,-0.313746
1.70654,101.291,0.272534
1.70715,101.327,0.939409E-02
1.70776,101.364,-0.844213
1.70837,101.400,0.282506
1.70898,101.436,0.543509
1.70959,101.472,-0.116331E-01
1.71021,101.509,-0.467415E-01
1.71082,101.545,0.167936
1.71143,101.581,0.774674
1.71204,101.617,0.336263
1.71265,101.653,-0.426973E-01
1.71326,101.690,-0.142118
1.71387,101.726,-0.177724
1.71448,101.762,-0.131196E-01
1.71509,101.798,0.218318
1.71570,101.835,-0.367403E-01
1.71631,101.871,-0.225898
1.71692,101.907,-0.537765E-01
1.71753,101.943,-0.224437
1.71814,101.980,0.169454
1.71875,102.016,0.330636
1.71936,102.052,-0.388696
1.71997,102.088,-0.210582
1.72058,102.124,-0.582992E-01
1.72119,102.161,0.793254
1.72180,102.197,0.357060
1.72241,102.233,0.719162
1.72302,102.269,0.200897
1.72363,102.306,-0.121210
1.72424,102.342,-0.166572
1.72485,102.378,-0.220913
1.72546,102.414,-0.235797E-01
1.72607,102.450,-0.263852
1.72668,102.487,0.408094E-01
1.72729,102.523,-0.124832
1.72791,102.559,-0.101278E-01
1.72852,102.595,-0.415587E-01
1.72913,102.632,-0.307683E-01
1.72974,102.668,-0.263716
1.73035,102.704,0.439288
1.73096,102.740,-0.464598
1.73157,102.777,-0.608853E-01
1.73218,102.813,1.43532
1.73279,102.849,-0.268428E-01
1.73340,102.885,0.222229
1.73401,102.921,0.319469
1.73462,102.958,-0.102373
1.73523,102.994,-0.104530
1.73584,103.030,0.897915E-02
1.73645,103.066,0.241569
1.73706,103.103,0.241193E-01
1.73767,103.139,0.143927
1.73828,103.175,0.318617
1.73889,103.211,0.304400
1.73950,103.247,-0.261622E-01
1.74011,103.284,0.583028E-01
1.74072,103.320,0.189732
1.74133,103.356,0.671942
1.74194,103.392,0.133916E-01
1.74255,103.429,-0.216526
1.74316,103.465,1.22921
1.74377,103.501,0.305697E-01
1.74438,103.537,-0.831949E-01
1.74500,103.574,0.458502
1.74561,103.610,-0.102376
1.74622,103.646,-0.196415
1.74683,103.682,-0.817992
1.74744,103.718,0.717320E-01
1.74805,103.755,0.201378E-01
1.74866,103.791,-0.183044
1.74927,103.827,0.444103E-01
1.74988,103.863,0.197812
1.75049,103.900,-0.359865
1.75110,103.936,0.272809E-01
1.75171,103.972,0.863917E-01
1.75232,104.008,-0.104567
1.75293,104.044,0.449450
1.75354,104.081,0.675453E-01
1.75415,104.117,0.969293
1.75476,104.153,0.306097
1.75537,104.189,0.328144
1.75598,104.226,0.101931
1.75659,104.262,-0.872786E-01
1.75720,104.298,-0.459361
1.75781,104.334,-0.951657E-01
1.75842,104.371,-0.451855
1.75903,104.407,-0.626570E-01
1.75964,104.443,0.422721
1.76025,104.479,-0.350215
1.76086,104.515,-0.350294E-01
1.76147,104.552,0.899813
1.76208,104.588,0.330973
1.76270,104.624,-0.647025
1.76331,104.660,-0.229427
1.76392,104.697,0.422992
1.76453,104.733,0.111545
1.76514,104.769,-0.944538
1.76575,104.805,-0.215275E-01
1.76636,104.841,0.207499
1.76697,104.878,-0.989206E-01
1.76758,104.914,-0.751984E-01
1.76819,104.950,0.249648
1.76880,104.986,0.198910E-01
1.76941,105.023,-0.844790
1.77002,105.059,-0.138151
1.77063,105.095,0.459355
1.77124,105.131,-0.408062
1.77185,105.168,-0.794736E-03
1.77246,105.204,0.677811
1.77307,105.240,0.225553
1.77368,105.276,-0.244300
1.77429,105.312,-0.911878E-01
1.77490,105.349,0.148272
1.77551,105.385,-0.162403
1.77612,105.421,-0.269669E-02
1.77673,105.457,0.100947
1.77734,105.494,0.682964
1.77795,105.530,0.269363
1.77856,105.566,0.208849
1.77917,105.602,-0.722994E-01
1.77979,105.638,-0.289243
1.78040,105.675,0.784451
1.78101,105.711,0.234611
1.78162,105.747,-0.677795E-01
1.78223,105.783,-0.851849E-01
1.78284,105.820,0.225017
1.78345,105.856,0.612788
1.78406,105.892,0.873220E-01
1.78467,105.928,-0.583441E-01
1.78528,105.965,0.100473E-01
1.78589,106.001,-0.268301
1.78650,106.037,-0.544370E-01
1.78711,106.073,0.225175
1.78772,106.109,1.20491
1.78833,106.146,-0.190995E-01
1.78894,106.182,-0.405553E-01
1.78955,106.218,0.565991
1.79016,106.254,-0.617529E-01
1.79077,106.291,0.624098E-01
1.79138,106.327,0.299347
1.79199,106.363,-0.245214
1.79260,106.399,1.05452
1.79321,106.435,0.987050E-01
1.79382,106.472,-0.188799
1.79443,106.508,0.506108E-01
1.79504,106.544,-0.190281
1.79565,106.580,0.348194
1.79626,106.617,0.393105E-02
1.79688,106.653,0.255601
1.79749,106.689,0.105383
1.79810,106.725,-0.792653E-01
1.79871,106.762,0.326930
1.79932,106.798,0.292794
1.79993,106.834,0.109415
1.80054,106.870,0.144610E-01
1.80115,106.906,-0.440479E-01
1.80176,106.943,0.338643
1.80237,106.979,0.277605E-01
1.80298,107.015,0.126084
1.80359,107.051,-0.260524
1.80420,107.088,-0.511473E-02
1.80481,107.124,-0.207796
1.80542,107.160,0.105628
1.80603,107.196,0.335096
1.80664,107.232,0.146009
1.80725,107.269,0.267934
1.80786,107.305,0.231880E-01
1.80847,107.341,-0.121501
1.80908,107.377,-0.389837E-01
1.80969,107.414,-0.384456E-01
1.81030,107.450,-0.196636
1.81091,107.486,0.299178E-01
1.81152,107.522,0.491414E-01
1.81213,107.559,-0.176455
1.81274,107.595,0.943459
1.81335,107.631,-0.413125
1.81396,107.667,0.132712
1.81458,107.703,0.178315
1.81519,107.740,-0.524360
1.81580,107.776,-0.558538E-01
1.81641,107.812,-0.739420E-02
1.81702,107.848,-0.341914
1.81763,107.885,-0.518170
1.81824,107.921,0.766598
1.81885,107.957,0.706544
1.81946,107.993,-0.324035
1.82007,108.029,0.209516
1.82068,108.066,-0.298128
1.82129,108.102,-0.168365
1.82190,108.138,0.145515
1.82251,108.174,0.137534
1.82312,108.211,0.514773E-02
1.82373,108.247,-0.103838E-01
1.82434,108.283,0.163716
1.82495,108.319,-0.562167E-01
1.82556,108.356,-0.533107E-01
1.82617,108.392,-0.569048E-01
1.82678,108.428,0.238962
1.82739,108.464,-0.200026
1.82800,108.500,0.687466E-02
1.82861,108.537,0.719867E-01
1.82922,108.573,0.216569
1.82983,108.609,-0.127111E-01
1.83044,108.645,-0.145339
1.83105,108.682,0.333070E-01
1.83167,108.718,-0.274272
1.83228,108.754,-0.128960
1.83289,108.790,0.560979E-01
1.83350,108.826,-0.972816E-01
1.83411,108.863,-0.684557E-01
1.83472,108.899,0.355096
1.83533,108.935,-0.877762E-02
1.83594,108.971,0.388107E-01
1.83655,109.008,0.262614E-01
1.83716,109.044,1.28619
1.83777,109.080,0.327486
1.83838,109.116,0.406259
1.83899,109.153,-0.167327
1.83960,109.189,-0.624901
1.84021,109.225,0.172480E-01
1.84082,109.261,-0.320354E-01
1.84143,109.297,-0.315734E-01
1.84204,109.334,-0.328789E-01
1.84265,109.370,0.129569
1.84326,109.406,-0.679990
1.84387,109.442,0.175569E-03
1.84448,109.479,-0.956212E-01
1.84509,109.515,-0.688737E-01
1.84570,109.551,-0.246616
1.84631,109.587,-0.161851E-02
1.84692,109.623,0.180122
1.84753,109.660,0.296616
1.84814,109.696,0.380939
1.84875,109.732,0.162785
1.84937,109.768,0.486911
1.84998,109.805,-0.439152
1.85059,109.841,-0.281827
1.85120,109.877,0.933077E-01
1.85181,109.913,-0.324897
1.85242,109.950,0.119471
1.85303,109.986,0.638181E-01
1.85364,110.022,-1.10460
1.85425,110.058,0.547962E-01
1.85486,110.094,0.377182
1.85547,110.131,-0.293330E-01
1.85608,110.167,-0.455827E-01
1.85669,110.203,0.180802
1.85730,110.239,0.219724
1.85791,110.276,0.105139E-01
1.85852,110.312,1.48385
1.85913,110.348,-0.519743E-01
1.85974,110.384,0.846772E-01
1.86035,110.420,0.606024E-01
1.86096,110.457,-0.359404E-01
1.86157,110.493,0.191565E-01
1.86218,110.529,0.300157
1.86279,110.565,0.266942
1.86340,110.602,-0.984570E-01
1.86401,110.638,-0.258452
1.86462,110.674,0.850706E-01
1.86523,110.710,-0.596049
1.86584,110.747,-0.864866
1.86646,110.783,-0.461878
1.86707,110.819,0.120696
1.86768,110.855,-0.573456
1.86829,110.891,0.148913
1.86890,110.928,-0.332494
1.86951,110.964,0.106563E-01
1.87012,111.000,1.09809
1.87073,111.036,-0.332115
1.87134,111.073,0.587847
1.87195,111.109,0.585521E-01
1.87256,111.145,0.437021
1.87317,111.181,0.121225E-01
1.87378,111.217,-0.119355
1.87439,111.254,0.849325E-02
1.87500,111.290,0.262754
1.87561,111.326,-0.164915
1.87622,111.362,-0.908231
1.87683,111.399,0.939445E-01
1.87744,111.435,-0.401236
1.87805,111.471,-0.284469
1.87866,111.507,0.139651
1.87927,111.543,0.903885
1.87988,111.580,0.749684
1.88049,111.616,-0.159848E-01
1.88110,111.652,0.259430
1.88171,111.688,0.553871E-01
1.88232,111.725,0.214355E-01
1.88293,111.761,-0.124082
1.88354,111.797,0.412482
1.88416,111.833,-0.625453E-02
1.88477,111.870,0.181873
1.88538,111.906,0.179536
1.88599,111.942,0.204945
1.88660,111.978,-0.278395
1.88721,112.014,0.671854
1.88782,112.051,0.852169E-01
1.88843,112.087,-0.386030E-02
1.88904,112.123,0.680726
1.88965,112.159,0.146485
1.89026,112.196,0.682146
1.89087,112.232,-0.168483
1.89148,112.268,0.849267E-01
1.89209,112.304,0.317597
1.89270,112.340,-0.345535
1.89331,112.377,0.273949E-01
1.89392,112.413,-0.230356
1.89453,112.449,0.822715
1.89514,112.485,0.228548
1.89575,112.522,0.686467E-01
1.89636,112.558,0.162955E-01
1.89697,112.594,-0.101443
1.89758,112.630,0.317760
1.89819,112.667,0.847515E-01
1.89880,112.703,0.915457
1.89941,112.739,0.157751
1.90002,112.775,0.901002E-01
1.90063,112.811,-0.518017
1.90125,112.848,0.125758E-01
1.90186,112.884,-0.137393
1.90247,112.920,-0.394962
1.90308,112.956,0.688810
1.90369,112.993,0.243949
1.90430,113.029,0.645601
1.90491,113.065,0.123476
1.90552,113.101,0.885948E-01
1.90613,113.137,0.306490E-01
1.90674,113.174,0.561117
1.90735,113.210,0.590016
1.90796,113.246,0.701924
1.90857,113.282,0.825134
1.90918,113.319,0.649085E-01
1.90979,113.355,-0.259740
1.91040,113.391,0.297042
1.91101,113.427,-0.523929E-01
1.91162,113.464,0.818270E-01
1.91223,113.500,0.883588E-03
1.91284,113.536,0.129169
1.91345,113.572,0.212437
1.91406,113.608,0.518120E-01
1.91467,113.645,0.333010
1.91528,113.681,1.24547
1.91589,113.717,0.566179
1.91650,113.753,0.398576
1.91711,113.790,-0.174973
1.91772,113.826,0.532785
1.91833,113.862,0.516398E-01
1.91895,113.898,0.426506
1.91956,113.934,-0.600639E-01
1.92017,113.971,-0.512845
1.92078,114.007,0.293525
1.92139,114.043,0.493848E-02
1.92200,114.079,0.659418E-03
1.92261,114.116,0.403749
1.92322,114.152,-0.284751
1.92383,114.188,-0.234013
1.92444,114.224,-0.290158
1.92505,114.261,-0.130577
1.92566,114.297,-0.630104E-01
1.92627,114.333,0.221297
1.92688,114.369,0.231701
1.92749,114.405,-0.169303
1.92810,114.442,0.155284
1.92871,114.478,0.421755
1.92932,114.514,0.112250
1.92993,114.550,-0.180740E-01
1.93054,114.587,-0.387810
1.93115,114.623,0.144003
1.93176,114.659,1.24539
1.93237,114.695,0.641337E-01
1.93298,114.731,-0.135508E-01
1.93359,114.768,-0.157542
1.93420,114.804,0.144708
1.93481,114.840,-0.137400
1.93542,114.876,0.223590
1.93604,114.913,0.220491
1.93665,114.949,0.667788
1.93726,114.985,0.582254
1.93787,115.021,-0.190410
1.93848,115.058,-0.156694E-01
1.93909,115.094,0.939253E-01
1.93970,115.130,-0.184504
1.94031,115.166,0.757888E-01
1.94092,115.202,-0.120542
1.94153,115.239,-0.124431
1.94214,115.275,-0.209081
1.94275,115.311,0.290242E-01
1.94336,115.347,-0.359785
1.94397,115.384,0.408899
1.94458,115.420,-0.169438E-01
1.94519,115.456,0.658395E-01
1.94580,115.492,-0.154305
1.94641,115.528,-0.975392E-01
1.94702,115.565,-0.313375
1.94763,115.601,0.185861
1.94824,115.637,0.631120
1.94885,115.673,0.300151
1.94946,115.710,0.452021E-01
1.95007,115.746,-0.243186
1.95068,115.782,0.506007E-01
1.95129,115.818,0.969172E-01
1.95190,115.855,0.115072
1.95251,115.891,1.61502
1.95312,115.927,0.601402
1.95374,115.963,0.456574
1.95435,115.999,0.152454E-01
1.95496,116.036,0.420695E-01
1.95557,116.072,-0.132263
1.95618,116.108,0.351566
1.95679,116.144,-0.175611E-01
1.95740,116.181,-0.210476
1.95801,116.217,0.663763E-01
1.95862,116.253,-0.492045E-01
1.95923,116.289,0.231936
1.95984,116.325,0.862586E-01
1.96045,116.362,-0.446351E-01
1.96106,116.398,0.390412E-01
1.96167,116.434,-0.614750E-01
1.96228,116.470,-0.255309
1.96289,116.507,-0.898432E-01
1.96350,116.543,0.352832
1.96411,116.579,-0.443871E-01
1.96472,116.615,0.295319
1.96533,116.652,0.453156E-01
1.96594,116.688,0.409983
1.96655,116.724,0.320051
1.96716,116.760,0.117684
1.96777,116.796,0.503636
1.96838,116.833,0.918021E-01
1.96899,116.869,0.228678E-01
1.96960,116.905,-0.588732E-01
1.97021,116.941,0.301227
1.97083,116.978,0.324378
1.97144,117.014,-0.111621
1.97205,117.050,0.210533
1.97266,117.086,0.679751E-01
1.97327,117.122,-0.292826
1.97388,117.159,-0.226340
1.97449,117.195,0.819413E-02
1.97510,117.231,-0.319959
1.97571,117.267,-0.659422
1.97632,117.304,0.550676
1.97693,117.340,0.144641
1.97754,117.376,0.156131
1.97815,117.412,0.442966E-01
1.97876,117.449,0.468164
1.97937,117.485,0.764700
1.97998,117.521,-0.275702
1.98059,117.557,-0.719739E-01
1.98120,117.593,-0.422785E-01
1.98181,117.630,0.232378
1.98242,117.666,0.374422
1.98303,117.702,-0.452743E-01
1.98364,117.738,0.144430
1.98425,117.775,0.362644E-01
1.98486,117.811,0.337402
1.98547,117.847,-0.368967
1.98608,117.883,0.975572E-01
1.98669,117.919,-0.634669E-01
1.98730,117.956,-0.360749
1.98792,117.992,-0.409695E-01
1.98853,118.028,0.116654
1.98914,118.064,-0.527041E-01
1.98975,118.101,0.824341E-01
1.99036,118.137,0.693348E-01
1.99097,118.173,0.122488
1.99158,118.209,0.117761
1.99219,118.246,0.886627E-01
1.99280,118.282,-0.547189E-01
1.99341,118.318,0.200249E-01
1.99402,118.354,-0.511907E-01
1.99463,118.390,-0.389244
1.99524,118.427,0.525855E-01
1.99585,118.463,0.227078
1.99646,118.499,-0.823938E-02
1.99707,118.535,-0.431162E-01
1.99768,118.572,0.297364
1.99829,118.608,0.375459
1.99890,118.644,-0.274212E-01
1.99951,118.680,-0.734621E-01
2.00012,118.716,-0.276377
2.00073,118.753,-0.995310E-01
2.00134,118.789,0.598681E-01
2.00195,118.825,0.897343E-01
2.00256,118.861,0.313141
2.00317,118.898,1.33265
2.00378,118.934,-0.586138E-01
2.00439,118.970,0.393493
2.00500,119.006,0.186204
2.00562,119.043,0.321874
2.00623,119.079,-0.431257
2.00684,119.115,0.180100
2.00745,119.151,-0.393012E-01
2.00806,119.187,0.292343
2.00867,119.224,-0.166292
2.00928,119.260,0.167387
2.00989,119.296,0.348468E-01
2.01050,119.332,-0.282922
2.01111,119.369,0.556077
2.01172,119.405,-0.429354
2.01233,119.441,-0.315113E-01
2.01294,119.477,-0.916030E-01
2.01355,119.513,-0.418679E-01
2.01416,119.550,-0.203532
2.01477,119.586,0.155963
2.01538,119.622,1.06127
2.01599,119.658,-0.302361
2.01660,119.695,-0.759966E-01
2.01721,119.731,-0.123567
2.01782,119.767,0.724961
2.01843,119.803,-0.262588E-01
2.01904,119.840,0.497348E-01
2.01965,119.876,-0.366715
2.02026,119.912,-0.347025
2.02087,119.948,0.136989
2.02148,119.984,-0.292799E-02
2.02209,120.021,-0.461270E-02
2.02271,120.057,0.723930
2.02332,120.093,0.299839
2.02393,120.129,0.655613
2.02454,120.166,0.887448E-01
2.02515,120.202,-0.210695
2.02576,120.238,-0.108884
2.02637,120.274,0.105956
2.02698,120.310,0.126593
2.02759,120.347,0.145231
2.02820,120.383,-0.532823
2.02881,120.419,-0.597730
2.02942,120.455,-0.142548
2.03003,120.492,0.161137
2.03064,120.528,-0.146806
2.03125,120.564,-0.605934E-01
2.03186,120.600,0.362682E-01
2.03247,120.637,-0.415265E-01
2.03308,120.673,-0.219901E-01
2.03369,120.709,0.110868E-01
2.03430,120.745,0.568535
2.03491,120.781,-0.171030E-01
2.03552,120.818,-0.632806E-01
2.03613,120.854,-0.177777
2.03674,120.890,0.296086E-01
2.03735,120.926,-0.181179
2.03796,120.963,-0.138137
2.03857,120.999,0.658759
2.03918,121.035,0.124452
2.03979,121.071,-0.231566
2.04041,121.107,-0.943904E-01
2.04102,121.144,-1.02712
2.04163,121.180,0.344361
2.04224,121.216,-0.789475E-01
2.04285,121.252,0.429662
2.04346,121.289,0.373040
2.04407,121.325,0.145752
2.04468,121.361,0.670055E-01
2.04529,121.397,0.167579
2.04590,121.434,0.412598E-02
2.04651,121.470,-0.661686E-01
2.04712,121.506,-0.416347
2.04773,121.542,-0.351412
2.04834,121.578,0.513622
2.04895,121.615,0.476053
2.04956,121.651,-0.571673E-01
2.05017,121.687,0.111649E-02
2.05078,121.723,0.350155
2.05139,121.760,0.212807
2.05200,121.796,0.315010
2.05261,121.832,-0.217960
2.05322,121.868,-0.176291
2.05383,121.904,0.184405
2.05444,121.941,0.275672E-01
2.05505,121.977,-0.147796
2.05566,122.013,0.628873
2.05627,122.049,0.726515
2.05688,122.086,-0.152865
2.05750,122.122,-0.206241
2.05811,122.158,0.961505E-01
2.05872,122.194,0.703390
2.05933,122.231,0.604113
2.05994,122.267,-0.905598E-01
2.06055,122.303,-0.488996E-01
2.06116,122.339,-0.113852E-01
2.06177,122.375,0.316307
2.06238,122.412,0.656515
2.06299,122.448,0.909035
2.06360,122.484,-0.352271
2.06421,122.520,0.213641E-01
2.06482,122.557,0.321570
2.06543,122.593,0.547991
2.06604,122.629,0.392353
2.06665,122.665,-0.280802E-01
2.06726,122.701,-0.391740
2.06787,122.738,0.178628
2.06848,122.774,-0.145782
2.06909,122.810,0.103106
2.06970,122.846,0.960607E-01
2.07031,122.883,0.528505
2.07092,122.919,-0.139298E-01
2.07153,122.955,0.219820
2.07214,122.991,-0.514803E-01
2.07275,123.028,0.526003E-01
2.07336,123.064,0.498097E-01
2.07397,123.100,0.199499E-01
2.07458,123.136,0.873418
2.07520,123.172,-0.752959E-01
2.07581,123.209,-0.106879
2.07642,123.245,-0.457549E-01
2.07703,123.281,0.418331
2.07764,123.317,0.317851E-01
2.07825,123.354,-0.101536
2.07886,123.390,0.106402
2.07947,123.426,0.131310
2.08008,123.462,-0.104957
2.08069,123.498,-0.658973E-01
2.08130,123.535,0.342353
2.08191,123.571,1.21597
2.08252,123.607,-0.289545
2.08313,123.643,0.152630
2.08374,123.680,-0.489011E-01
2.08435,123.716,0.235053
2.08496,123.752,0.317686
2.08557,123.788,0.159630
2.08618,123.825,0.163539
2.08679,123.861,0.113255
2.08740,123.897,0.135477
2.08801,123.933,0.632029E-01
2.08862,123.969,-0.495263E-01
2.08923,124.006,0.298294
2.08984,124.042,-0.607755E-01
2.09045,124.078,-0.129698
2.09106,124.114,0.384963
2.09167,124.151,-0.134660
2.09229,124.187,0.259230
2.09290,124.223,-0.352845
2.09351,124.259,1.15226
2.09412,124.295,0.804608
2.09473,124.332,0.450440
2.09534,124.368,0.163018E-01
2.09595,124.404,0.351519
2.09656,124.440,0.215362
2.09717,124.477,-0.622142E-01
2.09778,124.513,-0.250749
2.09839,124.549,1.21666
2.09900,124.585,0.352698
2.09961,124.622,0.184803E-01
2.10022,124.658,0.100610
2.10083,124.694,0.823211E-01
2.10144,124.730,-0.145894
2.10205,124.766,-0.359709E-01
2.10266,124.803,-0.662680E-02
2.10327,124.839,-0.345006E-01
2.10388,124.875,0.155260E-01
2.10449,124.911,0.965152E-01
2.10510,124.948,-0.193348
2.10571,124.984,0.341732
2.10632,125.020,0.217578
2.10693,125.056,-0.313154
2.10754,125.092,-0.343365
2.10815,125.129,0.815804
2.10876,125.165,0.147164
2.10938,125.201,0.814408
2.10999,125.237,0.252643
2.11060,125.274,0.472008
2.11121,125.310,0.106466
2.11182,125.346,0.244406
2.11243,125.382,0.200210
2.11304,125.419,-0.233880
2.11365,125.455,-0.391179E-01
2.11426,125.491,0.808933
2.11487,125.527,0.102333
2.11548,125.563,0.258166
2.11609,125.600,0.700681
2.11670,125.636,0.911665E-01
2.11731,125.672,-0.180183
2.11792,125.708,0.560936
2.11853,125.745,-0.260748
2.11914,125.781,-0.176215
2.11975,125.817,0.242562
2.12036,125.853,-0.516395
2.12097,125.889,-0.211647
2.12158,125.926,0.289232
2.12219,125.962,0.153410
2.12280,125.998,0.616981
2.12341,126.034,0.558291
2.12402,126.071,0.354826
2.12463,126.107,0.149997
2.12524,126.143,-0.129443
2.12585,126.179,0.477732
2.12646,126.216,0.420603
2.12708,126.252,1.05081
2.12769,126.288,0.854229E-01
2.12830,126.324,0.416083
2.12891,126.360,1.24739
2.12952,126.397,0.145927
2.13013,126.433,0.390109
2.13074,126.469,0.190867
2.13135,126.505,0.285076E-01
2.13196,126.542,-0.201807
2.13257,126.578,0.219815
2.13318,126.614,-0.544231E-01
2.13379,126.650,0.534945
2.13440,126.686,0.850351E-02
2.13501,126.723,-0.183095
2.13562,126.759,0.399213
2.13623,126.795,-0.686911E-01
2.13684,126.831,0.336434
2.13745,126.868,0.130208E-01
2.13806,126.904,-0.430020
2.13867,126.940,-0.167948
2.13928,126.976,0.887725E-01
2.13989,127.013,0.276767
2.14050,127.049,0.538511
2.14111,127.085,-0.295100
2.14172,127.121,0.108118
2.14233,127.157,0.156764
2.14294,127.194,0.350428E-01
2.14355,127.230,-0.179208E-01
2.14417,127.266,0.332009
2.14478,127.302,-0.792765E-01
2.14539,127.339,0.705026
2.14600,127.375,-0.515328
2.14661,127.411,0.197367E-01
2.14722,127.447,0.344237
2.14783,127.483,-0.156341
2.14844,127.520,0.205370
2.14905,127.556,1.39452
2.14966,127.592,-0.623531E-01
2.15027,127.628,-0.722960E-01
2.15088,127.665,-0.222728
2.15149,127.701,-0.521947E-01
2.15210,127.737,0.892427E-01
2.15271,127.773,0.257476E-01
2.15332,127.810,0.122009
2.15393,127.846,-0.220108
2.15454,127.882,-0.633735E-01
2.15515,127.918,0.298684
2.15576,127.954,0.135430E-01
2.15637,127.991,-0.491688
2.15698,128.027,-0.126729
2.15759,128.063,0.169390
2.15820,128.099,0.110636
2.15881,128.136,-0.240018
2.15942,128.172,-0.169763
2.16003,128.208,0.569674
2.16064,128.244,0.188857
2.16125,128.280,0.219875
2.16187,128.317,0.796846E-01
2.16248,128.353,-0.277916
2.16309,128.389,-0.702647E-01
2.16370,128.425,0.255254
2.16431,128.462,-0.612925E-01
2.16492,128.498,-0.120693
2.16553,128.534,-0.610864E-01
2.16614,128.570,-0.340745
2.16675,128.607,0.168207
2.16736,128.643,0.602680
2.16797,128.679,0.150705
2.16858,128.715,-0.378381E-01
2.16919,128.751,-0.257522
2.16980,128.788,0.208995
2.17041,128.824,-0.778472E-01
2.17102,128.860,-0.257904
2.17163,128.896,0.182509
2.17224,128.933,0.207042
2.17285,128.969,0.217227
2.17346,129.005,0.318898
2.17407,129.041,0.521502
2.17468,129.077,1.33345
2.17529,129.114,0.418541E-01
2.17590,129.150,0.565225
2.17651,129.186,-0.911768E-01
2.17712,129.222,-0.679089E-01
2.17773,129.259,0.339582E-01
2.17834,129.295,0.474821
2.17896,129.331,0.232819
2.17957,129.367,-0.340606
2.18018,129.404,0.227192
2.18079,129.440,-0.745360E-01
2.18140,129.476,-0.177351
2.18201,129.512,0.600808E-01
2.18262,129.548,-0.120934E-01
2.18323,129.585,0.364959
2.18384,129.621,0.175527
2.18445,129.657,0.622984
2.18506,129.693,0.751514E-02
2.18567,129.730,-0.493236E-01
2.18628,129.766,-0.103678
2.18689,129.802,0.182175
2.18750,129.838,-0.177597E-01
2.18811,129.874,0.716756E-02
2.18872,129.911,-0.121669
2.18933,129.947,0.676892E-01
2.18994,129.983,0.175236
2.19055,130.019,-0.820487E-01
2.19116,130.056,0.113879E-02
2.19177,130.092,-0.131000
2.19238,130.128,0.106461
2.19299,130.164,0.176278E-01
2.19360,130.200,-0.740553E-01
2.19421,130.237,0.116915
2.19482,130.273,0.326565E-01
2.19543,130.309,0.144430
2.19604,130.345,-0.470208
2.19666,130.382,-0.825872E-01
2.19727,130.418,0.647850E-01
2.19788,130.454,-0.249964
2.19849,130.490,0.834646
2.19910,130.527,0.225804
2.19971,130.563,0.124489E-01
2.20032,130.599,0.186527
2.20093,130.635,0.335375
2.20154,130.671,0.366029
2.20215,130.708,0.310312
2.20276,130.744,-0.599367E-01
2.20337,130.780,-0.109184
2.20398,130.816,0.201570
2.20459,130.853,-0.128903
2.20520,130.889,-0.439650
2.20581,130.925,0.401182E-01
2.20642,130.961,0.297598
2.20703,130.997,-0.434494
2.20764,131.034,0.111109
2.20825,131.070,-0.134447
2.20886,131.106,-0.450222
2.20947,131.142,-0.141136
2.21008,131.179,-0.102691
2.21069,131.215,-0.326477
2.21130,131.251,0.513696
2.21191,131.287,-0.369230E-01
2.21252,131.324,-0.396439E-01
2.21313,131.360,-0.268117E-01
2.21375,131.396,-0.131823
2.21436,131.432,-0.128188
2.21497,131.468,0.126689
2.21558,131.505,-0.553299
2.21619,131.541,0.371903E-01
2.21680,131.577,-0.119372
2.21741,131.613,0.186833
2.21802,131.650,0.325020
2.21863,131.686,0.387713
2.21924,131.722,0.575017
2.21985,131.758,-0.167340
2.22046,131.794,0.943686E-01
2.22107,131.831,-0.345169
2.22168,131.867,-0.512144
2.22229,131.903,0.220303
2.22290,131.939,0.643277E-01
2.22351,131.976,0.483660E-01
2.22412,132.012,-0.166492
2.22473,132.048,0.386160
2.22534,132.084,-0.281627E-01
2.22595,132.121,0.535077E-01
2.22656,132.157,0.369997
2.22717,132.193,0.706586E-01
2.22778,132.229,0.183366
2.22839,132.265,-0.413541E-02
2.22900,132.302,0.370699
2.22961,132.338,-0.273637E-01
2.23022,132.374,0.159944E-01
2.23083,132.410,0.589065E-01
2.23145,132.447,0.560863E-01
2.23206,132.483,0.844567E-01
2.23267,132.519,-0.235868
2.23328,132.555,-0.147713
2.23389,132.591,0.194222
2.23450,132.628,-0.262186
2.23511,132.664,0.689240
2.23572,132.700,-0.184156
2.23633,132.736,0.129540
2.23694,132.773,-0.234139
2.23755,132.809,0.368668E-01
2.23816,132.845,-0.972367E-01
2.23877,132.881,0.706709
2.23938,132.918,-0.455870E-01
2.23999,132.954,0.192721E-02
2.24060,132.990,0.298856E-01
2.24121,133.026,0.225564E-01
2.24182,133.062,0.111384
2.24243,133.099,0.726697
2.24304,133.135,-0.243803
2.24365,133.171,0.488156
2.24426,133.207,-0.555977E-01
2.24487,133.244,0.117574
2.24548,133.280,-0.123229
2.24609,133.316,1.33092
2.24670,133.352,-0.151651
2.24731,133.388,0.310696
2.24792,133.425,0.139040
2.24854,133.461,-0.764418E-02
2.24915,133.497,-0.207536E-01
2.24976,133.533,0.140974
2.25037,133.570,-0.138386E-02
2.25098,133.606,-0.392166E-01
2.25159,133.642,-0.764264E-01
2.25220,133.678,-0.284546
2.25281,133.715,0.654535E-02
2.25342,133.751,0.324638
2.25403,133.787,0.691560E-01
2.25464,133.823,0.690689
2.25525,133.859,0.287799
2.25586,133.896,-0.326510
2.25647,133.932,-0.658214E-01
2.25708,133.968,0.415238
2.25769,134.004,0.209263
2.25830,134.041,0.435359
2.25891,134.077,0.204848
2.25952,134.113,0.436423E-01
2.26013,134.149,-0.109718
2.26074,134.185,0.322130E-01
2.26135,134.222,-0.495205
2.26196,134.258,-0.180551
2.26257,134.294,0.885891E-01
2.26318,134.330,-1.00019
2.26379,134.367,0.835707E-01
2.26440,134.403,-0.116488
2.26501,134.439,0.711269
2.26562,134.475,0.437562E-01
2.26624,134.512,-0.379820E-01
2.26685,134.548,0.557839E-01
2.26746,134.584,0.632831E-01
2.26807,134.620,-0.105469
2.26868,134.656,-0.101431
2.26929,134.693,0.254037
2.26990,134.729,-0.314317E-01
2.27051,134.765,0.167761
2.27112,134.801,0.357720
2.27173,134.838,0.716210E-01
2.27234,134.874,0.156030
2.27295,134.910,-0.687617
2.27356,134.946,-0.842073
2.27417,134.982,-0.284266E-01
2.27478,135.019,-0.109290
2.27539,135.055,0.157770
2.27600,135.091,-0.142228
2.27661,135.127,-0.835426E-01
2.27722,135.164,0.108641E-01
2.27783,135.200,-0.379616
2.27844,135.236,-0.110152
2.27905,135.272,0.274046
2.27966,135.309,-0.213840E-01
2.28027,135.345,-0.126762
2.28088,135.381,-0.114247
2.28149,135.417,-0.592281E-03
2.28210,135.453,0.274399
2.28271,135.490,0.480763E-01
2.28333,135.526,0.497534
2.28394,135.562,-0.321450
2.28455,135.598,0.172710
2.28516,135.635,-0.291230E-01
2.28577,135.671,0.199436
2.28638,135.707,0.116041
2.28699,135.743,-0.107528
2.28760,135.779,-0.639720E-01
2.28821,135.816,0.170223
2.28882,135.852,0.109355
2.28943,135.888,0.189564E-01
2.29004,135.924,0.453761E-02
2.29065,135.961,0.314792
2.29126,135.997,0.341260
2.29187,136.033,0.242646E-01
2.29248,136.069,-0.119422
2.29309,136.106,-0.220876E-02
2.29370,136.142,-0.363801E-01
2.29431,136.178,0.184040E-01
2.29492,136.214,0.129145
2.29553,136.250,-0.551146
2.29614,136.287,0.725346E-01
2.29675,136.323,0.599040
2.29736,136.359,0.252026E-01
2.29797,136.395,-0.173887
2.29858,136.432,-0.214035
2.29919,136.468,-0.415614
2.29980,136.504,-0.153634
2.30042,136.540,0.622436
2.30103,136.576,0.415306
2.30164,136.613,-0.223352
2.30225,136.649,0.764552E-01
2.30286,136.685,-0.226242
2.30347,136.721,0.880513E-02
2.30408,136.758,-0.328970
2.30469,136.794,0.482196
2.30530,136.830,-0.963935E-01
2.30591,136.866,0.307264
2.30652,136.903,0.636147
2.30713,136.939,0.452281
2.30774,136.975,-0.226656
2.30835,137.011,-0.316638
2.30896,137.047,-0.229338
2.30957,137.084,0.686353E-01
2.31018,137.120,0.884468E-01
2.31079,137.156,0.714156
2.31140,137.192,0.798910
2.31201,137.229,0.587338E-01
2.31262,137.265,-0.276992
2.31323,137.301,0.205455
2.31384,137.337,0.246799
2.31445,137.373,-0.246120E-01
2.31506,137.410,-0.323503E-03
2.31567,137.446,0.976596E-01
2.31628,137.482,0.775298E-01
2.31689,137.518,0.642399E-04
2.31750,137.555,-0.325367E-02
2.31812,137.591,-0.773556E-01
2.31873,137.627,0.605171
2.31934,137.663,0.733627E-01
2.31995,137.700,0.184019E-01
2.32056,137.736,0.350945
2.32117,137.772,0.932363E-01
2.32178,137.808,0.138140E-01
2.32239,137.844,0.332238
2.32300,137.881,-0.119812
2.32361,137.917,0.425699E-01
2.32422,137.953,0.157660
2.32483,137.989,0.159893E-01
2.32544,138.026,-0.101647
2.32605,138.062,0.511679E-01
2.32666,138.098,0.458697
2.32727,138.134,0.658565E-01
2.32788,138.170,-0.239298E-01
2.32849,138.207,-0.917912E-01
2.32910,138.243,-0.300067E-01
2.32971,138.279,-0.163234
2.33032,138.315,0.247383E-01
2.33093,138.352,0.216446
2.33154,138.388,0.618035
2.33215,138.424,0.282530E-01
2.33276,138.460,0.128921
2.33337,138.497,0.750063
2.33398,138.533,-0.606209
2.33459,138.569,-0.474154E-02
2.33521,138.605,0.377343E-01
2.33582,138.641,0.395932E-01
2.33643,138.678,0.218618
2.33704,138.714,-0.154968
2.33765,138.750,0.227646E-01
2.33826,138.786,-0.698367E-01
2.33887,138.823,0.120897
2.33948,138.859,0.642836
2.34009,138.895,-0.275558
2.34070,138.931,-0.936682E-01
2.34131,138.967,0.380575E-01
2.34192,139.004,0.349049
2.34253,139.040,-0.439352E-01
2.34314,139.076,0.804481E-01
2.34375,139.112,0.273676E-01
2.34436,139.149,-0.101304
2.34497,139.185,0.336040
2.34558,139.221,0.570808E-01
2.34619,139.257,0.407175
2.34680,139.294,0.279708
2.34741,139.330,0.112650
2.34802,139.366,0.953154E-01
2.34863,139.402,0.236447
2.34924,139.438,-0.748143E-01
2.34985,139.475,0.505435E-01
2.35046,139.511,0.192283E-01
2.35107,139.547,0.140483E-01
2.35168,139.583,0.325208E-01
2.35229,139.620,0.350620
2.35291,139.656,-0.304779E-01
2.35352,139.692,0.430432
2.35413,139.728,-0.660517E-01
2.35474,139.764,0.249543E-02
2.35535,139.801,0.116606
2.35596,139.837,-0.992064E-01
2.35657,139.873,-0.156038
2.35718,139.909,-0.365061E-01
2.35779,139.946,0.145978
2.35840,139.982,-0.205380
2.35901,140.018,-0.512665E-01
2.35962,140.054,0.155711
2.36023,140.091,-0.102723E-01
2.36084,140.127,-0.277317
2.36145,140.163,-0.107136
2.36206,140.199,0.806034E-01
2.36267,140.235,0.473444
2.36328,140.272,0.865579E-01
2.36389,140.308,-0.618449E-01
2.36450,140.344,-0.251345
2.36511,140.380,0.377739
2.36572,140.417,0.104246
2.36633,140.453,-0.125910
2.36694,140.489,-0.290113
2.36755,140.525,-0.157515
2.36816,140.561,0.251669
2.36877,140.598,-0.314806E-01
2.36938,140.634,-0.934151E-02
2.37000,140.670,0.112212
2.37061,140.706,0.139009
2.37122,140.743,-0.102497
2.37183,140.779,-0.618551
2.37244,140.815,0.388117
2.37305,140.851,0.123459
2.37366,140.888,-0.174399
2.37427,140.924,0.947451E-01
2.37488,140.960,0.340107
2.37549,140.996,-0.104033
2.37610,141.032,-0.412578
2.37671,141.069,0.238891
2.37732,141.105,-0.219615
2.37793,141.141,-0.422283E-01
2.37854,141.177,-0.177393
2.37915,141.214,-0.537311
2.37976,141.250,0.634571
2.38037,141.286,0.262581
2.38098,141.322,0.163261E-01
2.38159,141.358,-0.133667
2.38220,141.395,0.316019
2.38281,141.431,-0.319280
2.38342,141.467,-0.962769E-01
2.38403,141.503,-0.279595
2.38464,141.540,0.154638
2.38525,141.576,0.119385
2.38586,141.612,0.892630E-01
2.38647,141.648,0.289732
2.38708,141.685,-0.258949
2.38770,141.721,-0.273313
2.38831,141.757,-0.126980
2.38892,141.793,-0.955019E-01
2.38953,141.829,-0.624939
2.39014,141.866,-0.590808E-01
2.39075,141.902,0.222665
2.39136,141.938,0.603973E-01
2.39197,141.974,-0.687397E-01
2.39258,142.011,0.235379E-01
2.39319,142.047,0.115631
2.39380,142.083,-0.768781E-01
2.39441,142.119,0.208051
2.39502,142.155,0.232480
2.39563,142.192,-0.694006E-01
2.39624,142.228,0.405721
2.39685,142.264,0.469608
2.39746,142.300,-0.642381
2.39807,142.337,0.157081
2.39868,142.373,0.121751
2.39929,142.409,0.398847
2.39990,142.445,0.265169
2.40051,142.482,0.373745
2.40112,142.518,-0.197968
2.40173,142.554,-0.592199E-01
2.40234,142.590,-0.570341
2.40295,142.626,0.167997
2.40356,142.663,-0.355504E-01
2.40417,142.699,-0.707637E-01
2.40479,142.735,0.303383
2.40540,142.771,0.164985
2.40601,142.808,0.409243E-01
2.40662,142.844,-0.272522
2.40723,142.880,0.492634
2.40784,142.916,0.518401
2.40845,142.952,0.137008
2.40906,142.989,-0.228674
2.40967,143.025,0.391748E-01
2.41028,143.061,-0.485213E-02
2.41089,143.097,0.723807E-01
2.41150,143.134,0.985925E-01
2.41211,143.170,0.835862E-01
2.41272,143.206,0.189684
2.41333,143.242,-0.309995
2.41394,143.279,0.423642
2.41455,143.315,0.597532E-01
2.41516,143.351,-0.139527
2.41577,143.387,-0.121602
2.41638,143.423,-0.625616
2.41699,143.460,0.227144
2.41760,143.496,0.272382
2.41821,143.532,0.165329
2.41882,143.568,-0.174884
2.41943,143.605,-0.188483
2.42004,143.641,0.479719
2.42065,143.677,0.263760
2.42126,143.713,-0.585395E-01
2.42188,143.749,0.510078
2.42249,143.786,0.324615
2.42310,143.822,0.204384
2.42371,143.858,-0.136325E-01
2.42432,143.894,-0.264698
2.42493,143.931,0.111826E-01
2.42554,143.967,0.145075
2.42615,144.003,0.429652
2.42676,144.039,0.403743
2.42737,144.076,0.902696E-02
2.42798,144.112,0.263147
2.42859,144.148,-0.396917
2.42920,144.184,-0.147539
2.42981,144.220,0.396841
2.43042,144.257,-0.856670E-01
2.43103,144.293,0.555647E-01
2.43164,144.329,-0.531139E-02
2.43225,144.365,0.260822
2.43286,144.402,-0.838713E-01
2.43347,144.438,0.101466E-01
2.43408,144.474,-0.566621
2.43469,144.510,-0.158263
2.43530,144.546,0.168744
2.43591,144.583,0.597260
2.43652,144.619,-0.419194
2.43713,144.655,-0.248016E-01
2.43774,144.691,0.124115
2.43835,144.728,0.419395
2.43896,144.764,-0.747823E-01
2.43958,144.800,0.238406E-01
2.44019,144.836,0.541316
2.44080,144.873,-0.322160
2.44141,144.909,-0.156886
2.44202,144.945,-0.289253
2.44263,144.981,1.05576
2.44324,145.017,0.256682
2.44385,145.054,-0.117073
2.44446,145.090,0.188230
2.44507,145.126,-0.507302E-01
2.44568,145.162,0.962314E-01
2.44629,145.199,0.118465
2.44690,145.235,0.386353E-01
2.44751,145.271,-0.478664E-01
2.44812,145.307,-0.232805
2.44873,145.343,-0.356564
2.44934,145.380,0.335753
2.44995,145.416,0.346520
2.45056,145.452,-0.223099
2.45117,145.488,0.303306
2.45178,145.525,0.758404
2.45239,145.561,0.260279
2.45300,145.597,0.300950
2.45361,145.633,0.865011E-01
2.45422,145.670,0.333282
2.45483,145.706,-0.310187
2.45544,145.742,0.170611
2.45605,145.778,-0.129259
2.45667,145.814,0.856272E-01
2.45728,145.851,0.532706E-01
2.45789,145.887,0.185085E-01
2.45850,145.923,-0.243853
2.45911,145.959,-0.117354
2.45972,145.996,0.667103E-01
2.46033,146.032,0.155660
2.46094,146.068,-0.654453
2.46155,146.104,-0.961699E-02
2.46216,146.140,-0.954428E-01
2.46277,146.177,0.352680E-01
2.46338,146.213,-0.324277E-01
2.46399,146.249,-0.249968
2.46460,146.285,-0.130309E-01
2.46521,146.322,0.410249E-01
2.46582,146.358,-0.393187E-01
2.46643,146.394,-0.614310E-02
2.46704,146.430,-0.150299
2.46765,146.467,0.174018
2.46826,146.503,0.234844
2.46887,146.539,0.213610
2.46948,146.575,-0.218476
2.47009,146.611,0.408205E-01
2.47070,146.648,-0.953005E-01
2.47131,146.684,-0.165769
2.47192,146.720,-0.936125E-02
2.47253,146.756,0.253650
2.47314,146.793,-0.362520E-01
2.47375,146.829,0.121497
2.47437,146.865,-0.534253
2.47498,146.901,-0.115646
2.47559,146.937,-0.374600
2.47620,146.974,0.303163
2.47681,147.010,-0.400741
2.47742,147.046,-0.616902E-01
2.47803,147.082,0.150780
2.47864,147.119,0.452368
2.47925,147.155,0.342260E-01
2.47986,147.191,0.588992
2.48047,147.227,0.523958
2.48108,147.264,0.393439
2.48169,147.300,0.780413
2.48230,147.336,0.121912
2.48291,147.372,0.363975
2.48352,147.408,0.155182
2.48413,147.445,-0.703793E-01
2.48474,147.481,0.599426E-01
2.48535,147.517,-0.168471
2.48596,147.553,-0.148983
2.48657,147.590,0.391561E-01
2.48718,147.626,-0.279790E-01
2.48779,147.662,0.688566E-01
2.48840,147.698,0.312530
2.48901,147.734,-0.109375
2.48962,147.771,-0.327295
2.49023,147.807,0.694238
2.49084,147.843,-0.112654
2.49146,147.879,0.471850
2.49207,147.916,0.736048E-01
2.49268,147.952,-0.353803
2.49329,147.988,0.101765
2.49390,148.024,-0.418707E-01
2.49451,148.061,0.232252
2.49512,148.097,-0.255137E-01
2.49573,148.133,-0.157712E-01
2.49634,148.169,-0.162565
2.49695,148.205,-0.915748E-01
2.49756,148.242,-0.532734
2.49817,148.278,0.462676E-01
2.49878,148.314,-0.987634E-01
2.49939,148.350,0.397369
2.50000,148.387,-0.468423
2.50061,148.423,-0.339894
2.50122,148.459,0.888284E-01
2.50183,148.495,-0.311733
2.50244,148.531,0.112437
2.50305,148.568,0.503355
2.50366,148.604,-0.674256E-01
2.50427,148.640,0.531222
2.50488,148.676,0.317345
2.50549,148.713,-0.685062E-01
2.50610,148.749,0.429541E-01
2.50671,148.785,-0.233117
2.50732,148.821,0.148023E-01
2.50793,148.857,-0.123297
2.50854,148.894,0.284977E-01
2.50916,148.930,0.125333
2.50977,148.966,-0.257190
2.51038,149.002,0.667241
2.51099,149.039,0.346357
2.51160,149.075,0.299412
2.51221,149.111,-0.184186
2.51282,149.147,0.195203
2.51343,149.184,-0.524082E-01
2.51404,149.220,-0.201536
2.51465,149.256,0.598167E-01
2.51526,149.292,0.109773
2.51587,149.328,0.403379
2.51648,149.365,0.211180E-01
2.51709,149.401,0.176701
2.51770,149.437,-0.307847
2.51831,149.473,0.168177
2.51892,149.510,-0.326763
2.51953,149.546,-0.766969
2.52014,149.582,0.871010E-01
2.52075,149.618,-0.327577
2.52136,149.654,0.247304
2.52197,149.691,-0.209729E-01
2.52258,149.727,-0.399574
2.52319,149.763,0.107860
2.52380,149.799,0.924885E-02
2.52441,149.836,0.865298E-02
2.52502,149.872,-0.398380
2.52563,149.908,-0.119462
2.52625,149.944,0.295604E-01
2.52686,149.981,0.132846
2.52747,150.017,-0.310655
2.52808,150.053,-0.213988
2.52869,150.089,-0.266340E-01
2.52930,150.125,0.198362
2.52991,150.162,-0.256021
2.53052,150.198,0.789935E-01
2.53113,150.234,0.127736
2.53174,150.270,0.105992
2.53235,150.307,0.167364
2.53296,150.343,0.582958E-01
2.53357,150.379,-0.100099
2.53418,150.415,0.575863E-01
2.53479,150.451,0.803902E-01
2.53540,150.488,0.741565
2.53601,150.524,0.281824E-01
2.53662,150.560,0.575279
2.53723,150.596,0.228806
2.53784,150.633,0.476030
2.53845,150.669,0.189145
2.53906,150.705,-0.175719E-02
2.53967,150.741,0.104821
2.54028,150.778,-0.312159
2.54089,150.814,0.108913
2.54150,150.850,-0.154359
2.54211,150.886,0.154293
2.54272,150.922,-0.242218
2.54333,150.959,-0.184748E-01
2.54395,150.995,-0.142554
2.54456,151.031,-0.231169
2.54517,151.067,-0.264253E-02
2.54578,151.104,-0.244470E-01
2.54639,151.140,0.274284
2.54700,151.176,0.349748
2.54761,151.212,-0.227868
2.54822,151.248,-0.532053E-02
2.54883,151.285,0.107545
2.54944,151.321,0.143380E-01
2.55005,151.357,0.194738
2.55066,151.393,0.103051E-01
2.55127,151.430,0.132980
2.55188,151.466,0.520088E-01
2.55249,151.502,0.326068E-01
2.55310,151.538,-0.889739E-01
2.55371,151.575,-0.201516
2.55432,151.611,-0.986853E-01
2.55493,151.647,0.310559E-01
2.55554,151.683,-0.393742
2.55615,151.719,-0.937524E-01
2.55676,151.756,0.147493
2.55737,151.792,-0.389831
2.55798,151.828,0.114705
2.55859,151.864,-0.261305E-01
2.55920,151.901,-0.256648E-01
2.55981,151.937,0.362929
2.56042,151.973,0.114008
2.56104,152.009,-0.139500
2.56165,152.045,-0.325232E-01
2.56226,152.082,-0.200177
2.56287,152.118,-0.185625
2.56348,152.154,0.227948
2.56409,152.190,0.260918
2.56470,152.227,0.135828
2.56531,152.263,-0.336515
2.56592,152.299,0.165133E-01
2.56653,152.335,-0.574435
2.56714,152.372,-0.265241
2.56775,152.408,0.256806
2.56836,152.444,-0.534175E-01
2.56897,152.480,0.693243E-01
2.56958,152.516,-0.446283
2.57019,152.553,0.540780E-01
2.57080,152.589,0.642107E-02
2.57141,152.625,-0.281342E-02
2.57202,152.661,0.918645E-01
2.57263,152.698,-0.681615E-01
2.57324,152.734,0.242407
2.57385,152.770,0.750030E-01
2.57446,152.806,0.127486
2.57507,152.842,-0.631342E-01
2.57568,152.879,0.154187
2.57629,152.915,0.586598E-01
2.57690,152.951,-0.229696
2.57751,152.987,-0.346869
2.57812,153.024,-0.143346
2.57874,153.060,0.636641
2.57935,153.096,-0.481605E-02
2.57996,153.132,0.281846
2.58057,153.169,-0.183757
2.58118,153.205,-0.288349
2.58179,153.241,0.377147E-01
2.58240,153.277,-0.611990E-01
2.58301,153.313,-0.195845
2.58362,153.350,0.458777E-02
2.58423,153.386,-0.742229E-02
2.58484,153.422,-0.204349
2.58545,153.458,0.164951
2.58606,153.495,0.322486
2.58667,153.531,0.148083
2.58728,153.567,0.619655
2.58789,153.603,0.641889
2.58850,153.639,0.235202
2.58911,153.676,-0.173571
2.58972,153.712,-0.757620E-02
2.59033,153.748,-0.154366
2.59094,153.784,-0.130236
2.59155,153.821,-0.400651
2.59216,153.857,-0.313719
2.59277,153.893,-0.679905E-01
2.59338,153.929,0.873958E-01
2.59399,153.966,0.208431
2.59460,154.002,0.167259
2.59521,154.038,0.160034
2.59583,154.074,0.560671
2.59644,154.110,-0.995696E-01
2.59705,154.147,-0.304661E-01
2.59766,154.183,0.112842
2.59827,154.219,-0.234293
2.59888,154.255,0.845898
2.59949,154.292,0.114695
2.60010,154.328,-0.599925E-01
2.60071,154.364,0.184747
2.60132,154.400,-0.352099E-02
2.60193,154.436,-0.172813
2.60254,154.473,0.553983E-02
2.60315,154.509,-0.196220
2.60376,154.545,0.213717E-01
2.60437,154.581,0.456145
2.60498,154.618,0.321311E-01
2.60559,154.654,-0.322943
2.60620,154.690,-0.733843E-01
2.60681,154.726,0.242823
2.60742,154.763,-0.135838
2.60803,154.799,0.177152
2.60864,154.835,-0.612986E-01
2.60925,154.871,0.865949E-01
2.60986,154.907,0.265512
2.61047,154.944,0.397829
2.61108,154.980,-0.701005
2.61169,155.016,0.821338
2.61230,155.052,0.123076
2.61292,155.089,-0.313627
2.61353,155.125,-0.224103
2.61414,155.161,0.573452
2.61475,155.197,0.299721
2.61536,155.233,0.312138
2.61597,155.270,0.132902
2.61658,155.306,-0.272936E-01
2.61719,155.342,-0.236524E-01
2.61780,155.378,-0.393348
2.61841,155.415,0.974385E-01
2.61902,155.451,-0.982072E-01
2.61963,155.487,0.469642
2.62024,155.523,0.753393E-02
2.62085,155.560,-0.207574
2.62146,155.596,0.126456
2.62207,155.632,-0.759732E-01
2.62268,155.668,-0.129101
2.62329,155.704,0.733500E-01
2.62390,155.741,0.131423
2.62451,155.777,0.106642
2.62512,155.813,0.198762
2.62573,155.849,-0.970173E-01
2.62634,155.886,0.120765
2.62695,155.922,-0.196581
2.62756,155.958,0.393121E-01
2.62817,155.994,0.152204E-02
2.62878,156.030,0.164042
2.62939,156.067,0.376337E-01
2.63000,156.103,0.107787
2.63062,156.139,0.583352E-01
2.63123,156.175,0.859975E-01
2.63184,156.212,-0.198397E-01
2.63245,156.248,0.445952
2.63306,156.284,-0.995778E-01
2.63367,156.320,-0.278999
2.63428,156.357,-0.189463E-01
2.63489,156.393,-0.149207E-01
2.63550,156.429,0.502079
2.63611,156.465,0.214749
2.63672,156.501,-0.498409E-01
2.63733,156.538,0.418374
2.63794,156.574,0.262742
2.63855,156.610,-0.116253
2.63916,156.646,0.448046E-01
2.63977,156.683,0.206811
2.64038,156.719,0.947205E-01
2.64099,156.755,-0.501915E-01
2.64160,156.791,-0.513290E-01
2.64221,156.827,1.13363
2.64282,156.864,-0.106433
2.64343,156.900,0.197567
2.64404,156.936,0.334593
2.64465,156.972,0.730011E-01
2.64526,157.009,0.114906
2.64587,157.045,-0.422900
2.64648,157.081,-0.213299
2.64709,157.117,-0.165489
2.64771,157.154,0.502898
2.64832,157.190,0.219731
2.64893,157.226,-0.641003E-01
2.64954,157.262,0.987083E-02
2.65015,157.298,-0.199830
2.65076,157.335,0.829701
2.65137,157.371,-0.403967
2.65198,157.407,0.189585
2.65259,157.443,-0.313019
2.65320,157.480,-0.115026
2.65381,157.516,0.435846
2.65442,157.552,-0.471433
2.65503,157.588,0.205192
2.65564,157.624,0.123205
2.65625,157.661,0.796724E-01
2.65686,157.697,-0.517729E-02
2.65747,157.733,-0.453572E-01
2.65808,157.769,0.358847E-01
2.65869,157.806,-0.455692
2.65930,157.842,0.158036
2.65991,157.878,-0.165038
2.66052,157.914,0.324995
2.66113,157.951,0.854963E-02
2.66174,157.987,0.869074E-01
2.66235,158.023,-0.133594E-01
2.66296,158.059,0.108998E-01
2.66357,158.095,-0.306830
2.66418,158.132,0.500281
2.66479,158.168,0.253192E-02
2.66541,158.204,0.232097E-01
2.66602,158.240,0.245259E-01
2.66663,158.277,0.196948
2.66724,158.313,-0.704616E-01
2.66785,158.349,0.803317E-01
2.66846,158.385,0.272511
2.66907,158.421,0.146635E-01
2.66968,158.458,-0.342453
2.67029,158.494,0.910663
2.67090,158.530,0.257191
2.67151,158.566,0.508083E-01
2.67212,158.603,-0.136115E-02
2.67273,158.639,-0.132272
2.67334,158.675,-0.113357E-01
2.67395,158.711,-0.510491
2.67456,158.748,0.217399E-01
2.67517,158.784,-0.107202
2.67578,158.820,0.290044
2.67639,158.856,-0.328191E-01
2.67700,158.892,-0.116469
2.67761,158.929,0.120952
2.67822,158.965,0.452266
2.67883,159.001,-0.259427
2.67944,159.037,0.107396
2.68005,159.074,0.404671E-01
2.68066,159.110,-0.453949E-01
2.68127,159.146,-0.274202E-01
2.68188,159.182,0.381842E-02
2.68250,159.218,-0.467934
2.68311,159.255,-0.874895
2.68372,159.291,0.134660
2.68433,159.327,0.239360E-01
2.68494,159.363,0.164086
2.68555,159.400,-0.254600
2.68616,159.436,0.998876E-01
2.68677,159.472,-0.397839
2.68738,159.508,-0.154010E-01
2.68799,159.545,0.287659
2.68860,159.581,0.137306
2.68921,159.617,-0.508050
2.68982,159.653,0.433332E-04
2.69043,159.689,-0.125720
2.69104,159.726,-0.341030E-01
2.69165,159.762,-0.333077E-02
2.69226,159.798,-0.364834
2.69287,159.834,-0.393103
2.69348,159.871,-0.841131
2.69409,159.907,0.462128
2.69470,159.943,0.187836
2.69531,159.979,-0.952629E-01
2.69592,160.015,0.107126
2.69653,160.052,0.285531
2.69714,160.088,-0.174464
2.69775,160.124,-0.439207E-01
2.69836,160.160,0.100215
2.69897,160.197,0.405665
2.69958,160.233,-0.149516
2.70020,160.269,0.398457
2.70081,160.305,0.453785E-01
2.70142,160.342,-0.156516E-01
2.70203,160.378,-0.727245E-02
2.70264,160.414,0.149320
2.70325,160.450,-0.290153
2.70386,160.486,-0.201737
2.70447,160.523,-0.190622
2.70508,160.559,-0.281315
2.70569,160.595,0.976688E-01
2.70630,160.631,0.379504
2.70691,160.668,-0.230416
2.70752,160.704,0.903830E-01
2.70813,160.740,-0.140722
2.70874,160.776,0.375822
2.70935,160.812,-0.144673
2.70996,160.849,-0.478535E-01
2.71057,160.885,-0.489126E-02
2.71118,160.921,0.106106
2.71179,160.957,-0.168111
2.71240,160.994,0.221837
2.71301,161.030,0.400905E-02
2.71362,161.066,0.272053E-03
2.71423,161.102,-0.113603
2.71484,161.139,0.652700E-01
2.71545,161.175,0.354536
2.71606,161.211,0.165356
2.71667,161.247,0.545557
2.71729,161.283,0.134269
2.71790,161.320,0.187917
2.71851,161.356,0.367698
2.71912,161.392,-0.340794
2.71973,161.428,0.324604
2.72034,161.465,-0.308102E-01
2.72095,161.501,-0.756407E-01
2.72156,161.537,0.449063
2.72217,161.573,0.108240E-01
2.72278,161.609,0.298751
2.72339,161.646,-0.114379
2.72400,161.682,0.243779
2.72461,161.718,0.785769E-01
2.72522,161.754,0.695456E-01
2.72583,161.791,0.301678
2.72644,161.827,-0.199635
2.72705,161.863,-0.218532
2.72766,161.899,-0.265783E-01
2.72827,161.936,0.100164E-01
2.72888,161.972,-0.183056
2.72949,162.008,-0.121873
2.73010,162.044,0.304014
2.73071,162.080,-0.188851E-01
2.73132,162.117,-0.881793E-01
2.73193,162.153,0.205799
2.73254,162.189,0.912352E-01
2.73315,162.225,0.110408
2.73376,162.262,0.123423
2.73438,162.298,0.185325
2.73499,162.334,0.264566
2.73560,162.370,-0.641994
2.73621,162.406,0.772670E-01
2.73682,162.443,0.386920E-01
2.73743,162.479,-0.343926
2.73804,162.515,-0.836809E-01
2.73865,162.551,0.736080E-01
2.73926,162.588,-0.119775
2.73987,162.624,-0.350500
2.74048,162.660,-0.245035
2.74109,162.696,0.659516
2.74170,162.733,-0.226564
2.74231,162.769,-0.169767E-01
2.74292,162.805,-0.309925
2.74353,162.841,0.690870E-01
2.74414,162.877,0.232883
2.74475,162.914,0.119746
2.74536,162.950,0.271413
2.74597,162.986,0.181114
2.74658,163.022,-0.594042E-01
2.74719,163.059,0.458967E-01
2.74780,163.095,-0.265380
2.74841,163.131,-0.456905
2.74902,163.167,-0.119479
2.74963,163.203,0.101458E-01
2.75024,163.240,-0.140808
2.75085,163.276,0.504540
2.75146,163.312,-0.476260
2.75208,163.348,0.603501
2.75269,163.385,-0.233244
2.75330,163.421,-0.482568
2.75391,163.457,0.171198
2.75452,163.493,-0.369290
2.75513,163.530,0.252165
2.75574,163.566,-0.114549
2.75635,163.602,0.425847
2.75696,163.638,-0.264143
2.75757,163.674,0.246986E-01
2.75818,163.711,0.972486E-01
2.75879,163.747,0.133188
2.75940,163.783,-0.120984
2.76001,163.819,0.466546
2.76062,163.856,0.265327E-01
2.76123,163.892,0.362344
2.76184,163.928,-0.129951
2.76245,163.964,-0.247172
2.76306,164.000,-0.280037
2.76367,164.037,-0.590752E-01
2.76428,164.073,-0.155526
2.76489,164.109,0.399344E-02
2.76550,164.145,0.186424
2.76611,164.182,0.147008
2.76672,164.218,0.510960
2.76733,164.254,0.124302
2.76794,164.290,0.990846E-01
2.76855,164.327,0.652821E-01
2.76917,164.363,0.158289E-02
2.76978,164.399,0.638502
2.77039,164.435,0.570592
2.77100,164.471,-0.229657E-02
2.77161,164.508,0.577574
2.77222,164.544,0.512957
2.77283,164.580,0.195911E-01
2.77344,164.616,0.534086E-01
2.77405,164.653,0.307914E-01
2.77466,164.689,0.206223
2.77527,164.725,-0.106544
2.77588,164.761,-0.111316
2.77649,164.797,0.906112E-02
2.77710,164.834,-0.731491E-01
2.77771,164.870,-0.796206E-01
2.77832,164.906,-0.117235
2.77893,164.942,-0.500172E-01
2.77954,164.979,0.351946
2.78015,165.015,-0.901193E-01
2.78076,165.051,0.268013
2.78137,165.087,0.645329
2.78198,165.124,0.325282E-01
2.78259,165.160,1.05958
2.78320,165.196,-0.105484
2.78381,165.232,-0.993220E-02
2.78442,165.268,-0.102173
2.78503,165.305,0.222865
2.78564,165.341,-0.181190
2.78625,165.377,-0.316150E-01
2.78687,165.413,-0.124341
2.78748,165.450,-0.124275
2.78809,165.486,-0.345300
2.78870,165.522,-0.440828E-02
2.78931,165.558,0.400753
2.78992,165.594,0.229865
2.79053,165.631,-0.346433
2.79114,165.667,0.108450
2.79175,165.703,0.514619
2.79236,165.739,-0.198042
2.79297,165.776,0.989990E-01
2.79358,165.812,0.269623
2.79419,165.848,1.25120
2.79480,165.884,0.797844
2.79541,165.921,0.292747
2.79602,165.957,-0.224304
2.79663,165.993,-0.881392E-01
2.79724,166.029,0.250222
2.79785,166.065,-0.281070E-01
2.79846,166.102,-0.527041E-01
2.79907,166.138,-0.289451E-01
2.79968,166.174,0.551045E-01
2.80029,166.210,0.293926
2.80090,166.247,0.193886
2.80151,166.283,0.194729
2.80212,166.319,-0.246805
2.80273,166.355,-0.214145
2.80334,166.391,-0.568346E-01
2.80396,166.428,0.142642E-01
2.80457,166.464,-0.137353E-01
2.80518,166.500,0.997390E-01
2.80579,166.536,0.465569
2.80640,166.573,0.215902
2.80701,166.609,0.471290
2.80762,166.645,0.339474
2.80823,166.681,0.463890E-01
2.80884,166.718,0.209066
2.80945,166.754,0.253595E-01
2.81006,166.790,0.165540
2.81067,166.826,-0.477475
2.81128,166.862,0.532740
2.81189,166.899,-0.204016
2.81250,166.935,-0.129607
2.81311,166.971,0.467188
2.81372,167.007,0.267099
2.81433,167.044,-0.830680
2.81494,167.080,-0.133710
2.81555,167.116,0.747215E-01
2.81616,167.152,0.116967
2.81677,167.188,-0.694292E-01
2.81738,167.225,0.142227
2.81799,167.261,0.417197
2.81860,167.297,-0.175414E-01
2.81921,167.333,0.977778E-01
2.81982,167.370,-0.880393E-01
2.82043,167.406,0.440436E-01
2.82104,167.442,0.462641E-01
2.82166,167.478,-0.412300
2.82227,167.514,0.319231
2.82288,167.551,-0.108900
2.82349,167.587,-0.247612
2.82410,167.623,-0.187555E-01
2.82471,167.659,-0.176701
2.82532,167.696,-0.791757E-01
2.82593,167.732,-0.730305
2.82654,167.768,0.226840
2.82715,167.804,-0.162394
2.82776,167.841,-0.442931E-01
2.82837,167.877,0.231728E-01
2.82898,167.913,-0.106975
2.82959,167.949,-0.172015
2.83020,167.985,0.110079E-01
2.83081,168.022,-0.120878
2.83142,168.058,-0.165244
2.83203,168.094,-0.724354E-01
2.83264,168.130,-0.444355E-01
2.83325,168.167,0.641542E-01
2.83386,168.203,-0.154290E-01
2.83447,168.239,0.156054
2.83508,168.275,0.515138
2.83569,168.311,0.124223
2.83630,168.348,0.444290E-01
2.83691,168.384,0.161934
2.83752,168.420,-0.109344
2.83813,168.456,-0.163030
2.83875,168.493,-0.392998E-01
2.83936,168.529,0.255036
2.83997,168.565,0.874231E-01
2.84058,168.601,0.142303
2.84119,168.638,0.360496
2.84180,168.674,0.971445E-01
2.84241,168.710,0.255960
2.84302,168.746,0.249031
2.84363,168.782,-0.359869
2.84424,168.819,0.269105E-02
2.84485,168.855,0.120287
2.84546,168.891,-0.413686E-01
2.84607,168.927,-0.730777E-01
2.84668,168.964,0.245938
2.84729,169.000,-0.649636E-01
2.84790,169.036,-0.578302E-01
2.84851,169.072,0.143466
2.84912,169.108,-0.417124
2.84973,169.145,0.160618E-01
2.85034,169.181,-0.130454
2.85095,169.217,-0.930087E-01
2.85156,169.253,0.407798E-01
2.85217,169.290,0.535786E-02
2.85278,169.326,0.274376E-01
2.85339,169.362,0.495469E-01
2.85400,169.398,-0.274001
2.85461,169.435,0.714149E-01
2.85522,169.471,-0.271680
2.85583,169.507,0.181871
2.85645,169.543,-0.475757
2.85706,169.579,0.435694
2.85767,169.616,0.121442
2.85828,169.652,1.42729
2.85889,169.688,-0.697586E-01
2.85950,169.724,-0.282161E-01
2.86011,169.761,-0.124432
2.86072,169.797,-0.609058E-01
2.86133,169.833,-0.232611
2.86194,169.869,-0.487057E-01
2.86255,169.905,0.291396
2.86316,169.942,0.167363E-01
2.86377,169.978,-0.193059
2.86438,170.014,-0.104333
2.86499,170.050,0.348332E-01
2.86560,170.087,0.237971
2.86621,170.123,1.28048
2.86682,170.159,0.215778
2.86743,170.195,0.148163E-01
2.86804,170.232,-0.107821
2.86865,170.268,-0.102465
2.86926,170.304,0.483873
2.86987,170.340,0.362829
2.87048,170.376,-0.254543E-01
2.87109,170.413,-0.240709
2.87170,170.449,0.835898E-01
2.87231,170.485,0.149645E-01
2.87292,170.521,-0.623234E-01
2.87354,170.558,-0.101354
2.87415,170.594,-0.877271E-01
2.87476,170.630,-0.442429
2.87537,170.666,0.813242
2.87598,170.702,0.357434
2.87659,170.739,-0.216162
2.87720,170.775,-0.464356E-02
2.87781,170.811,0.133182
2.87842,170.847,0.396675
2.87903,170.884,0.309738E-01
2.87964,170.920,0.528087
2.88025,170.956,-0.176444E-02
2.88086,170.992,0.420270
2.88147,171.029,0.219027
2.88208,171.065,-0.475209E-02
2.88269,171.101,0.409944
2.88330,171.137,0.399942E-01
2.88391,171.173,-0.810110
2.88452,171.210,0.167514
2.88513,171.246,-0.467575E-01
2.88574,171.282,-0.453827E-01
2.88635,171.318,-0.278099
2.88696,171.355,0.220026
2.88757,171.391,-0.249827
2.88818,171.427,0.239563
2.88879,171.463,-0.329931
2.88940,171.499,0.223277
2.89001,171.536,-0.155579
2.89062,171.572,0.227549E-01
2.89124,171.608,-0.245148
2.89185,171.644,0.199322
2.89246,171.681,0.306000E-01
2.89307,171.717,-0.358306E-02
2.89368,171.753,-0.465902
2.89429,171.789,0.549579E-01
2.89490,171.826,-0.484673E-01
2.89551,171.862,0.276218
2.89612,171.898,0.147788
2.89673,171.934,0.904890E-01
2.89734,171.970,-0.112773
2.89795,172.007,0.249481
2.89856,172.043,0.420442
2.89917,172.079,-0.110103
2.89978,172.115,-0.399991
2.90039,172.152,0.243397
2.90100,172.188,-0.586684E-01
2.90161,172.224,-0.151761
2.90222,172.260,0.146443
2.90283,172.296,0.304735E-01
2.90344,172.333,0.268946E-01
2.90405,172.369,-0.124559
2.90466,172.405,0.361061
2.90527,172.441,0.415802
2.90588,172.478,0.427586E-01
2.90649,172.514,0.464476E-01
2.90710,172.550,-0.799372E-01
2.90771,172.586,0.217820E-01
2.90833,172.623,0.245664
2.90894,172.659,0.777449
2.90955,172.695,0.109230
2.91016,172.731,0.150267
2.91077,172.767,0.142373E-01
2.91138,172.804,-0.400786
2.91199,172.840,-0.330748
2.91260,172.876,0.127601
2.91321,172.912,-0.158456
2.91382,172.949,0.594042
2.91443,172.985,-0.291144
2.91504,173.021,0.498075
2.91565,173.057,0.240556
2.91626,173.093,0.229716
2.91687,173.130,-0.459661
2.91748,173.166,-0.191699
2.91809,173.202,0.569109
2.91870,173.238,-0.851557E-01
2.91931,173.275,0.481202E-01
2.91992,173.311,0.303167E-01
2.92053,173.347,-0.178080E-01
2.92114,173.383,0.443920E-01
2.92175,173.420,0.227955
2.92236,173.456,-0.194438
2.92297,173.492,0.906358E-02
2.92358,173.528,-0.171984
2.92419,173.564,0.137173
2.92480,173.601,0.149493
2.92542,173.637,-0.913595E-02
2.92603,173.673,-0.282080E-01
2.92664,173.709,-0.513724
2.92725,173.746,0.210508E-01
2.92786,173.782,0.458492
2.92847,173.818,0.103904
2.92908,173.854,0.117398
2.92969,173.890,0.186696
2.93030,173.927,0.204406
2.93091,173.963,0.351155E-01
2.93152,173.999,0.129572
2.93213,174.035,-0.634908E-01
2.93274,174.072,-0.782409E-01
2.93335,174.108,-0.269125
2.93396,174.144,0.240593
2.93457,174.180,-0.160400
2.93518,174.217,0.142663
2.93579,174.253,0.212850E-01
2.93640,174.289,0.487718E-01
2.93701,174.325,0.938713E-01
2.93762,174.361,-0.268180E-01
2.93823,174.398,-0.437948
2.93884,174.434,0.197453
2.93945,174.470,0.554251
2.94006,174.506,0.230238
2.94067,174.543,-0.764749E-01
2.94128,174.579,0.202209
2.94189,174.615,-0.177230E-02
2.94250,174.651,-0.315498
2.94312,174.687,0.145411
2.94373,174.724,0.164143
2.94434,174.760,-0.169677E-01
2.94495,174.796,-0.359967E-02
2.94556,174.832,0.153382
2.94617,174.869,-0.131098
2.94678,174.905,-0.418384
2.94739,174.941,0.533702
2.94800,174.977,-0.556747E-02
2.94861,175.014,0.187955
2.94922,175.050,-0.116451
2.94983,175.086,0.607645E-02
2.95044,175.122,0.702676
2.95105,175.158,-0.417489
2.95166,175.195,0.425142E-01
2.95227,175.231,-0.790561E-01
2.95288,175.267,0.209397
2.95349,175.303,0.385129E-01
2.95410,175.340,0.283313E-01
2.95471,175.376,-0.776319E-01
2.95532,175.412,0.161552
2.95593,175.448,-0.225595
2.95654,175.484,-0.108844
2.95715,175.521,0.135978
2.95776,175.557,0.676855E-01
2.95837,175.593,0.416123
2.95898,175.629,-0.449175
2.95959,175.666,0.251298
2.96021,175.702,0.100359
2.96082,175.738,-0.405426E-01
2.96143,175.774,-0.295603
2.96204,175.811,-0.806913E-01
2.96265,175.847,0.971197E-01
2.96326,175.883,-0.311980
2.96387,175.919,-0.762809
2.96448,175.955,0.286591
2.96509,175.992,-0.796335E-02
2.96570,176.028,-0.553370E-01
2.96631,176.064,-0.154945
2.96692,176.100,0.458808
2.96753,176.137,-0.541578
2.96814,176.173,0.497791E-01
2.96875,176.209,0.105999
2.96936,176.245,-0.404364
2.96997,176.281,-0.603981
2.97058,176.318,-0.378634E-01
2.97119,176.354,0.133169
2.97180,176.390,0.113507
2.97241,176.426,-0.317297
2.97302,176.463,0.150530
2.97363,176.499,0.248695
2.97424,176.535,-0.514122
2.97485,176.571,-0.142261
2.97546,176.608,0.449896
2.97607,176.644,-0.301500
2.97668,176.680,-0.470082E-01
2.97729,176.716,-0.936059E-01
2.97791,176.752,0.159611
2.97852,176.789,-0.461592E-02
2.97913,176.825,0.327040E-01
2.97974,176.861,0.136560
2.98035,176.897,-0.351414
2.98096,176.934,0.750066E-01
2.98157,176.970,0.685886E-01
2.98218,177.006,-0.345812E-01
2.98279,177.042,0.358164
2.98340,177.078,-0.391907E-01
2.98401,177.115,-0.250435
2.98462,177.151,0.278426E-01
2.98523,177.187,-0.318224
2.98584,177.223,-0.101946
2.98645,177.260,-0.120239
2.98706,177.296,0.394913
2.98767,177.332,0.350348E-01
2.98828,177.368,-0.171227E-01
2.98889,177.405,0.714228E-01
2.98950,177.441,0.231988
2.99011,177.477,0.290871E-01
2.99072,177.513,-0.545372E-01
2.99133,177.549,0.806806
2.99194,177.586,-0.336703E-01
2.99255,177.622,-0.118449E-01
2.99316,177.658,-0.473798E-01
2.99377,177.694,-0.102241
2.99438,177.731,-0.379154
2.99500,177.767,0.405352E-01
2.99561,177.803,-0.232093E-01
2.99622,177.839,-0.117931
2.99683,177.875,0.592240
2.99744,177.912,0.102484E-01
2.99805,177.948,0.247670
2.99866,177.984,-0.382388E-01
2.99927,178.020,-0.327436E-01
2.99988,178.057,-0.337664
3.00049,178.093,0.160664
3.00110,178.129,0.381816
3.00171,178.165,0.109935
3.00232,178.202,0.640955E-01
3.00293,178.238,0.238491
3.00354,178.274,-0.129375
3.00415,178.310,0.218497
3.00476,178.346,-0.251998
3.00537,178.383,-0.201370
3.00598,178.419,0.531590E-01
3.00659,178.455,0.294669
3.00720,178.491,0.404941
3.00781,178.528,0.999188E-01
3.00842,178.564,0.180573E-01
3.00903,178.600,0.343519
3.00964,178.636,0.903902E-01
3.01025,178.672,-0.182718E-01
3.01086,178.709,0.567645
3.01147,178.745,0.675033
3.01208,178.781,0.782134E-01
3.01270,178.817,0.279652
3.01331,178.854,-0.120242E-01
3.01392,178.890,0.146939
3.01453,178.926,-0.162025
3.01514,178.962,-0.370856
3.01575,178.999,-0.155290E-01
3.01636,179.035,0.144061
3.01697,179.071,0.137243
3.01758,179.107,0.188149
3.01819,179.143,0.499939E-01
3.01880,179.180,-0.357693
3.01941,179.216,0.713501
3.02002,179.252,-0.454343E-01
3.02063,179.288,-0.495623E-01
3.02124,179.325,0.100850
3.02185,179.361,0.120973
3.02246,179.397,0.830515E-01
3.02307,179.433,-0.425466E-03
3.02368,179.469,-0.499650E-01
3.02429,179.506,-0.319195E-01
3.02490,179.542,0.402625
3.02551,179.578,0.468497E-03
3.02612,179.614,0.408478E-01
3.02673,179.651,0.829043E-01
3.02734,179.687,-0.192961
3.02795,179.723,-0.352926
3.02856,179.759,-0.126848
3.02917,179.796,-0.107061
3.02979,179.832,0.258535
3.03040,179.868,0.286057
3.03101,179.904,0.137466
3.03162,179.940,0.187956
3.03223,179.977,0.121686
3.03284,180.013,-0.234957
3.03345,180.049,0.240390
3.03406,180.085,-0.500924
3.03467,180.122,-0.695668
3.03528,180.158,0.249155
3.03589,180.194,-0.919454E-01
3.03650,180.230,0.366282E-01
3.03711,180.266,-0.257893E-01
3.03772,180.303,0.383725
3.03833,180.339,0.413473
3.03894,180.375,0.861325
3.03955,180.411,-0.239442
3.04016,180.448,0.368908
3.04077,180.484,-0.205772E-01
3.04138,180.520,-0.408595
3.04199,180.556,-0.558847E-01
3.04260,180.593,0.998022E-01
3.04321,180.629,-0.706444E-01
3.04382,180.665,0.249839E-01
3.04443,180.701,-0.131441E-01
3.04504,180.737,-0.333749
3.04565,180.774,0.259767
3.04626,180.810,0.197462
3.04688,180.846,-0.121193
3.04749,180.882,-0.160782
3.04810,180.919,-0.109317
3.04871,180.955,0.773928E-01
3.04932,180.991,0.213522
3.04993,181.027,0.941349E-01
3.05054,181.063,-0.108731E-01
3.05115,181.100,-0.297441E-01
3.05176,181.136,0.135583
3.05237,181.172,-0.609521E-01
3.05298,181.208,-0.197419
3.05359,181.245,0.694639
3.05420,181.281,-0.411005E-02
3.05481,181.317,-0.674137E-01
3.05542,181.353,-0.254531
3.05603,181.390,0.727480E-01
3.05664,181.426,-0.288932
3.05725,181.462,-0.249306
3.05786,181.498,-0.144453
3.05847,181.534,-0.599263
3.05908,181.571,0.988188E-01
3.05969,181.607,0.860668E-01
3.06030,181.643,-0.896591E-01
3.06091,181.679,-0.776023E-03
3.06152,181.716,0.420774
3.06213,181.752,-0.550156E-01
3.06274,181.788,-0.292100
3.06335,181.824,0.257003
3.06396,181.860,0.158446
3.06458,181.897,0.567947E-01
3.06519,181.933,0.218057
3.06580,181.969,0.389078
3.06641,182.005,-0.249721E-01
3.06702,182.042,-0.474858E-01
3.06763,182.078,0.363168
3.06824,182.114,0.104226
3.06885,182.150,0.615360E-01
3.06946,182.187,0.125663
3.07007,182.223,-0.851292E-01
3.07068,182.259,0.215578
3.07129,182.295,-0.599125
3.07190,182.331,-0.587459E-02
3.07251,182.368,-0.825452E-01
3.07312,182.404,0.642960
3.07373,182.440,0.580651E-02
3.07434,182.476,-0.170670
3.07495,182.513,0.119885
3.07556,182.549,-0.938118E-01
3.07617,182.585,0.823253
3.07678,182.621,-0.249849
3.07739,182.657,-0.509610E-01
3.07800,182.694,0.221478
3.07861,182.730,-0.145497
3.07922,182.766,-0.453983E-01
3.07983,182.802,-0.537596E-01
3.08044,182.839,0.273410E-01
3.08105,182.875,0.225404
3.08167,182.911,-0.109830
3.08228,182.947,-0.789290E-01
3.08289,182.984,0.132032
3.08350,183.020,0.261782
3.08411,183.056,-0.164125
3.08472,183.092,0.116205E-01
3.08533,183.128,-0.120792E-01
3.08594,183.165,0.152988
3.08655,183.201,0.515437
3.08716,183.237,0.312889E-01
3.08777,183.273,0.174468E-01
3.08838,183.310,0.239902E-01
3.08899,183.346,-0.134005
3.08960,183.382,-0.661719E-01
3.09021,183.418,0.774467E-01
3.09082,183.454,0.324474
3.09143,183.491,0.667725E-01
3.09204,183.527,0.940666E-01
3.09265,183.563,0.888399E-01
3.09326,183.599,0.602688E-01
3.09387,183.636,-0.407859E-01
3.09448,183.672,-0.151998
3.09509,183.708,-0.419816E-01
3.09570,183.744,-0.550465E-01
3.09631,183.781,0.621177E-01
3.09692,183.817,0.872521E-01
3.09753,183.853,0.202871E-01
3.09814,183.889,-0.216722E-01
3.09875,183.925,-0.959268E-01
3.09937,183.962,0.188574
3.09998,183.998,-0.636081E-02
3.10059,184.034,0.244449
3.10120,184.070,1.32964
3.10181,184.107,-0.971309E-01
3.10242,184.143,-0.237246
3.10303,184.179,0.101415
3.10364,184.215,-0.195153E-01
3.10425,184.251,-0.318631
3.10486,184.288,-0.520766
3.10547,184.324,-0.540366E-01
3.10608,184.360,0.162993
3.10669,184.396,0.486824E-01
3.10730,184.433,0.131355
3.10791,184.469,-0.354245E-01
3.10852,184.505,-0.131201
3.10913,184.541,-0.209399
3.10974,184.578,0.230804
3.11035,184.614,0.575399E-01
3.11096,184.650,-0.117411
3.11157,184.686,0.989986E-02
3.11218,184.722,0.189262
3.11279,184.759,-0.923990E-01
3.11340,184.795,0.205608E-01
3.11401,184.831,0.331300E-01
3.11462,184.867,-0.704825E-01
3.11523,184.904,0.157313
3.11584,184.940,0.229468
3.11646,184.976,0.820040E-01
3.11707,185.012,-0.958472E-01
3.11768,185.048,0.372329
3.11829,185.085,-0.244731
3.11890,185.121,0.114717
3.11951,185.157,-0.544767E-01
3.12012,185.193,-0.388999
3.12073,185.230,-0.270569E-01
3.12134,185.266,0.692922E-02
3.12195,185.302,0.280266
3.12256,185.338,-0.211365
3.12317,185.375,0.280069
3.12378,185.411,0.310903E-01
3.12439,185.447,-0.302483
3.12500,185.483,0.111238
3.12561,185.519,0.850006E-01
3.12622,185.556,0.117440
3.12683,185.592,-0.739268E-01
3.12744,185.628,0.166312
3.12805,185.664,0.827652E-01
3.12866,185.701,0.155177
3.12927,185.737,-0.276344
3.12988,185.773,0.964068E-01
3.13049,185.809,-0.232311
3.13110,185.845,0.705609E-01
3.13171,185.882,-0.104980
3.13232,185.918,-0.191506
3.13293,185.954,-0.513825E-01
3.13354,185.990,0.145536E-01
3.13416,186.027,0.150150
3.13477,186.063,0.754388E-01
3.13538,186.099,-0.554464E-01
3.13599,186.135,0.167946
3.13660,186.171,0.259925
3.13721,186.208,-0.462571
3.13782,186.244,0.338775
3.13843,186.280,-0.170297
3.13904,186.316,0.429179
3.13965,186.353,-0.642896E-01
3.14026,186.389,-0.180642
3.14087,186.425,-0.391462
3.14148,186.461,-0.382674
3.14209,186.498,-0.141825
3.14270,186.534,-0.116113E-01
3.14331,186.570,0.146332
3.14392,186.606,0.120786E-02
3.14453,186.642,-0.140464
3.14514,186.679,0.296099
3.14575,186.715,0.686951E-01
3.14636,186.751,0.649407E-02
3.14697,186.787,-0.167922
3.14758,186.824,0.227572
3.14819,186.860,-0.274726E-01
3.14880,186.896,-0.135819
3.14941,186.932,0.100671
3.15002,186.968,-0.172645
3.15063,187.005,-0.114498E-02
3.15125,187.041,-0.818290E-02
3.15186,187.077,0.278100E-01
3.15247,187.113,0.163085
3.15308,187.150,-0.353515
3.15369,187.186,0.468181
3.15430,187.222,-0.569011E-01
3.15491,187.258,0.149535
3.15552,187.295,0.913470E-01
3.15613,187.331,0.987099E-01
3.15674,187.367,0.389176E-01
3.15735,187.403,0.904890E-01
3.15796,187.439,0.855256E-01
3.15857,187.476,0.488795
3.15918,187.512,-0.158679
3.15979,187.548,-0.144070
3.16040,187.584,-0.101760
3.16101,187.621,-0.632719E-01
3.16162,187.657,0.777823E-01
3.16223,187.693,-0.560045
3.16284,187.729,0.448149
3.16345,187.765,-0.225272
3.16406,187.802,0.483178E-02
3.16467,187.838,0.568964
3.16528,187.874,-0.714681E-01
3.16589,187.910,0.814897
3.16650,187.947,0.467082E-01
3.16711,187.983,0.321759
3.16772,188.019,-0.260169
3.16833,188.055,0.852793
3.16895,188.092,-0.123039
3.16956,188.128,0.515917E-02
3.17017,188.164,-0.547306E-01
3.17078,188.200,-0.353440
3.17139,188.236,-0.384879E-01
3.17200,188.273,0.392360
3.17261,188.309,0.114033
3.17322,188.345,0.332144
3.17383,188.381,-0.131810E-01
3.17444,188.418,-0.314151
3.17505,188.454,0.501652E-01
3.17566,188.490,0.925892E-01
3.17627,188.526,0.926583E-01
3.17688,188.562,0.188699
3.17749,188.599,0.331686
3.17810,188.635,0.421441E-01
3.17871,188.671,0.313937
3.17932,188.707,0.194869
3.17993,188.744,-0.423767E-01
3.18054,188.780,-0.380648E-01
3.18115,188.816,0.546153
3.18176,188.852,0.435855
3.18237,188.889,0.795240E-02
3.18298,188.925,-0.131653
3.18359,188.961,-0.165948
3.18420,188.997,0.213916
3.18481,189.033,0.690953E-01
3.18542,189.070,-0.373505
3.18604,189.106,0.122758
3.18665,189.142,0.197983
3.18726,189.178,-0.243627E-02
3.18787,189.215,-0.151724
3.18848,189.251,0.871524
3.18909,189.287,-0.931137E-01
3.18970,189.323,0.873110E-01
3.19031,189.359,-0.159657
3.19092,189.396,0.714933
3.19153,189.432,-0.192991
3.19214,189.468,0.159860
3.19275,189.504,0.190930
3.19336,189.541,-0.207613
3.19397,189.577,-0.232855
3.19458,189.613,-0.281742
3.19519,189.649,-0.522286E-01
3.19580,189.686,-0.833223E-02
3.19641,189.722,-0.573042E-02
3.19702,189.758,-0.629540E-01
3.19763,189.794,-0.241713E-01
3.19824,189.830,-0.600253E-01
3.19885,189.867,0.243703
3.19946,189.903,-0.106417
3.20007,189.939,0.525278E-01
3.20068,189.975,0.898254E-01
3.20129,190.012,-0.133692E-01
3.20190,190.048,0.102094
3.20251,190.084,-0.852552E-01
3.20312,190.120,0.995022E-01
3.20374,190.156,0.168102
3.20435,190.193,0.405788
3.20496,190.229,0.300068E-01
3.20557,190.265,-0.394405
3.20618,190.301,0.295192
3.20679,190.338,0.127639E-02
3.20740,190.374,0.173748
3.20801,190.410,-0.548039E-01
3.20862,190.446,0.185224
3.20923,190.483,-0.188554
3.20984,190.519,-0.898043E-01
3.21045,190.555,-1.08563
3.21106,190.591,-0.741105E-02
3.21167,190.627,0.166040
3.21228,190.664,-0.934647E-01
3.21289,190.700,0.280169
3.21350,190.736,-0.110594
3.21411,190.772,-0.186494
3.21472,190.809,-0.114498E-02
3.21533,190.845,0.330276
3.21594,190.881,-0.197390E-01
3.21655,190.917,-0.941278E-01
3.21716,190.953,0.493593E-01
3.21777,190.990,0.525817
3.21838,191.026,-0.639680E-01
3.21899,191.062,0.625715
3.21960,191.098,0.115685
3.22021,191.135,-0.262522E-02
3.22083,191.171,-0.245757
3.22144,191.207,0.196619
3.22205,191.243,0.111232
3.22266,191.280,0.472333
3.22327,191.316,-0.549346
3.22388,191.352,0.127740
3.22449,191.388,0.109616
3.22510,191.424,0.140815
3.22571,191.461,-0.505999E-01
3.22632,191.497,-0.182980
3.22693,191.533,0.134770E-02
3.22754,191.569,0.424997
3.22815,191.606,0.338160E-01
3.22876,191.642,-0.472151E-02
3.22937,191.678,-0.701087E-02
3.22998,191.714,-0.665780E-01
3.23059,191.750,0.209219
3.23120,191.787,-0.500043E-01
3.23181,191.823,-0.116759
3.23242,191.859,-0.511751
3.23303,191.895,0.825644E-01
3.23364,191.932,0.868616E-01
3.23425,191.968,-0.739274E-01
3.23486,192.004,0.150614
3.23547,192.040,0.242734E-01
3.23608,192.077,0.994990E-01
3.23669,192.113,-0.226546
3.23730,192.149,0.542834E-01
3.23792,192.185,-0.153443
3.23853,192.221,-0.107739
3.23914,192.258,-0.408652
3.23975,192.294,-0.354927
3.24036,192.330,0.631888E-01
3.24097,192.366,-0.355660E-01
3.24158,192.403,-0.193567
3.24219,192.439,-0.107865
3.24280,192.475,0.320450
3.24341,192.511,0.107320E-01
3.24402,192.547,-0.410748E-01
3.24463,192.584,-0.102608
3.24524,192.620,-0.624025E-01
3.24585,192.656,-0.285746
3.24646,192.692,-0.988669E-01
3.24707,192.729,0.430555E-01
3.24768,192.765,0.292625
3.24829,192.801,-0.192058
3.24890,192.837,-0.253414
3.24951,192.874,0.238144
3.25012,192.910,-0.129730
3.25073,192.946,0.159199E-02
3.25134,192.982,-0.400578E-01
3.25195,193.018,-0.175779E-01
3.25256,193.055,0.106100E-01
3.25317,193.091,0.243198
3.25378,193.127,-0.828545E-01
3.25439,193.163,-0.401783E-01
3.25500,193.200,0.842672E-01
3.25562,193.236,0.730243E-02
3.25623,193.272,0.294014E-01
3.25684,193.308,-0.827499E-01
3.25745,193.344,0.291738
3.25806,193.381,-0.262281E-01
3.25867,193.417,-0.389903
3.25928,193.453,-0.194118
3.25989,193.489,-0.440470
3.26050,193.526,-0.138138
3.26111,193.562,0.482350E-01
3.26172,193.598,-0.713613E-01
3.26233,193.634,0.140941
3.26294,193.671,0.220860
3.26355,193.707,-0.488564E-01
3.26416,193.743,0.144413
3.26477,193.779,0.111082
3.26538,193.815,0.625382E-01
3.26599,193.852,0.204903
3.26660,193.888,0.124182
3.26721,193.924,-0.141355
3.26782,193.960,0.143885
3.26843,193.997,-0.634236E-01
3.26904,194.033,-0.258179
3.26965,194.069,-0.535149
3.27026,194.105,0.169113
3.27087,194.141,0.544726E-01
3.27148,194.178,-0.802361E-01
3.27209,194.214,-0.482012
3.27271,194.250,-0.269785E-01
3.27332,194.286,-0.156743
3.27393,194.323,0.989768E-01
3.27454,194.359,-0.108665
3.27515,194.395,-0.294543
3.27576,194.431,-0.492443E-01
3.27637,194.468,-0.219937
3.27698,194.504,-0.158395
3.27759,194.540,-0.439932E-01
3.27820,194.576,-0.232894
3.27881,194.612,0.672603E-01
3.27942,194.649,-0.744565E-01
3.28003,194.685,0.408194E-01
3.28064,194.721,0.236048E-01
3.28125,194.757,-0.633750E-01
3.28186,194.794,0.218271E-01
3.28247,194.830,-0.104722
3.28308,194.866,0.236004
3.28369,194.902,0.193206E-01
3.28430,194.938,-0.387720
3.28491,194.975,0.250013E-01
3.28552,195.011,0.726114
3.28613,195.047,-0.871343E-01
3.28674,195.083,0.207502
3.28735,195.120,-0.262871E-01
3.28796,195.156,-0.633613E-01
3.28857,195.192,-0.465888E-01
3.28918,195.228,0.202411
3.28979,195.265,0.494501
3.29041,195.301,-0.699965E-01
3.29102,195.337,0.118744
3.29163,195.373,-0.644628E-01
3.29224,195.409,-0.383726E-02
3.29285,195.446,0.101479
3.29346,195.482,0.870209E-01
3.29407,195.518,0.211361
3.29468,195.554,0.249022
3.29529,195.591,0.816548E-01
3.29590,195.627,0.658456E-01
3.29651,195.663,-0.158754E-01
3.29712,195.699,0.318229E-01
3.29773,195.735,-0.821785E-01
3.29834,195.772,-0.664024
3.29895,195.808,0.997131E-01
3.29956,195.844,0.314553E-01
3.30017,195.880,0.217363E-01
3.30078,195.917,-0.449359E-01
3.30139,195.953,0.247722
3.30200,195.989,-0.133120
3.30261,196.025,0.178335
3.30322,196.062,0.806744E-01
3.30383,196.098,0.143501
3.30444,196.134,0.306205
3.30505,196.170,-0.793797E-01
3.30566,196.206,0.139407
3.30627,196.243,0.595521
3.30688,196.279,-0.160581
3.30750,196.315,0.696800E-02
3.30811,196.351,0.218363
3.30872,196.388,-0.646559
3.30933,196.424,-0.221828
3.30994,196.460,0.276774
3.31055,196.496,-0.231886
3.31116,196.532,-0.121287
3.31177,196.569,0.110405
3.31238,196.605,-0.151380
3.31299,196.641,0.492184
3.31360,196.677,0.276294
3.31421,196.714,0.315176
3.31482,196.750,0.219205
3.31543,196.786,0.300271
3.31604,196.822,0.469058
3.31665,196.859,0.558278
3.31726,196.895,-0.488795E-02
3.31787,196.931,-0.448432
3.31848,196.967,1.01365
3.31909,197.003,0.165116
3.31970,197.040,-0.105641
3.32031,197.076,-0.133445E-01
3.32092,197.112,1.06148
3.32153,197.148,0.217525E-01
3.32214,197.185,-0.357087E-01
3.32275,197.221,-0.660714E-01
3.32336,197.257,-0.204735
3.32397,197.293,0.254631
3.32458,197.329,0.298439
3.32520,197.366,-0.610923E-01
3.32581,197.402,0.441045
3.32642,197.438,-0.582150E-01
3.32703,197.474,-0.428785E-01
3.32764,197.511,-0.137676
3.32825,197.547,0.229755
3.32886,197.583,-0.106706
3.32947,197.619,0.622810E-01
3.33008,197.656,0.295000
3.33069,197.692,0.467654E-01
3.33130,197.728,-0.169767
3.33191,197.764,0.341213
3.33252,197.800,-0.251432
3.33313,197.837,-0.149156
3.33374,197.873,-0.122145
3.33435,197.909,-0.397575E-01
3.33496,197.945,-0.939936E-01
3.33557,197.982,-0.359717
3.33618,198.018,0.364507E-01
3.33679,198.054,-0.652689E-01
3.33740,198.090,-0.125559
3.33801,198.126,0.209841E-01
3.33862,198.163,0.388589
3.33923,198.199,0.392671E-02
3.33984,198.235,-0.129808
3.34045,198.271,-0.270969
3.34106,198.308,0.263991
3.34167,198.344,-0.612105E-02
3.34229,198.380,-0.807384E-01
3.34290,198.416,-0.136528
3.34351,198.453,0.569812E-02
3.34412,198.489,-0.113057
3.34473,198.525,0.656437
3.34534,198.561,0.288621
3.34595,198.597,0.272984E-01
3.34656,198.634,0.277526
3.34717,198.670,0.529042
3.34778,198.706,0.660608E-01
3.34839,198.742,-0.253399
3.34900,198.779,0.153358
3.34961,198.815,-0.777812E-02
3.35022,198.851,0.295852
3.35083,198.887,0.454766E-01
3.35144,198.923,0.153806
3.35205,198.960,-0.249255
3.35266,198.996,0.416542
3.35327,199.032,-0.888172E-01
3.35388,199.068,0.223642
3.35449,199.105,0.257759
3.35510,199.141,0.185395E-01
3.35571,199.177,-0.897711E-01
3.35632,199.213,-0.130263E-01
3.35693,199.250,0.181018
3.35754,199.286,-0.136480
3.35815,199.322,-0.978955E-01
3.35876,199.358,0.570486
3.35938,199.394,-0.102758
3.35999,199.431,0.263652
3.36060,199.467,0.390262
3.36121,199.503,0.283117
3.36182,199.539,-0.131274
3.36243,199.576,-0.198748E-01
3.36304,199.612,0.541126
3.36365,199.648,0.264735
3.36426,199.684,-0.132727
3.36487,199.720,-0.103994
3.36548,199.757,-0.506447E-01
3.36609,199.793,0.808624E-01
3.36670,199.829,-0.161237
3.36731,199.865,0.146388
3.36792,199.902,0.192677
3.36853,199.938,0.102574
3.36914,199.974,0.267166E-01
3.36975,200.010,-0.183135E-01
3.37036,200.047,0.574307E-01
3.37097,200.083,0.310407
3.37158,200.119,-0.146383
3.37219,200.155,-0.274654E-01
3.37280,200.191,-0.914118E-01
3.37341,200.228,0.101796
3.37402,200.264,0.666184E-01
3.37463,200.300,0.465014E-01
3.37524,200.336,0.275080
3.37585,200.373,-0.204920
3.37646,200.409,0.140723
3.37708,200.445,0.240995E-01
3.37769,200.481,-0.966981E-01
3.37830,200.517,0.213542
3.37891,200.554,0.273996
3.37952,200.590,0.796144E-01
3.38013,200.626,-0.408732
3.38074,200.662,0.898213E-01
3.38135,200.699,0.304265E-01
3.38196,200.735,-0.470818
3.38257,200.771,-0.144540
3.38318,200.807,-0.214968
3.38379,200.844,-0.119302E-02
3.38440,200.880,-0.806082E-01
3.38501,200.916,0.984323E-01
3.38562,200.952,-0.109148
3.38623,200.988,-0.144167
3.38684,201.025,-0.110643
3.38745,201.061,0.122424
3.38806,201.097,0.248488
3.38867,201.133,0.946671E-01
3.38928,201.170,0.657429E-01
3.38989,201.206,0.497824E-01
3.39050,201.242,0.506627
3.39111,201.278,-0.908610E-01
3.39172,201.314,-0.237732
3.39233,201.351,0.550259
3.39294,201.387,0.504899
3.39355,201.423,-0.298191
3.39417,201.459,-0.239872
3.39478,201.496,0.650073E-01
3.39539,201.532,0.380200
3.39600,201.568,-0.611663
3.39661,201.604,0.223192E-01
3.39722,201.641,-0.257210
3.39783,201.677,0.286889
3.39844,201.713,-0.141027
3.39905,201.749,0.189524E-01
3.39966,201.785,-0.831199E-01
3.40027,201.822,0.348380
3.40088,201.858,0.629238E-01
3.40149,201.894,0.414249
3.40210,201.930,0.271214
3.40271,201.967,-0.182765
3.40332,202.003,0.494777E-02
3.40393,202.039,-0.263460
3.40454,202.075,-0.266277
3.40515,202.111,0.490138
3.40576,202.148,0.505195
3.40637,202.184,-0.546320E-01
3.40698,202.220,0.584052E-01
3.40759,202.256,-0.186935
3.40820,202.293,-0.331139
3.40881,202.329,0.931272E-01
3.40942,202.365,0.290092E-01
3.41003,202.401,0.159938
3.41064,202.438,-0.411209E-01
3.41125,202.474,0.872243E-01
3.41187,202.510,-0.219181E-01
3.41248,202.546,-0.367387
3.41309,202.582,-0.114726E-01
3.41370,202.619,-0.142021
3.41431,202.655,-0.106257
3.41492,202.691,-0.503113
3.41553,202.727,0.438446
3.41614,202.764,0.505252E-01
3.41675,202.800,0.139645
3.41736,202.836,-0.139232
3.41797,202.872,0.180245E-01
3.41858,202.908,-0.100587
3.41919,202.945,-0.853291E-01
3.41980,202.981,0.496777E-01
3.42041,203.017,-0.181176
3.42102,203.053,-0.183339
3.42163,203.090,0.131884
3.42224,203.126,-0.931788E-01
3.42285,203.162,0.568992E-01
3.42346,203.198,-0.511945E-01
3.42407,203.235,0.275042E-01
3.42468,203.271,0.297067
3.42529,203.307,0.147561E-01
3.42590,203.343,0.132946E-01
3.42651,203.379,-0.676090E-01
3.42712,203.416,0.320468
3.42773,203.452,0.427944E-01
3.42834,203.488,-0.211446
3.42896,203.524,-0.554811E-02
3.42957,203.561,-0.754836E-02
3.43018,203.597,0.399134
3.43079,203.633,0.165432
3.43140,203.669,0.245432
3.43201,203.705,-0.409477
3.43262,203.742,0.161050
3.43323,203.778,-0.115429
3.43384,203.814,0.126267
3.43445,203.850,0.205543
3.43506,203.887,-0.827652E-01
3.43567,203.923,0.101440
3.43628,203.959,0.676996E-01
3.43689,203.995,0.302991
3.43750,204.032,0.679473E-01
3.43811,204.068,-0.276846
3.43872,204.104,0.689250E-01
3.43933,204.140,0.340461
3.43994,204.176,0.360393
3.44055,204.213,-0.150049
3.44116,204.249,0.110503
3.44177,204.285,0.624473
3.44238,204.321,0.976607E-01
3.44299,204.358,-0.123329
3.44360,204.394,0.414794E-01
3.44421,204.430,-0.488111E-02
3.44482,204.466,-0.203717
3.44543,204.502,-0.134306E-01
3.44604,204.539,-0.106784
3.44666,204.575,0.704711E-01
3.44727,204.611,-0.172786
3.44788,204.647,0.823260E-01
3.44849,204.684,0.148995
3.44910,204.720,-0.183256
3.44971,204.756,0.751082E-01
3.45032,204.792,0.778827E-01
3.45093,204.828,-0.224841
3.45154,204.865,0.688429E-01
3.45215,204.901,-0.103412
3.45276,204.937,0.186267
3.45337,204.973,0.254749E-01
3.45398,205.010,0.225523
3.45459,205.046,0.170076E-01
3.45520,205.082,0.326879
3.45581,205.118,-0.688699
3.45642,205.155,0.607889
3.45703,205.191,0.398308E-01
3.45764,205.227,0.895623E-02
3.45825,205.263,-0.663493E-01
3.45886,205.299,-0.427529
3.45947,205.336,-0.201776E-01
3.46008,205.372,-0.198845
3.46069,205.408,-0.191497
3.46130,205.444,0.367020E-01
3.46191,205.481,-0.134179
3.46252,205.517,0.842459
3.46313,205.553,0.129819
3.46375,205.589,-0.754561E-01
3.46436,205.625,0.260924E-01
3.46497,205.662,-0.578586
3.46558,205.698,0.125101E-01
3.46619,205.734,0.715257E-01
3.46680,205.770,0.132404
3.46741,205.807,-0.128479E-02
3.46802,205.843,-0.856585E-01
3.46863,205.879,0.236180
3.46924,205.915,0.155423
3.46985,205.952,0.404260
3.47046,205.988,-0.468609E-01
3.47107,206.024,0.107305
3.47168,206.060,0.335504
3.47229,206.096,-0.784186E-01
3.47290,206.133,0.441504
3.47351,206.169,-0.997013E-01
3.47412,206.205,-0.295103E-01
3.47473,206.241,0.265008E-01
3.47534,206.278,-0.192213
3.47595,206.314,0.329831
3.47656,206.350,-0.246224
3.47717,206.386,-0.154691
3.47778,206.422,-0.892745E-01
3.47839,206.459,-0.461424
3.47900,206.495,-0.211251
3.47961,206.531,0.112049
3.48022,206.567,0.107247
3.48083,206.604,0.451786
3.48145,206.640,-0.263297
3.48206,206.676,-0.944890E-01
3.48267,206.712,0.616258
3.48328,206.749,-0.607995E-02
3.48389,206.785,-0.346292E-01
3.48450,206.821,0.165387
3.48511,206.857,-0.209738
3.48572,206.893,0.949647E-01
3.48633,206.930,0.377531
3.48694,206.966,-0.169834E-01
3.48755,207.002,-0.340561
3.48816,207.038,-0.435867E-01
3.48877,207.075,0.259400
3.48938,207.111,0.146647
3.48999,207.147,-0.100213
3.49060,207.183,0.391266E-01
3.49121,207.219,-0.408050E-01
3.49182,207.256,0.160167
3.49243,207.292,-0.368214
3.49304,207.328,0.180570
3.49365,207.364,0.114712E-01
3.49426,207.401,-0.507939E-01
3.49487,207.437,-0.202182
3.49548,207.473,0.390486E-01
3.49609,207.509,-0.261645
3.49670,207.546,-0.188690
3.49731,207.582,0.230441
3.49792,207.618,0.722478
3.49854,207.654,-0.179053
3.49915,207.690,-0.290578E-01
3.49976,207.727,0.795666E-01
3.50037,207.763,0.500222E-01
3.50098,207.799,-0.163129
3.50159,207.835,-0.476535
3.50220,207.872,-0.148979
3.50281,207.908,0.929934E-01
3.50342,207.944,0.680860
3.50403,207.980,1.22293
3.50464,208.016,0.208501
3.50525,208.053,0.615974
3.50586,208.089,0.116456
3.50647,208.125,0.811102E-01
3.50708,208.161,-0.203958
3.50769,208.198,-0.317428
3.50830,208.234,-0.281194
3.50891,208.270,-0.285669
3.50952,208.306,0.195049E-01
3.51013,208.343,-0.987736E-03
3.51074,208.379,-0.140978
3.51135,208.415,0.149501E-01
3.51196,208.451,0.286386
3.51257,208.487,0.655694E-01
3.51318,208.524,0.437280E-01
3.51379,208.560,-0.163137
3.51440,208.596,0.123137
3.51501,208.632,-0.591325
3.51562,208.669,0.237407
3.51624,208.705,0.607495
3.51685,208.741,-0.387106E-01
3.51746,208.777,-0.431464
3.51807,208.813,-0.819848E-01
3.51868,208.850,-0.143801
3.51929,208.886,-0.321625
3.51990,208.922,0.736010E-01
3.52051,208.958,-0.171129
3.52112,208.995,-0.155267
3.52173,209.031,-0.335002E-01
3.52234,209.067,-0.465111
3.52295,209.103,-0.363126E-01
3.52356,209.140,0.108875
3.52417,209.176,-0.485956
3.52478,209.212,-0.830880E-02
3.52539,209.248,0.241792
3.52600,209.284,0.153698
3.52661,209.321,-0.109388E-02
3.52722,209.357,-0.160306
3.52783,209.393,0.572812E-01
3.52844,209.429,0.890734E-01
3.52905,209.466,-0.138139
3.52966,209.502,0.949156E-01
3.53027,209.538,-0.558814E-01
3.53088,209.574,0.295912
3.53149,209.610,-0.708988E-02
3.53210,209.647,-0.339393
3.53271,209.683,-0.121792E-01
3.53333,209.719,-0.317522
3.53394,209.755,-0.500033E-02
3.53455,209.792,-0.611638E-01
3.53516,209.828,0.332593
3.53577,209.864,0.917187E-01
3.53638,209.900,0.148041
3.53699,209.937,0.318855
3.53760,209.973,-0.180854
3.53821,210.009,-0.178436
3.53882,210.045,-0.264068
3.53943,210.081,0.299612
3.54004,210.118,-0.124993
3.54065,210.154,0.113992
3.54126,210.190,0.299806
3.54187,210.226,-0.611985E-02
3.54248,210.263,0.363067
3.54309,210.299,-0.558338E-01
3.54370,210.335,0.166778
3.54431,210.371,0.394441E-01
3.54492,210.407,0.497267
3.54553,210.444,-0.157558
3.54614,210.480,-0.167815E-01
3.54675,210.516,0.138941
3.54736,210.552,-0.315615E-01
3.54797,210.589,0.296837
3.54858,210.625,0.264470
3.54919,210.661,0.268664
3.54980,210.697,0.616586E-02
3.55042,210.734,-0.115133
3.55103,210.770,-0.447262
3.55164,210.806,-0.345180
3.55225,210.842,-0.196638
3.55286,210.878,-0.485556
3.55347,210.915,0.143193
3.55408,210.951,0.111721
3.55469,210.987,-0.124448E-01
3.55530,211.023,-0.116030
3.55591,211.060,0.209597
3.55652,211.096,0.596145
3.55713,211.132,0.688324
3.55774,211.168,0.244361
3.55835,211.204,0.113674
3.55896,211.241,-0.335054E-01
3.55957,211.277,-0.737561E-01
3.56018,211.313,0.123654
3.56079,211.349,-0.119389E-01
3.56140,211.386,0.139566E-01
3.56201,211.422,-0.939314E-01
3.56262,211.458,-0.194617
3.56323,211.494,-0.323713
3.56384,211.531,0.143985
3.56445,211.567,0.772662E-01
3.56506,211.603,0.176206
3.56567,211.639,-0.179609E-01
3.56628,211.675,-0.250168
3.56689,211.712,0.471469E-02
3.56750,211.748,-0.200750
3.56812,211.784,-0.712059E-01
3.56873,211.820,-0.566577E-01
3.56934,211.857,-0.212742
3.56995,211.893,0.229221
3.57056,211.929,0.952865
3.57117,211.965,0.464452
3.57178,212.001,0.426105
3.57239,212.038,0.121306
3.57300,212.074,-0.593682E-01
3.57361,212.110,0.486547E-01
3.57422,212.146,-0.267741E-02
3.57483,212.183,0.958014
3.57544,212.219,-0.703539
3.57605,212.255,-0.243355
3.57666,212.291,-0.496198E-01
3.57727,212.328,-0.149240
3.57788,212.364,-0.859583E-01
3.57849,212.400,-0.125306
3.57910,212.436,0.103341
3.57971,212.472,0.142214
3.58032,212.509,0.142567
3.58093,212.545,-0.729759E-01
3.58154,212.581,0.843878E-01
3.58215,212.617,0.127813
3.58276,212.654,0.122028
3.58337,212.690,-0.540380E-01
3.58398,212.726,-0.765896E-01
3.58459,212.762,-0.116628E-01
3.58521,212.798,0.301327E-02
3.58582,212.835,-0.175478
3.58643,212.871,-0.933165
3.58704,212.907,0.202188
3.58765,212.943,0.688833
3.58826,212.980,0.409093E-01
3.58887,213.016,0.347017
3.58948,213.052,-0.527157E-01
3.59009,213.088,-0.310380E-01
3.59070,213.125,-0.811308E-01
3.59131,213.161,-0.246166E-01
3.59192,213.197,-0.179566
3.59253,213.233,0.112444
3.59314,213.269,-0.777006E-01
3.59375,213.306,0.687578E-02
3.59436,213.342,0.555697
3.59497,213.378,0.497596
3.59558,213.414,0.500234
3.59619,213.451,-0.213277
3.59680,213.487,0.135543
3.59741,213.523,-0.537519
3.59802,213.559,-0.692867E-01
3.59863,213.595,0.370737E-01
3.59924,213.632,-0.135600
3.59985,213.668,0.282751
3.60046,213.704,-0.951222E-01
3.60107,213.740,0.208417
3.60168,213.777,0.619238E-01
3.60229,213.813,0.586236E-02
3.60291,213.849,-0.759939E-01
3.60352,213.885,0.764371
3.60413,213.922,0.178451
3.60474,213.958,0.439548
3.60535,213.994,0.141999
3.60596,214.030,-0.346007
3.60657,214.066,-0.643882
3.60718,214.103,-0.184115
3.60779,214.139,0.436553
3.60840,214.175,-0.163533
3.60901,214.211,0.138911
3.60962,214.248,-0.482923
3.61023,214.284,0.926623
3.61084,214.320,0.760609E-01
3.61145,214.356,-0.105466
3.61206,214.392,-0.105643
3.61267,214.429,0.164195E-01
3.61328,214.465,-0.324513
3.61389,214.501,-0.122711
3.61450,214.537,-0.327208E-01
3.61511,214.574,0.484771
3.61572,214.610,-0.189739
3.61633,214.646,-0.211191
3.61694,214.682,0.333646E-01
3.61755,214.719,0.556700E-01
3.61816,214.755,0.536662E-01
3.61877,214.791,0.106797
3.61938,214.827,-0.213189
3.62000,214.863,-0.173094
3.62061,214.900,0.215642
3.62122,214.936,0.250168E-01
3.62183,214.972,-0.198283
3.62244,215.008,0.116605
3.62305,215.045,0.585320
3.62366,215.081,-0.450887E-02
3.62427,215.117,0.483556E-01
3.62488,215.153,-0.721411E-02
3.62549,215.189,-0.879434E-01
3.62610,215.226,0.403350
3.62671,215.262,-0.347134
3.62732,215.298,0.987116E-01
3.62793,215.334,-0.223328
3.62854,215.371,0.164173E-01
3.62915,215.407,0.191483
3.62976,215.443,0.326540
3.63037,215.479,-0.170901
3.63098,215.516,-0.402911E-01
3.63159,215.552,0.175480E-01
3.63220,215.588,-0.867657E-01
3.63281,215.624,-0.121002E-01
3.63342,215.660,0.286555
3.63403,215.697,-0.436949E-01
3.63464,215.733,0.354419E-01
3.63525,215.769,-0.744786E-02
3.63586,215.805,0.385668
3.63647,215.842,-0.219146
3.63708,215.878,0.989179E-01
3.63770,215.914,0.248783
3.63831,215.950,-0.413437E-01
3.63892,215.986,0.139914
3.63953,216.023,-0.214058E-01
3.64014,216.059,0.703203
3.64075,216.095,0.302903E-01
3.64136,216.131,-0.301692
3.64197,216.168,-1.47766
3.64258,216.204,-0.520154E-01
3.64319,216.240,0.463243E-01
3.64380,216.276,-0.498617E-01
3.64441,216.313,-0.348269E-01
3.64502,216.349,0.359691E-01
3.64563,216.385,0.200554
3.64624,216.421,-0.313341
3.64685,216.457,0.118594
3.64746,216.494,-0.228939
3.64807,216.530,0.957843E-01
3.64868,216.566,0.231612
3.64929,216.602,-0.486217
3.64990,216.639,-0.205889
3.65051,216.675,0.587387
3.65112,216.711,0.151085E-01
3.65173,216.747,-0.370881
3.65234,216.783,0.176759
3.65295,216.820,-0.293683
3.65356,216.856,-0.381031
3.65417,216.892,-0.179772
3.65479,216.928,0.359435
3.65540,216.965,0.782606E-01
3.65601,217.001,-0.141236E-01
3.65662,217.037,-0.311292E-01
3.65723,217.073,-0.142914
3.65784,217.110,0.327413
3.65845,217.146,-0.449385
3.65906,217.182,0.123608
3.65967,217.218,0.353226
3.66028,217.254,0.128338
3.66089,217.291,0.835930E-01
3.66150,217.327,-0.507093
3.66211,217.363,0.281788
3.66272,217.399,-0.154108
3.66333,217.436,-0.402480
3.66394,217.472,0.893115E-01
3.66455,217.508,0.388324
3.66516,217.544,0.638970E-01
3.66577,217.580,-0.473111
3.66638,217.617,-0.280302
3.66699,217.653,0.229955
3.66760,217.689,-0.153826
3.66821,217.725,-0.486671
3.66882,217.762,-0.281258
3.66943,217.798,0.295536E-01
3.67004,217.834,0.192245E-01
3.67065,217.870,-0.234682
3.67126,217.907,-0.106171
3.67188,217.943,0.393871E-01
3.67249,217.979,-0.287227
3.67310,218.015,-0.240906
3.67371,218.051,-0.525724E-01
3.67432,218.088,0.274337
3.67493,218.124,-0.155770
3.67554,218.160,0.364806E-01
3.67615,218.196,0.299394E-01
3.67676,218.233,-0.913245E-02
3.67737,218.269,0.785106
3.67798,218.305,-0.147230
3.67859,218.341,0.173994
3.67920,218.377,-0.250771
3.67981,218.414,-0.245362E-01
3.68042,218.450,0.162687
3.68103,218.486,0.104266E-01
3.68164,218.522,-0.221265
3.68225,218.559,0.247448
3.68286,218.595,0.779435E-01
3.68347,218.631,-0.152274
3.68408,218.667,-0.718629E-01
3.68469,218.704,-0.991026E-01
3.68530,218.740,0.202649E-01
3.68591,218.776,0.165482
3.68652,218.812,-0.184210
3.68713,218.848,0.612902
3.68774,218.885,-0.221420
3.68835,218.921,-0.216082
3.68896,218.957,0.304432
3.68958,218.993,-0.245714E-01
3.69019,219.030,-0.212302
3.69080,219.066,0.251113
3.69141,219.102,-0.115414
3.69202,219.138,0.563956E-01
3.69263,219.174,-0.129156
3.69324,219.211,-0.585974E-01
3.69385,219.247,-0.633642E-01
3.69446,219.283,0.263308E-01
3.69507,219.319,0.442877
3.69568,219.356,-0.263306
3.69629,219.392,0.305103
3.69690,219.428,0.129221
3.69751,219.464,-0.315417E-01
3.69812,219.501,-0.406649E-01
3.69873,219.537,0.259479
3.69934,219.573,0.145736
3.69995,219.609,-0.961273E-01
3.70056,219.645,-0.806710E-01
3.70117,219.682,0.234026E-01
3.70178,219.718,-0.178320
3.70239,219.754,-0.155492
3.70300,219.790,-0.617289E-01
3.70361,219.827,0.246787E-01
3.70422,219.863,0.371951
3.70483,219.899,-0.820386E-01
3.70544,219.935,-0.443182E-01
3.70605,219.971,0.145606
3.70667,220.008,0.215797
3.70728,220.044,0.345392
3.70789,220.080,0.248965
3.70850,220.116,-0.108627
3.70911,220.153,-0.783343E-01
3.70972,220.189,-0.826093E-01
3.71033,220.225,-0.263622E-01
3.71094,220.261,-0.461743E-01
3.71155,220.298,0.330161E-01
3.71216,220.334,-0.597367E-02
3.71277,220.370,-0.244543
3.71338,220.406,-0.413260
3.71399,220.442,0.391545
3.71460,220.479,0.379069
3.71521,220.515,-0.612987E-01
3.71582,220.551,-0.822795E-01
3.71643,220.587,-0.383930
3.71704,220.624,0.140280
3.71765,220.660,0.217265
3.71826,220.696,0.382767E-01
3.71887,220.732,0.228857
3.71948,220.768,-0.225927E-01
3.72009,220.805,-0.310066
3.72070,220.841,-0.980636E-01
3.72131,220.877,0.415679
3.72192,220.913,-0.102703E-01
3.72253,220.950,0.506827
3.72314,220.986,-0.201090E-03
3.72375,221.022,0.261680
3.72437,221.058,0.162948
3.72498,221.095,0.353056
3.72559,221.131,-0.381104
3.72620,221.167,-0.471485
3.72681,221.203,0.206458
3.72742,221.239,-0.728456E-01
3.72803,221.276,0.174823
3.72864,221.312,-0.148660
3.72925,221.348,-0.474638E-01
3.72986,221.384,-0.103171
3.73047,221.421,0.639968E-01
3.73108,221.457,-0.116621
3.73169,221.493,0.522952E-01
3.73230,221.529,0.109823
3.73291,221.565,0.409580
3.73352,221.602,0.148722E-02
3.73413,221.638,-0.242649E-01
3.73474,221.674,-0.612934E-02
3.73535,221.710,-0.129633
3.73596,221.747,0.419970
3.73657,221.783,-0.721694E-01
3.73718,221.819,0.296525E-01
3.73779,221.855,0.257431
3.73840,221.892,0.326839
3.73901,221.928,0.728747E-01
3.73962,221.964,0.279967
3.74023,222.000,-0.219071
3.74084,222.036,-0.266433
3.74146,222.073,-0.281857
3.74207,222.109,0.185956
3.74268,222.145,-0.134841
3.74329,222.181,-0.454436
3.74390,222.218,0.260193
3.74451,222.254,0.374532
3.74512,222.290,-0.111577
3.74573,222.326,-0.138673
3.74634,222.362,-0.408123E-02
3.74695,222.399,0.446586
3.74756,222.435,0.268935
3.74817,222.471,0.233850
3.74878,222.507,0.310896
3.74939,222.544,0.888456E-01
3.75000,222.580,-0.267616E-01
3.75061,222.616,0.843809
3.75122,222.652,-0.711554
3.75183,222.688,-0.517619E-01
3.75244,222.725,0.117456
3.75305,222.761,0.668636E-01
3.75366,222.797,0.854244
3.75427,222.833,0.392064
3.75488,222.870,-0.426413
3.75549,222.906,-0.194927
3.75610,222.942,-0.667176
3.75671,222.978,-0.144517
3.75732,223.015,-0.214977
3.75793,223.051,0.104048
3.75854,223.087,-0.100548
3.75916,223.123,0.195077E-01
3.75977,223.159,0.714083
3.76038,223.196,-0.157857
3.76099,223.232,-0.135885
3.76160,223.268,0.205014
3.76221,223.304,-0.747132E-01
3.76282,223.341,-0.497573
3.76343,223.377,0.130131E-01
3.76404,223.413,-0.233710
3.76465,223.449,-0.165249
3.76526,223.485,0.760309E-01
3.76587,223.522,-0.549777
3.76648,223.558,0.827706E-01
3.76709,223.594,0.400231
3.76770,223.630,-0.102489
3.76831,223.667,0.735570E-01
3.76892,223.703,-0.353158
3.76953,223.739,0.837233E-03
3.77014,223.775,0.119020
3.77075,223.812,0.271072
3.77136,223.848,0.207071
3.77197,223.884,0.238884
3.77258,223.920,-0.147248
3.77319,223.956,0.360564
3.77380,223.993,-0.353582
3.77441,224.029,-0.326089
3.77502,224.065,0.168591
3.77563,224.101,0.356042E-01
3.77625,224.138,0.895595
3.77686,224.174,0.714302E-01
3.77747,224.210,-0.551739E-01
3.77808,224.246,-0.281496
3.77869,224.282,0.125383
3.77930,224.319,0.467797E-01
3.77991,224.355,-0.694795
3.78052,224.391,-0.943845E-01
3.78113,224.427,-0.610998
3.78174,224.464,-0.446018
3.78235,224.500,0.319951
3.78296,224.536,0.669733E-01
3.78357,224.572,-0.778989E-01
3.78418,224.609,-0.712027
3.78479,224.645,-0.761527E-01
3.78540,224.681,-0.235660
3.78601,224.717,0.287770E-01
3.78662,224.753,-0.104462
3.78723,224.790,-0.110654
3.78784,224.826,0.157453
3.78845,224.862,0.176656E-01
3.78906,224.898,0.721899E-01
3.78967,224.935,0.110883
3.79028,224.971,-0.138597E-01
3.79089,225.007,-0.109151
3.79150,225.043,-0.636311E-01
3.79211,225.079,0.861852E-01
3.79272,225.116,0.365621E-01
3.79333,225.152,0.183426E-01
3.79395,225.188,0.116043
3.79456,225.224,-0.181645
3.79517,225.261,0.188285
3.79578,225.297,0.769529E-01
3.79639,225.333,0.295970E-01
3.79700,225.369,-0.404161
3.79761,225.406,-0.203770
3.79822,225.442,-0.386768E-01
3.79883,225.478,-0.290350E-01
3.79944,225.514,0.952435E-01
3.80005,225.550,0.158066
3.80066,225.587,-0.134283
3.80127,225.623,0.210129E-01
3.80188,225.659,-0.402807
3.80249,225.695,0.215368
3.80310,225.732,-0.261603
3.80371,225.768,0.608065
3.80432,225.804,0.289814
3.80493,225.840,0.971265E-01
3.80554,225.876,0.164564
3.80615,225.913,0.892893E-01
3.80676,225.949,0.664800E-01
3.80737,225.985,-0.348777E-01
3.80798,226.021,0.200613
3.80859,226.058,-0.156659
3.80920,226.094,0.112154
3.80981,226.130,-0.111493
3.81042,226.166,-0.502814
3.81104,226.203,-0.445355
3.81165,226.239,-0.262557
3.81226,226.275,-0.144815
3.81287,226.311,0.663182
3.81348,226.347,-0.384637E-01
3.81409,226.384,-0.121705E-01
3.81470,226.420,-0.382898
3.81531,226.456,-0.803744E-01
3.81592,226.492,0.443138E-01
3.81653,226.529,0.181606E-01
3.81714,226.565,0.143003E-01
3.81775,226.601,-0.228545
3.81836,226.637,-0.117446
3.81897,226.673,0.123010E-01
3.81958,226.710,0.255901
3.82019,226.746,-0.103331
3.82080,226.782,-0.528461E-01
3.82141,226.818,0.126887
3.82202,226.855,0.130125
3.82263,226.891,1.04270
3.82324,226.927,0.255669
3.82385,226.963,-0.107536
3.82446,227.000,-0.713788
3.82507,227.036,0.105150
3.82568,227.072,-0.105597
3.82629,227.108,-0.274512
3.82690,227.144,0.429248
3.82751,227.181,0.785338
3.82812,227.217,0.193923E-02
3.82874,227.253,-0.436874
3.82935,227.289,0.104401
3.82996,227.326,-0.199099E-01
3.83057,227.362,0.331281
3.83118,227.398,-0.437869E-01
3.83179,227.434,-0.105303
3.83240,227.470,-0.387423
3.83301,227.507,0.244130
3.83362,227.543,0.325978
3.83423,227.579,0.121292
3.83484,227.615,-0.559346E-01
3.83545,227.652,-0.277920
3.83606,227.688,-0.660676E-01
3.83667,227.724,-0.328402E-01
3.83728,227.760,0.179055
3.83789,227.797,-0.158781
3.83850,227.833,-0.188229
3.83911,227.869,0.156536E-01
3.83972,227.905,-0.355847
3.84033,227.941,-0.154902
3.84094,227.978,0.239190
3.84155,228.014,0.817578E-01
3.84216,228.050,0.282913
3.84277,228.086,-0.632294E-01
3.84338,228.123,-0.301316
3.84399,228.159,0.186298
3.84460,228.195,0.771853E-01
3.84521,228.231,0.207097
3.84583,228.267,0.669618E-01
3.84644,228.304,-0.225536
3.84705,228.340,-0.309065E-01
3.84766,228.376,0.150004
3.84827,228.412,0.181046
3.84888,228.449,0.264719E-02
3.84949,228.485,0.127966E-01
3.85010,228.521,-0.340858E-01
3.85071,228.557,-0.744315
3.85132,228.594,-0.362458
3.85193,228.630,0.210046
3.85254,228.666,-0.309226E-01
3.85315,228.702,-0.551146
3.85376,228.738,0.238243
3.85437,228.775,-0.274775
3.85498,228.811,-0.142847
3.85559,228.847,0.187802
3.85620,228.883,-0.359160
3.85681,228.920,-0.155230
3.85742,228.956,0.297712
3.85803,228.992,0.525079E-01
3.85864,229.028,-0.202839
3.85925,229.064,-0.291849
3.85986,229.101,-0.709035E-02
3.86047,229.137,0.318960
3.86108,229.173,-0.213991
3.86169,229.209,0.264077E-01
3.86230,229.246,-0.174922
3.86292,229.282,0.344116
3.86353,229.318,0.167390
3.86414,229.354,0.421099
3.86475,229.391,0.396495E-03
3.86536,229.427,-0.636560E-01
3.86597,229.463,-0.340061E-02
3.86658,229.499,0.281630E-01
3.86719,229.535,0.976608E-01
3.86780,229.572,-0.891638E-01
3.86841,229.608,0.354182E-01
3.86902,229.644,-0.109206
3.86963,229.680,0.387846E-01
3.87024,229.717,0.369550
3.87085,229.753,0.602354
3.87146,229.789,0.403179
3.87207,229.825,0.193972E-01
3.87268,229.861,0.649770E-01
3.87329,229.898,0.326867
3.87390,229.934,0.904654E-01
3.87451,229.970,0.661726E-01
3.87512,230.006,0.307405
3.87573,230.043,-0.114740E-01
3.87634,230.079,-0.345731
3.87695,230.115,-0.671432E-01
3.87756,230.151,-0.448573
3.87817,230.188,-0.106353E-01
3.87878,230.224,-0.158587
3.87939,230.260,-0.184605E-01
3.88000,230.296,0.347758E-01
3.88062,230.332,0.544262
3.88123,230.369,0.194789
3.88184,230.405,0.106410E-01
3.88245,230.441,0.222632
3.88306,230.477,-0.442203
3.88367,230.514,0.634430
3.88428,230.550,0.161723
3.88489,230.586,0.333122
3.88550,230.622,-0.439802
3.88611,230.658,-0.365755
3.88672,230.695,0.325150E-01
3.88733,230.731,-0.100225
3.88794,230.767,-0.257105
3.88855,230.803,0.804453E-01
3.88916,230.840,0.292504
3.88977,230.876,-0.292983
3.89038,230.912,-0.334732E-01
3.89099,230.948,0.176702E-01
3.89160,230.985,0.108759
3.89221,231.021,-0.234980
3.89282,231.057,-0.250487
3.89343,231.093,-0.144966E-01
3.89404,231.129,0.200373
3.89465,231.166,-0.262111
3.89526,231.202,-0.210008E-01
3.89587,231.238,0.713056E-02
3.89648,231.274,0.240431E-01
3.89709,231.311,0.359461E-01
3.89771,231.347,0.160171
3.89832,231.383,-0.607197E-01
3.89893,231.419,0.491651E-01
3.89954,231.455,0.113699
3.90015,231.492,-0.135092
3.90076,231.528,0.257303
3.90137,231.564,-0.295753
3.90198,231.600,0.571050E-01
3.90259,231.637,-0.293248
3.90320,231.673,0.371337
3.90381,231.709,0.115433
3.90442,231.745,0.495418E-01
3.90503,231.782,-0.456291
3.90564,231.818,-0.118228
3.90625,231.854,0.172457
3.90686,231.890,-0.117226
3.90747,231.926,0.256298
3.90808,231.963,-0.114314E-01
3.90869,231.999,0.122986
3.90930,232.035,-0.727378E-01
3.90991,232.071,0.302736E-02
3.91052,232.108,0.831206E-01
3.91113,232.144,0.539970
3.91174,232.180,-0.514995
3.91235,232.216,0.476484
3.91296,232.252,-0.258686
3.91357,232.289,0.160325
3.91418,232.325,0.436725
3.91479,232.361,-0.646726E-01
3.91541,232.397,-0.592703E-02
3.91602,232.434,-0.104418
3.91663,232.470,-0.586182E-01
3.91724,232.506,0.309544
3.91785,232.542,-0.600892E-01
3.91846,232.579,0.340507
3.91907,232.615,0.609431E-01
3.91968,232.651,0.452309E-01
3.92029,232.687,0.127717
3.92090,232.723,-0.186936
3.92151,232.760,-0.651791E-01
3.92212,232.796,-0.170471
3.92273,232.832,0.334027
3.92334,232.868,0.139145
3.92395,232.905,0.203118E-02
3.92456,232.941,0.379645
3.92517,232.977,-0.532439
3.92578,233.013,0.342954E-01
3.92639,233.049,0.214233
3.92700,233.086,-0.870976E-01
3.92761,233.122,-0.260340E-01
3.92822,233.158,0.197195
3.92883,233.194,0.730943E-01
3.92944,233.231,0.141644
3.93005,233.267,-0.227640
3.93066,233.303,0.673145E-02
3.93127,233.339,0.366689E-01
3.93188,233.376,-0.193699
3.93250,233.412,-0.720755E-01
3.93311,233.448,0.604722E-01
3.93372,233.484,-0.871963E-01
3.93433,233.520,0.101513
3.93494,233.557,0.625877
3.93555,233.593,0.949190
3.93616,233.629,0.108713
3.93677,233.665,-0.862632E-01
3.93738,233.702,-0.820107E-01
3.93799,233.738,-0.457202E-01
3.93860,233.774,-0.265980
3.93921,233.810,0.176931
3.93982,233.846,0.464016
3.94043,233.883,-0.319137E-01
3.94104,233.919,-0.502600E-01
3.94165,233.955,-0.124196
3.94226,233.991,-0.283571
3.94287,234.028,-0.803186E-01
3.94348,234.064,0.270333E-01
3.94409,234.100,-0.125132
3.94470,234.136,-0.316424
3.94531,234.173,-0.132266
3.94592,234.209,0.314135
3.94653,234.245,-0.224741
3.94714,234.281,-0.236322E-01
3.94775,234.317,-0.309362
3.94836,234.354,-0.203846
3.94897,234.390,-0.132932
3.94958,234.426,0.272959E-01
3.95020,234.462,0.402820
3.95081,234.499,-0.221785E-01
3.95142,234.535,0.146055E-01
3.95203,234.571,0.340104
3.95264,234.607,-0.355605
3.95325,234.643,0.213582
3.95386,234.680,-0.101756
3.95447,234.716,-0.124507
3.95508,234.752,0.505896E-02
3.95569,234.788,0.129011
3.95630,234.825,0.231366
3.95691,234.861,-0.200901
3.95752,234.897,0.704294E-01
3.95813,234.933,-0.550713E-01
3.95874,234.970,-0.221855
3.95935,235.006,-0.899226E-01
3.95996,235.042,-0.473463
3.96057,235.078,0.239778
3.96118,235.114,-0.126964
3.96179,235.151,0.174240
3.96240,235.187,0.587428E-01
3.96301,235.223,0.205971
3.96362,235.259,0.693584
3.96423,235.296,-0.226728
3.96484,235.332,-0.415566
3.96545,235.368,0.495416E-01
3.96606,235.404,0.109814
3.96667,235.440,-0.363653E-01
3.96729,235.477,0.115929
3.96790,235.513,-0.626051E-01
3.96851,235.549,0.895633E-01
3.96912,235.585,0.186845
3.96973,235.622,0.122278
3.97034,235.658,-0.215297
3.97095,235.694,-0.107940
3.97156,235.730,0.299559
3.97217,235.767,0.625900E-01
3.97278,235.803,0.201956E-01
3.97339,235.839,-0.497952E-01
3.97400,235.875,0.602558E-01
3.97461,235.911,0.195217
3.97522,235.948,-0.227023
3.97583,235.984,-0.327933E-01
3.97644,236.020,-0.525391
3.97705,236.056,0.119495
3.97766,236.093,0.346308
3.97827,236.129,0.498235
3.97888,236.165,-0.254094
3.97949,236.201,-0.179936E-01
3.98010,236.237,-0.643458E-01
3.98071,236.274,-0.167693
3.98132,236.310,-0.426010
3.98193,236.346,-0.293854E-01
3.98254,236.382,0.203800E-01
3.98315,236.419,0.171770
3.98376,236.455,-0.294956
3.98438,236.491,-0.355169E-01
3.98499,236.527,-0.560893
3.98560,236.564,0.498638
3.98621,236.600,-0.538357E-01
3.98682,236.636,0.450177
3.98743,236.672,0.241976
3.98804,236.708,0.672885E-01
3.98865,236.745,-0.352927E-01
3.98926,236.781,0.301634
3.98987,236.817,0.103970
3.99048,236.853,-0.181093
3.99109,236.890,-0.128654
3.99170,236.926,-0.891035
3.99231,236.962,-0.322139
3.99292,236.998,-0.157044
3.99353,237.034,-0.162497E-01
3.99414,237.071,0.257938
3.99475,237.107,-0.192112
3.99536,237.143,0.122900E-01
3.99597,237.179,-0.299447
3.99658,237.216,-0.150739
3.99719,237.252,-0.757792E-01
3.99780,237.288,0.376389E-01
3.99841,237.324,-0.326833E-02
3.99902,237.361,0.119540E-01
3.99963,237.397,-0.282832E-01
4.00024,237.433,-0.112752
4.00085,237.469,0.191901
4.00146,237.505,0.104339
4.00208,237.542,0.452915
4.00269,237.578,-0.590886
4.00330,237.614,-0.522942
4.00391,237.650,-0.260759
4.00452,237.687,-0.995690E-01
4.00513,237.723,0.169972
4.00574,237.759,-0.153332
4.00635,237.795,0.305315
4.00696,237.831,0.176361
4.00757,237.868,0.508497
4.00818,237.904,0.279856
4.00879,237.940,-0.481386E-01
4.00940,237.976,-0.196069E-01
4.01001,238.013,0.191239
4.01062,238.049,0.210169E-01
4.01123,238.085,-0.248999
4.01184,238.121,0.205402
4.01245,238.158,-0.255222
4.01306,238.194,-0.132664E-01
4.01367,238.230,0.225233
4.01428,238.266,-0.610138
4.01489,238.302,0.474489
4.01550,238.339,-0.177861
4.01611,238.375,0.845921E-01
4.01672,238.411,-0.182518
4.01733,238.447,0.126332
4.01794,238.484,0.170125E-01
4.01855,238.520,-0.592205E-01
4.01917,238.556,-0.264932E-02
4.01978,238.592,0.148333
4.02039,238.628,0.451635E-01
4.02100,238.665,-0.591455E-03
4.02161,238.701,-0.188133
4.02222,238.737,-0.639434
4.02283,238.773,0.301002
4.02344,238.810,0.434661E-01
4.02405,238.846,-0.284217
4.02466,238.882,0.323694E-01
4.02527,238.918,-0.114069
4.02588,238.955,0.176893
4.02649,238.991,0.110602
4.02710,239.027,0.937038E-01
4.02771,239.063,-0.367358E-01
4.02832,239.099,-0.513833E-01
4.02893,239.136,-0.193877
4.02954,239.172,0.324016
4.03015,239.208,0.152909
4.03076,239.244,0.116148E-01
4.03137,239.281,0.128134
4.03198,239.317,0.363559
4.03259,239.353,-0.435934
4.03320,239.389,0.568632
4.03381,239.425,0.290144E-01
4.03442,239.462,-0.752366E-01
4.03503,239.498,0.803687E-01
4.03564,239.534,0.257658
4.03625,239.570,-0.409259
4.03687,239.607,0.975030E-01
4.03748,239.643,0.386918E-02
4.03809,239.679,-0.859056
4.03870,239.715,0.694806E-02
4.03931,239.752,-0.443321
4.03992,239.788,0.104992
4.04053,239.824,-0.198774
4.04114,239.860,0.572481
4.04175,239.896,-0.169120
4.04236,239.933,-0.658904
4.04297,239.969,-0.325827
4.04358,240.005,0.439209
4.04419,240.041,-0.295259E-02
4.04480,240.078,0.767809
4.04541,240.114,-0.552253
4.04602,240.150,-0.305161
4.04663,240.186,0.209732
4.04724,240.222,-0.295100
4.04785,240.259,-0.123137
4.04846,240.295,0.268942E-01
4.04907,240.331,-0.248085E-02
4.04968,240.367,0.179955E-01
4.05029,240.404,0.142633
4.05090,240.440,-0.217647E-01
4.05151,240.476,0.316353
4.05212,240.512,0.438127E-01
4.05273,240.549,-0.582304E-02
4.05334,240.585,0.141824
4.05396,240.621,0.484027E-01
4.05457,240.657,0.322576E-01
4.05518,240.693,-0.103236
4.05579,240.730,0.124649
4.05640,240.766,-0.171602E-01
4.05701,240.802,0.518417
4.05762,240.838,0.648318
4.05823,240.875,-0.955151
4.05884,240.911,-0.140026
4.05945,240.947,-0.932981E-01
4.06006,240.983,0.827561E-01
4.06067,241.019,-0.148087
4.06128,241.056,-0.168144E-01
4.06189,241.092,-0.166717
4.06250,241.128,-0.230922
4.06311,241.164,-0.937745E-01
4.06372,241.201,0.109923
4.06433,241.237,0.386814E-01
4.06494,241.273,0.316513
4.06555,241.309,0.609492E-01
4.06616,241.345,-0.442228
4.06677,241.382,0.376618
4.06738,241.418,0.264978
4.06799,241.454,0.214485
4.06860,241.490,0.135899
4.06921,241.527,-0.662178E-01
4.06982,241.563,0.199000E-01
4.07043,241.599,0.629278E-02
4.07104,241.635,-0.319202E-01
4.07166,241.672,-0.142678
4.07227,241.708,-0.516988
4.07288,241.744,-0.347001E-01
4.07349,241.780,0.213127
4.07410,241.816,0.509431
4.07471,241.853,-0.227102
4.07532,241.889,-0.869310E-01
4.07593,241.925,-0.113357
4.07654,241.961,-0.544126
4.07715,241.998,0.969301E-02
4.07776,242.034,0.108344
4.07837,242.070,-0.643456
4.07898,242.106,0.230974
4.07959,242.142,-0.464142
4.08020,242.179,0.170637E-01
4.08081,242.215,-0.694353E-02
4.08142,242.251,0.383593E-01
4.08203,242.287,0.293775E-01
4.08264,242.324,0.338369E-01
4.08325,242.360,-0.816092E-01
4.08386,242.396,-0.160026
4.08447,242.432,-0.973675E-01
4.08508,242.469,-0.320890
4.08569,242.505,-0.143485
4.08630,242.541,-0.870565E-01
4.08691,242.577,0.594224E-01
4.08752,242.613,0.795445
4.08813,242.650,-0.505347
4.08875,242.686,0.735277E-01
4.08936,242.722,0.478537E-01
4.08997,242.758,-0.180793
4.09058,242.795,-0.798458E-01
4.09119,242.831,0.484560
4.09180,242.867,-0.271624E-01
4.09241,242.903,0.336642
4.09302,242.939,-0.161120
4.09363,242.976,0.311957
4.09424,243.012,-0.820524E-01
4.09485,243.048,0.160994E-01
4.09546,243.084,0.304336E-01
4.09607,243.121,-0.399810
4.09668,243.157,0.806852E-01
4.09729,243.193,-0.112808E-01
4.09790,243.229,0.227754
4.09851,243.266,0.669707E-02
4.09912,243.302,0.290147
4.09973,243.338,0.402109
4.10034,243.374,-0.103236
4.10095,243.410,0.990001E-02
4.10156,243.447,-0.505189E-01
4.10217,243.483,-0.246581
4.10278,243.519,-0.703207E-01
4.10339,243.555,-0.120736
4.10400,243.592,0.233647
4.10461,243.628,0.142717E-01
4.10522,243.664,-0.468419
4.10583,243.700,-0.177765
4.10645,243.736,0.429512
4.10706,243.773,-0.109413
4.10767,243.809,-0.152056E-01
4.10828,243.845,0.201962E-01
4.10889,243.881,-0.520720E-01
4.10950,243.918,-0.180519
4.11011,243.954,-0.239254
4.11072,243.990,-0.414189
4.11133,244.026,-0.601923E-01
4.11194,244.063,0.144719
4.11255,244.099,0.472433
4.11316,244.135,0.346962
4.11377,244.171,-0.622047E-01
4.11438,244.207,0.122719
4.11499,244.244,-0.282298
4.11560,244.280,-0.114245
4.11621,244.316,0.559098
4.11682,244.352,-0.122126
4.11743,244.389,0.367943
4.11804,244.425,-0.276810E-01
4.11865,244.461,0.123021
4.11926,244.497,0.244233
4.11987,244.533,-0.117023
4.12048,244.570,-0.394581
4.12109,244.606,0.293548
4.12170,244.642,0.346156
4.12231,244.678,-0.235630
4.12292,244.715,-0.327912E-01
4.12354,244.751,0.496453
4.12415,244.787,0.619014E-01
4.12476,244.823,0.231155
4.12537,244.860,0.127715E-01
4.12598,244.896,-0.157663
4.12659,244.932,0.367426
4.12720,244.968,-0.178516
4.12781,245.004,0.770332
4.12842,245.041,0.474597
4.12903,245.077,0.257114E-01
4.12964,245.113,-0.561286
4.13025,245.149,0.388582E-02
4.13086,245.186,-0.441376
4.13147,245.222,-0.477531E-01
4.13208,245.258,-0.141251
4.13269,245.294,-0.222423E-01
4.13330,245.330,0.494217E-01
4.13391,245.367,0.558257
4.13452,245.403,-0.583653
4.13513,245.439,0.260716
4.13574,245.475,0.278639
4.13635,245.512,0.387124
4.13696,245.548,0.261185
4.13757,245.584,0.321772
4.13818,245.620,0.264251
4.13879,245.657,-0.945598E-01
4.13940,245.693,-0.287309
4.14001,245.729,-0.607985E-01
4.14062,245.765,-0.730058E-02
4.14124,245.801,0.472177
4.14185,245.838,0.127121
4.14246,245.874,-0.120608
4.14307,245.910,0.296893
4.14368,245.946,0.206775
4.14429,245.983,0.641367E-01
4.14490,246.019,0.564652E-01
4.14551,246.055,-0.193040E-02
4.14612,246.091,0.512302E-01
4.14673,246.127,-0.762996E-02
4.14734,246.164,-0.249020E-01
4.14795,246.200,-0.111311
4.14856,246.236,-0.157884
4.14917,246.272,-0.154630
4.14978,246.309,-0.471977E-01
4.15039,246.345,-0.516567
4.15100,246.381,-0.400682E-02
4.15161,246.417,0.673921E-01
4.15222,246.454,-0.600356E-02
4.15283,246.490,-0.102080E-01
4.15344,246.526,-0.282922E-01
4.15405,246.562,0.176801E-01
4.15466,246.598,-0.266663
4.15527,246.635,0.467055E-01
4.15588,246.671,0.243139
4.15649,246.707,0.914338E-02
4.15710,246.743,-0.456351
4.15771,246.780,0.274488
4.15833,246.816,0.138229
4.15894,246.852,-0.321738
4.15955,246.888,0.115018
4.16016,246.924,0.314286E-01
4.16077,246.961,-0.280221
4.16138,246.997,-0.662202E-01
4.16199,247.033,0.287037
4.16260,247.069,0.667816E-01
4.16321,247.106,-0.230069E-01
4.16382,247.142,-0.861664E-01
4.16443,247.178,0.545371E-01
4.16504,247.214,0.110460
4.16565,247.251,0.175748
4.16626,247.287,-0.534564
4.16687,247.323,-0.534794E-01
4.16748,247.359,0.659880
4.16809,247.395,-0.761601E-02
4.16870,247.432,-0.367332
4.16931,247.468,-0.619306E-01
4.16992,247.504,0.307911
4.17053,247.540,0.127649
4.17114,247.577,-0.293960
4.17175,247.613,-0.249165E-01
4.17236,247.649,0.551646
4.17297,247.685,-0.146224
4.17358,247.721,0.137225
4.17419,247.758,0.463414
4.17480,247.794,-0.565766E-01
4.17542,247.830,-0.109732
4.17603,247.866,0.861813E-01
4.17664,247.903,-0.254532E-01
4.17725,247.939,0.317886
4.17786,247.975,0.401309E-01
4.17847,248.011,0.399081
4.17908,248.048,0.806974E-01
4.17969,248.084,-0.188213
4.18030,248.120,-0.156588
4.18091,248.156,0.837999E-01
4.18152,248.192,0.176020
4.18213,248.229,-0.238221
4.18274,248.265,-0.333800
4.18335,248.301,-0.599130E-01
4.18396,248.337,0.557361E-01
4.18457,248.374,0.552702E-01
4.18518,248.410,0.100273
4.18579,248.446,0.198028
4.18640,248.482,0.154220
4.18701,248.518,-0.396570E-01
4.18762,248.555,-0.143185
4.18823,248.591,0.235913
4.18884,248.627,0.245536
4.18945,248.663,0.518174
4.19006,248.700,-0.458308E-01
4.19067,248.736,0.544310E-01
4.19128,248.772,0.320137
4.19189,248.808,-0.323392
4.19250,248.845,0.176431E-01
4.19312,248.881,-0.321397E-01
4.19373,248.917,0.631480E-01
4.19434,248.953,0.954958E-01
4.19495,248.989,0.287830
4.19556,249.026,-0.669044
4.19617,249.062,0.118745
4.19678,249.098,0.187845
4.19739,249.134,0.210569
4.19800,249.171,-0.235476E-01
4.19861,249.207,0.201155
4.19922,249.243,-0.353206E-01
4.19983,249.279,-0.129421
4.20044,249.315,-0.956764E-01
4.20105,249.352,0.762219E-01
4.20166,249.388,0.227749E-01
4.20227,249.424,0.267544
4.20288,249.460,0.240306
4.20349,249.497,-0.747847E-01
4.20410,249.533,0.469620E-01
4.20471,249.569,-0.278174E-01
4.20532,249.605,0.189326
4.20593,249.642,0.150639
4.20654,249.678,-0.446402
4.20715,249.714,-0.546761
4.20776,249.750,-0.329570
4.20837,249.786,0.212590E-01
4.20898,249.823,-0.173129
4.20959,249.859,-0.147970
4.21021,249.895,-0.132579
4.21082,249.931,0.178203
4.21143,249.968,-0.114508
4.21204,250.004,-0.806596E-01
4.21265,250.040,0.392129
4.21326,250.076,-0.416598E-01
4.21387,250.112,0.131151
4.21448,250.149,0.349536E-01
4.21509,250.185,-0.724352E-01
4.21570,250.221,0.785671E-01
4.21631,250.257,-0.557857E-01
4.21692,250.294,0.673190
4.21753,250.330,0.251310
4.21814,250.366,0.131729
4.21875,250.402,0.388900E-01
4.21936,250.439,-0.274854E-01
4.21997,250.475,0.184613E-01
4.22058,250.511,0.104053E-01
4.22119,250.547,-0.547859
4.22180,250.583,-0.961135E-01
4.22241,250.620,0.125001
4.22302,250.656,0.144429E-01
4.22363,250.692,0.128869
4.22424,250.728,0.215931
4.22485,250.765,-0.143904E-01
4.22546,250.801,0.277997
4.22607,250.837,0.550293E-01
4.22668,250.873,0.165920
4.22729,250.909,-0.121548
4.22791,250.946,0.520708E-01
4.22852,250.982,0.453525
4.22913,251.018,0.423248
4.22974,251.054,0.757490E-01
4.23035,251.091,0.329111E-01
4.23096,251.127,0.660515
4.23157,251.163,-0.268818
4.23218,251.199,-0.237738
4.23279,251.236,-0.416521
4.23340,251.272,0.690146
4.23401,251.308,-0.176338
4.23462,251.344,-0.285091
4.23523,251.380,-0.119984
4.23584,251.417,0.410571
4.23645,251.453,-0.135036
4.23706,251.489,0.376086
4.23767,251.525,-0.729269E-03
4.23828,251.562,0.426680
4.23889,251.598,0.204971
4.23950,251.634,-0.207471
4.24011,251.670,0.399495E-01
4.24072,251.706,-0.144065
4.24133,251.743,-0.305687
4.24194,251.779,-0.105734
4.24255,251.815,-0.114530
4.24316,251.851,0.108389E-01
4.24377,251.888,-0.456129
4.24438,251.924,-0.370968E-02
4.24500,251.960,0.101446
4.24561,251.996,0.395999E-01
4.24622,252.033,-0.260945
4.24683,252.069,-0.994277E-01
4.24744,252.105,-0.116017
4.24805,252.141,0.193356E-01
4.24866,252.177,-0.372394
4.24927,252.214,-0.118046
4.24988,252.250,-0.203360E-01
4.25049,252.286,-0.617608E-01
4.25110,252.322,0.227313
4.25171,252.359,0.395367
4.25232,252.395,-0.786177E-02
4.25293,252.431,0.710736
4.25354,252.467,0.247477
4.25415,252.503,0.527365E-01
4.25476,252.540,0.113295E-01
4.25537,252.576,-0.402363
4.25598,252.612,0.230758
4.25659,252.648,0.164033E-01
4.25720,252.685,0.389452
4.25781,252.721,0.375193
4.25842,252.757,0.302161
4.25903,252.793,0.337002E-01
4.25964,252.830,0.567903E-01
4.26025,252.866,-0.379028E-01
4.26086,252.902,0.519769
4.26147,252.938,0.300838
4.26208,252.974,0.302207E-01
4.26270,253.011,0.269490
4.26331,253.047,-0.400837E-02
4.26392,253.083,-0.598446
4.26453,253.119,-0.159336
4.26514,253.156,0.177870
4.26575,253.192,-0.871534E-01
4.26636,253.228,-0.131344
4.26697,253.264,-0.290437
4.26758,253.300,0.321488
4.26819,253.337,-0.484542E-01
4.26880,253.373,-0.587486E-01
4.26941,253.409,0.113193E-01
4.27002,253.445,0.182361
4.27063,253.482,0.577478E-01
4.27124,253.518,0.869068E-01
4.27185,253.554,-0.839678E-01
4.27246,253.590,-0.300212
4.27307,253.627,-0.285354E-01
4.27368,253.663,0.233158E-01
4.27429,253.699,0.273003
4.27490,253.735,-0.580140E-01
4.27551,253.771,0.181403
4.27612,253.808,0.247181
4.27673,253.844,0.778893
4.27734,253.880,0.506549E-02
4.27795,253.916,0.329187
4.27856,253.953,-0.538031E-01
4.27917,253.989,-0.114634E-01
4.27979,254.025,-0.145439
4.28040,254.061,0.234956
4.28101,254.097,-0.529360E-01
4.28162,254.134,-0.757517E-01
4.28223,254.170,-0.205498E-01
4.28284,254.206,-0.336095
4.28345,254.242,-0.260662
4.28406,254.279,0.275007E-01
4.28467,254.315,-0.251263
4.28528,254.351,-0.156184
4.28589,254.387,-0.305728
4.28650,254.424,0.341289
4.28711,254.460,-0.497066E-01
4.28772,254.496,-0.348004E-01
4.28833,254.532,-0.202836E-01
4.28894,254.568,0.166967
4.28955,254.605,0.413812
4.29016,254.641,0.276329E-01
4.29077,254.677,0.402862
4.29138,254.713,-0.231639
4.29199,254.750,0.134245E-01
4.29260,254.786,-0.154056
4.29321,254.822,0.119167
4.29382,254.858,-0.156835
4.29443,254.894,0.345455
4.29504,254.931,-0.144179
4.29565,254.967,0.274634
4.29626,255.003,0.166710E-01
4.29688,255.039,-0.107511
4.29749,255.076,-0.382932
4.29810,255.112,0.999937E-02
4.29871,255.148,-0.513814E-01
4.29932,255.184,-0.726211E-01
4.29993,255.221,0.143859E-02
4.30054,255.257,0.616212E-01
4.30115,255.293,0.147117
4.30176,255.329,0.366010
4.30237,255.365,0.425678
4.30298,255.402,-0.578457
4.30359,255.438,0.288022E-01
4.30420,255.474,-0.636033E-01
4.30481,255.510,0.103750E-01
4.30542,255.547,0.119626
4.30603,255.583,-0.112408E-01
4.30664,255.619,-0.123804
4.30725,255.655,-0.303013
4.30786,255.691,0.312328E-01
4.30847,255.728,-0.273564E-01
4.30908,255.764,1.11201
4.30969,255.800,-0.531080E-01
4.31030,255.836,0.670582E-01
4.31091,255.873,-0.299590
4.31152,255.909,-0.154252E-01
4.31213,255.945,-0.331163E-01
4.31274,255.981,-0.196571
4.31335,256.018,0.233169
4.31396,256.054,0.211437
4.31458,256.090,0.131851E-01
4.31519,256.126,0.690501E-02
4.31580,256.162,-0.232211
4.31641,256.199,0.367436E-01
4.31702,256.235,-0.149184
4.31763,256.271,-0.821189E-01
4.31824,256.307,-0.965101E-02
4.31885,256.344,-0.244636
4.31946,256.380,0.145000
4.32007,256.416,0.500036E-01
4.32068,256.452,0.150792
4.32129,256.488,-0.521476
4.32190,256.525,-0.651217E-01
4.32251,256.561,0.111446
4.32312,256.597,-0.532324E-01
4.32373,256.633,-0.136271
4.32434,256.670,-0.139054
4.32495,256.706,-0.670101E-01
4.32556,256.742,-0.322948E-01
4.32617,256.778,0.185563
4.32678,256.815,-0.147003
4.32739,256.851,0.311626
4.32800,256.887,-0.136794
4.32861,256.923,0.271573
4.32922,256.959,0.621445
4.32983,256.996,0.347746
4.33044,257.032,0.525758
4.33105,257.068,-0.103631
4.33167,257.104,0.110750
4.33228,257.141,0.327914
4.33289,257.177,0.293043
4.33350,257.213,-0.525089
4.33411,257.249,-0.565897E-02
4.33472,257.285,-0.424209
4.33533,257.322,-0.460443E-02
4.33594,257.358,0.513419
4.33655,257.394,-0.447139E-01
4.33716,257.430,0.663722
4.33777,257.467,0.723148
4.33838,257.503,0.313333E-01
4.33899,257.539,0.159234E-01
4.33960,257.575,-0.278700
4.34021,257.612,-0.210476
4.34082,257.648,-0.174070
4.34143,257.684,0.343697
4.34204,257.720,-0.231865
4.34265,257.756,-0.122501
4.34326,257.793,0.372558E-01
4.34387,257.829,0.400425E-01
4.34448,257.865,0.134257
4.34509,257.901,0.276534
4.34570,257.938,0.198599
4.34631,257.974,0.837171E-01
4.34692,258.010,0.626565
4.34753,258.046,0.174535E-01
4.34814,258.082,-0.270452
4.34875,258.119,-0.452375E-01
4.34937,258.155,-0.179309
4.34998,258.191,-0.792337E-01
4.35059,258.227,0.133783
4.35120,258.264,-0.434359
4.35181,258.300,-0.137498E-01
4.35242,258.336,-0.128740
4.35303,258.372,-0.382248
4.35364,258.409,-0.243988
4.35425,258.445,-0.619873E-01
4.35486,258.481,0.727796E-01
4.35547,258.517,0.109715
4.35608,258.553,0.373658
4.35669,258.590,0.469512
4.35730,258.626,0.624833E-01
4.35791,258.662,-0.418049
4.35852,258.698,0.437633E-01
4.35913,258.735,-0.411565
4.35974,258.771,0.124388
4.36035,258.807,-0.181466
4.36096,258.843,0.815024
4.36157,258.879,0.135451
4.36218,258.916,0.720591E-01
4.36279,258.952,-0.697564E-01
4.36340,258.988,-0.670975E-01
4.36401,259.024,-0.457350E-01
4.36462,259.061,0.984698E-02
4.36523,259.097,0.362923
4.36584,259.133,-0.276213E-01
4.36646,259.169,-0.139770
4.36707,259.206,-0.365397E-01
4.36768,259.242,0.159619
4.36829,259.278,0.592040E-01
4.36890,259.314,0.457085
4.36951,259.350,0.148797
4.37012,259.387,-0.138400E-01
4.37073,259.423,-0.933267E-01
4.37134,259.459,0.298657
4.37195,259.495,0.201910
4.37256,259.532,-0.127319
4.37317,259.568,0.851139E-01
4.37378,259.604,-0.405489
4.37439,259.640,-0.406056E-01
4.37500,259.676,-0.852468E-01
4.37561,259.713,-0.102396
4.37622,259.749,-0.241691
4.37683,259.785,0.599376E-01
4.37744,259.821,-0.191657
4.37805,259.858,0.255986
4.37866,259.894,-0.139783
4.37927,259.930,0.301576E-01
4.37988,259.966,0.111947
4.38049,260.002,-0.209554
4.38110,260.039,0.480405
4.38171,260.075,0.760861E-01
4.38232,260.111,-0.602911E-01
4.38293,260.147,-0.294893
4.38354,260.184,0.274543
4.38416,260.220,0.970666
4.38477,260.256,-0.171294
4.38538,260.292,-0.242653
4.38599,260.329,0.139490
4.38660,260.365,0.286089
4.38721,260.401,-0.303582
4.38782,260.437,-0.106489
4.38843,260.473,-0.494488
4.38904,260.510,-0.211518
4.38965,260.546,-0.405759
4.39026,260.582,-0.528246E-01
4.39087,260.618,0.116658
4.39148,260.655,0.203356
4.39209,260.691,-0.465267E-01
4.39270,260.727,-0.335746
4.39331,260.763,0.176770
4.39392,260.799,0.447439
4.39453,260.836,0.191288
4.39514,260.872,-0.411061E-01
4.39575,260.908,0.176073
4.39636,260.944,-0.161669E-01
4.39697,260.981,0.177459E-01
4.39758,261.017,-0.611333E-01
4.39819,261.053,-0.473516E-01
4.39880,261.089,-0.376922
4.39941,261.126,-0.157086
4.40002,261.162,0.102675
4.40063,261.198,-0.196392
4.40125,261.234,-0.166187
4.40186,261.270,-0.470858
4.40247,261.307,-0.119357
4.40308,261.343,0.366387
4.40369,261.379,0.761825E-01
4.40430,261.415,0.224136
4.40491,261.452,-0.142599
4.40552,261.488,0.151975
4.40613,261.524,0.513025E-01
4.40674,261.560,0.121798
4.40735,261.596,-0.697496
4.40796,261.633,-0.282729E-02
4.40857,261.669,0.286007E-01
4.40918,261.705,-0.298056E-01
4.40979,261.741,0.342915
4.41040,261.778,0.339063
4.41101,261.814,0.914435E-01
4.41162,261.850,0.168257E-01
4.41223,261.886,0.229283E-01
4.41284,261.923,0.193075
4.41345,261.959,-0.180526
4.41406,261.995,-0.352358E-01
4.41467,262.031,0.197231
4.41528,262.067,-0.363436E-02
4.41589,262.104,-0.409197
4.41650,262.140,-0.342209
4.41711,262.176,0.501237E-01
4.41772,262.212,-0.124661
4.41833,262.249,0.852229E-01
4.41895,262.285,-0.317785E-01
4.41956,262.321,-0.134955
4.42017,262.357,-0.480322E-01
4.42078,262.393,-0.155391
4.42139,262.430,-0.126705
4.42200,262.466,0.990839E-01
4.42261,262.502,-0.924556E-02
4.42322,262.538,-0.135652E-01
4.42383,262.575,-0.726782E-01
4.42444,262.611,0.105344E-01
4.42505,262.647,-0.346835E-02
4.42566,262.683,-0.186550
4.42627,262.720,-0.798364E-01
4.42688,262.756,0.226079
4.42749,262.792,-0.568274
4.42810,262.828,0.170504
4.42871,262.864,0.827170E-01
4.42932,262.901,0.239734
4.42993,262.937,-0.107902
4.43054,262.973,-0.205975
4.43115,263.009,0.119852
4.43176,263.046,-0.278306E-01
4.43237,263.082,0.310279E-01
4.43298,263.118,-0.161700
4.43359,263.154,-0.367543E-02
4.43420,263.190,0.312279E-01
4.43481,263.227,0.335293
4.43542,263.263,0.964823E-01
4.43604,263.299,0.969113E-01
4.43665,263.335,-0.318212
4.43726,263.372,-0.284143
4.43787,263.408,-0.953973E-01
4.43848,263.444,-0.742904E-01
4.43909,263.480,-0.379478
4.43970,263.517,-0.264671
4.44031,263.553,-0.362380
4.44092,263.589,0.168047E-01
4.44153,263.625,0.539849
4.44214,263.661,-0.657216E-01
4.44275,263.698,0.472747E-01
4.44336,263.734,-0.884519
4.44397,263.770,-0.130222
4.44458,263.806,0.995198E-01
4.44519,263.843,-0.149351
4.44580,263.879,-0.410314E-01
4.44641,263.915,-0.727891E-01
4.44702,263.951,0.155117
4.44763,263.987,-0.219254
4.44824,264.024,0.815451E-01
4.44885,264.060,-0.320066
4.44946,264.096,0.753282E-02
4.45007,264.132,-0.182695E-01
4.45068,264.169,-0.376396
4.45129,264.205,-0.657528E-02
4.45190,264.241,-0.240334E-01
4.45251,264.277,0.480121
4.45312,264.314,0.653767
4.45374,264.350,0.900894E-01
4.45435,264.386,-0.732037
4.45496,264.422,0.552823
4.45557,264.458,0.119818
4.45618,264.495,-0.224324
4.45679,264.531,-0.250362
4.45740,264.567,0.350874
4.45801,264.603,0.145244
4.45862,264.640,0.824081E-02
4.45923,264.676,-0.165227
4.45984,264.712,0.472232E-01
4.46045,264.748,0.569448E-01
4.46106,264.784,0.780821
4.46167,264.821,0.353470
4.46228,264.857,0.901650
4.46289,264.893,-0.160245E-01
4.46350,264.929,-0.314808
4.46411,264.966,-0.129671
4.46472,265.002,0.482668E-01
4.46533,265.038,0.170315
4.46594,265.074,-0.718897E-01
4.46655,265.111,-0.437357
4.46716,265.147,0.686393
4.46777,265.183,-0.197005
4.46838,265.219,-0.238478
4.46899,265.255,-0.433955E-03
4.46960,265.292,0.929813E-01
4.47021,265.328,0.132335E-01
4.47083,265.364,-0.179602
4.47144,265.400,0.371044
4.47205,265.437,0.712702E-02
4.47266,265.473,-0.934196E-01
4.47327,265.509,0.311330
4.47388,265.545,-0.116934
4.47449,265.581,0.125787
4.47510,265.618,-0.249221
4.47571,265.654,-0.253480E-02
4.47632,265.690,-0.201539
4.47693,265.726,0.598494
4.47754,265.763,-0.151219
4.47815,265.799,0.941028E-02
4.47876,265.835,0.149765
4.47937,265.871,-0.492809E-01
4.47998,265.908,0.679829E-01
4.48059,265.944,0.180375
4.48120,265.980,0.277500
4.48181,266.016,-0.105257
4.48242,266.052,-0.257671
4.48303,266.089,0.189772
4.48364,266.125,0.526379E-01
4.48425,266.161,0.268955
4.48486,266.197,-0.613074
4.48547,266.234,0.589196
4.48608,266.270,-0.293884
4.48669,266.306,-0.979102
4.48730,266.342,-0.553908
4.48792,266.378,0.474083E-01
4.48853,266.415,-0.700208E-01
4.48914,266.451,-0.321303
4.48975,266.487,0.235500
4.49036,266.523,-0.184907
4.49097,266.560,0.167815
4.49158,266.596,-0.271890
4.49219,266.632,-0.627116
4.49280,266.668,0.498789E-01
4.49341,266.705,0.175417
4.49402,266.741,-0.266744
4.49463,266.777,0.366264E-01
4.49524,266.813,-0.131351
4.49585,266.849,-0.116968
4.49646,266.886,0.269100E-01
4.49707,266.922,-0.540137E-02
4.49768,266.958,-0.153109
4.49829,266.994,0.249451
4.49890,267.031,0.179017
4.49951,267.067,-0.247067
4.50012,267.103,-0.460941
4.50073,267.139,0.191389
4.50134,267.175,-0.688677E-01
4.50195,267.212,-0.223672
4.50256,267.248,-0.567645
4.50317,267.284,0.276190
4.50378,267.320,0.649242
4.50439,267.357,-0.445972E-01
4.50500,267.393,-0.342847E-01
4.50562,267.429,0.622704E-01
4.50623,267.465,-0.698796
4.50684,267.502,0.278817E-01
4.50745,267.538,0.361047E-01
4.50806,267.574,0.514222
4.50867,267.610,0.122146E-01
4.50928,267.646,0.188569
4.50989,267.683,0.357255E-02
4.51050,267.719,0.328500
4.51111,267.755,0.204729
4.51172,267.791,-0.525170E-02
4.51233,267.828,0.322955E-01
4.51294,267.864,0.109877
4.51355,267.900,0.845468E-01
4.51416,267.936,-0.626657E-03
4.51477,267.972,-0.123108
4.51538,268.009,-0.306834E-02
4.51599,268.045,-0.107636
4.51660,268.081,-0.975132E-01
4.51721,268.117,0.999331E-01
4.51782,268.154,0.321644
4.51843,268.190,-0.317396E-01
4.51904,268.226,-0.207265
4.51965,268.262,0.766051E-01
4.52026,268.299,0.710898E-01
4.52087,268.335,-0.175880
4.52148,268.371,-0.666719E-01
4.52209,268.407,-0.670934E-01
4.52271,268.443,-0.128295
4.52332,268.480,-0.769257E-01
4.52393,268.516,-0.169008
4.52454,268.552,0.175883
4.52515,268.588,0.560649
4.52576,268.625,-0.135896
4.52637,268.661,-0.276542
4.52698,268.697,-0.211377
4.52759,268.733,0.154698
4.52820,268.769,0.128179
4.52881,268.806,-0.611325E-01
4.52942,268.842,0.223521
4.53003,268.878,-0.650251E-01
4.53064,268.914,-0.602878E-01
4.53125,268.951,0.705429E-01
4.53186,268.987,0.126986E-01
4.53247,269.023,0.399192E-01
4.53308,269.059,0.631508E-01
4.53369,269.096,0.429634E-01
4.53430,269.132,0.235236
4.53491,269.168,0.467609
4.53552,269.204,0.356427
4.53613,269.240,-0.841910E-01
4.53674,269.277,-0.168385
4.53735,269.313,-0.147488
4.53796,269.349,-0.255640
4.53857,269.385,-0.516464E-01
4.53918,269.422,-0.315516
4.53979,269.458,0.895452E-01
4.54041,269.494,0.176453E-01
4.54102,269.530,-0.737913E-01
4.54163,269.566,-0.628016E-01
4.54224,269.603,-0.353423E-01
4.54285,269.639,0.253077
4.54346,269.675,-0.459968
4.54407,269.711,-0.496884
4.54468,269.748,0.345617E-02
4.54529,269.784,0.766549
4.54590,269.820,-0.274427
4.54651,269.856,0.216131
4.54712,269.893,0.171791
4.54773,269.929,-0.874643E-01
4.54834,269.965,0.350662E-01
4.54895,270.001,-0.316492
4.54956,270.037,-0.897447E-01
4.55017,270.074,0.478239
4.55078,270.110,-0.872776E-02
4.55139,270.146,-0.255924E-01
4.55200,270.182,-0.415083E-01
4.55261,270.219,0.608203E-02
4.55322,270.255,0.243504
4.55383,270.291,0.137531E-02
4.55444,270.327,-0.693604
4.55505,270.363,-0.681318E-01
4.55566,270.400,0.311761
4.55627,270.436,-0.476033E-01
4.55688,270.472,0.298309E-01
4.55750,270.508,-0.113004
4.55811,270.545,0.305501
4.55872,270.581,-0.441847E-01
4.55933,270.617,-0.325011
4.55994,270.653,-0.477060E-01
4.56055,270.690,-0.305916
4.56116,270.726,-0.322228E-01
4.56177,270.762,0.110225
4.56238,270.798,0.780711
4.56299,270.834,-0.143332
4.56360,270.871,-0.605406E-01
4.56421,270.907,-0.662932
4.56482,270.943,-0.139391
4.56543,270.979,-0.354115E-01
4.56604,271.016,0.538528
4.56665,271.052,0.550407E-01
4.56726,271.088,0.159876
4.56787,271.124,0.394181
4.56848,271.160,-0.426928E-01
4.56909,271.197,-0.240088
4.56970,271.233,0.383553E-01
4.57031,271.269,-0.243366
4.57092,271.305,0.103107
4.57153,271.342,-0.199611
4.57214,271.378,0.141140
4.57275,271.414,-0.507398
4.57336,271.450,0.920431E-02
4.57397,271.487,0.107596
4.57458,271.523,0.352319
4.57520,271.559,0.212543
4.57581,271.595,0.524445E-02
4.57642,271.631,0.141484
4.57703,271.668,0.267675
4.57764,271.704,-0.218867
4.57825,271.740,0.636737
4.57886,271.776,0.170199E-01
4.57947,271.813,-0.254163
4.58008,271.849,0.592945E-01
4.58069,271.885,-0.350546E-01
4.58130,271.921,0.653067E-01
4.58191,271.957,0.689160E-01
4.58252,271.994,0.482904E-01
4.58313,272.030,0.513303
4.58374,272.066,-0.306984
4.58435,272.102,0.197019
4.58496,272.139,0.820543E-01
4.58557,272.175,0.129763
4.58618,272.211,-0.246041E-01
4.58679,272.247,0.557934
4.58740,272.284,-0.417756
4.58801,272.320,0.665552E-02
4.58862,272.356,-0.504136E-01
4.58923,272.392,0.328565
4.58984,272.428,-0.109659
4.59045,272.465,0.104754E-02
4.59106,272.501,0.627151E-01
4.59167,272.537,0.705470E-02
4.59229,272.573,-0.783766E-01
4.59290,272.610,0.755337E-01
4.59351,272.646,-0.234957
4.59412,272.682,0.385370E-01
4.59473,272.718,0.936917E-02
4.59534,272.754,0.290026
4.59595,272.791,-0.372574
4.59656,272.827,-0.302279
4.59717,272.863,0.163978E-01
4.59778,272.899,0.138444E-01
4.59839,272.936,-0.141011E-01
4.59900,272.972,0.705041
4.59961,273.008,-0.326592
4.60022,273.044,0.270674
4.60083,273.081,-0.502755
4.60144,273.117,0.996692E-01
4.60205,273.153,-0.159989
4.60266,273.189,-0.560447
4.60327,273.225,-0.645048E-01
4.60388,273.262,0.289234
4.60449,273.298,0.222937
4.60510,273.334,0.475364
4.60571,273.370,0.120052
4.60632,273.407,-0.360384
4.60693,273.443,0.192457
4.60754,273.479,-0.244565
4.60815,273.515,-0.558588E-01
4.60876,273.551,-0.189285
4.60938,273.588,0.175047
4.60999,273.624,0.138912
4.61060,273.660,-0.480760
4.61121,273.696,0.147497
4.61182,273.733,0.751852E-01
4.61243,273.769,0.688383E-01
4.61304,273.805,0.979671E-01
4.61365,273.841,0.666663
4.61426,273.878,0.321673E-01
4.61487,273.914,-0.863965E-01
4.61548,273.950,-0.229207
4.61609,273.986,0.491606
4.61670,274.022,-0.215725E-01
4.61731,274.059,-0.432568
4.61792,274.095,0.112281
4.61853,274.131,-0.421183E-01
4.61914,274.167,-0.172173
4.61975,274.204,0.388279E-01
4.62036,274.240,-0.128370
4.62097,274.276,0.773269E-01
4.62158,274.312,-0.182258
4.62219,274.348,-0.459348E-01
4.62280,274.385,0.219333
4.62341,274.421,0.261773
4.62402,274.457,-0.199552
4.62463,274.493,0.130823
4.62524,274.530,0.232547
4.62585,274.566,-0.272467E-01
4.62646,274.602,-0.170939
4.62708,274.638,0.311373E-01
4.62769,274.675,-0.237089E-01
4.62830,274.711,0.175030E-01
4.62891,274.747,-0.439066
4.62952,274.783,0.495142E-01
4.63013,274.819,0.943259E-01
4.63074,274.856,-0.928506E-01
4.63135,274.892,0.533432
4.63196,274.928,-0.941682E-01
4.63257,274.964,0.104557
4.63318,275.001,0.163851
4.63379,275.037,-0.325438E-01
4.63440,275.073,0.890987
4.63501,275.109,0.864069E-01
4.63562,275.145,0.171371
4.63623,275.182,-0.370921
4.63684,275.218,0.876983E-01
4.63745,275.254,-0.527376E-01
4.63806,275.290,-0.140323
4.63867,275.327,0.749109E-01
4.63928,275.363,0.399652
4.63989,275.399,0.198411
4.64050,275.435,-0.318823
4.64111,275.472,-0.811714E-01
4.64172,275.508,-0.814177E-02
4.64233,275.544,-0.147883
4.64294,275.580,-0.402474
4.64355,275.616,0.110384
4.64417,275.653,-0.231946
4.64478,275.689,0.604300E-01
4.64539,275.725,-0.271858
4.64600,275.761,-0.267082E-01
4.64661,275.798,0.481798
4.64722,275.834,0.643470
4.64783,275.870,0.448776E-01
4.64844,275.906,0.605354E-01
4.64905,275.942,0.567251E-02
4.64966,275.979,0.839625
4.65027,276.015,0.221750
4.65088,276.051,-0.506445E-01
4.65149,276.087,0.188328E-01
4.65210,276.124,-0.459768E-02
4.65271,276.160,-0.161729
4.65332,276.196,0.544134E-01
4.65393,276.232,0.247477
4.65454,276.269,0.236346
4.65515,276.305,-0.418030
4.65576,276.341,-0.268582
4.65637,276.377,-0.476158
4.65698,276.413,0.756092E-01
4.65759,276.450,0.492781
4.65820,276.486,0.594750
4.65881,276.522,-0.211793
4.65942,276.558,0.326843
4.66003,276.595,-0.926341E-01
4.66064,276.631,0.568997E-02
4.66125,276.667,0.651083
4.66187,276.703,0.483756E-01
4.66248,276.739,-0.153987
4.66309,276.776,-0.179985E-01
4.66370,276.812,0.173487
4.66431,276.848,-0.159869
4.66492,276.884,0.118723E-01
4.66553,276.921,0.658582E-01
4.66614,276.957,-0.118361
4.66675,276.993,-0.848865
4.66736,277.029,-0.207367
4.66797,277.066,0.235560E-01
4.66858,277.102,0.208780
4.66919,277.138,0.147153E-01
4.66980,277.174,-0.523428
4.67041,277.210,-0.214097
4.67102,277.247,0.771915E-01
4.67163,277.283,-0.541961E-01
4.67224,277.319,-0.643562
4.67285,277.355,-0.336063
4.67346,277.392,-0.302396
4.67407,277.428,-0.952163E-01
4.67468,277.464,-0.266085
4.67529,277.500,-0.188265
4.67590,277.536,0.557605E-01
4.67651,277.573,-0.161848
4.67712,277.609,0.624230E-01
4.67773,277.645,0.508921E-02
4.67834,277.681,0.669351E-01
4.67896,277.718,0.308203E-01
4.67957,277.754,0.577214
4.68018,277.790,-0.453506E-01
4.68079,277.826,-0.483853E-01
4.68140,277.863,0.336895
4.68201,277.899,0.287872
4.68262,277.935,0.284028
4.68323,277.971,0.336796
4.68384,278.007,0.605571E-01
4.68445,278.044,-1.03565
4.68506,278.080,0.317427
4.68567,278.116,-0.353154E-01
4.68628,278.152,0.302482
4.68689,278.189,-0.263319
4.68750,278.225,0.684009E-01
4.68811,278.261,0.128426
4.68872,278.297,0.307176
4.68933,278.333,0.171596
4.68994,278.370,0.535220
4.69055,278.406,-0.230387
4.69116,278.442,0.136495E-01
4.69177,278.478,-0.158318E-01
4.69238,278.515,-0.312793
4.69299,278.551,0.139100
4.69360,278.587,-0.139308
4.69421,278.623,0.156517E-01
4.69482,278.659,0.596944
4.69543,278.696,-0.165401
4.69604,278.732,0.530004
4.69666,278.768,0.326639E-01
4.69727,278.804,0.270906E-01
4.69788,278.841,0.391005
4.69849,278.877,0.797823E-01
4.69910,278.913,-0.264857
4.69971,278.949,-0.187803E-01
4.70032,278.986,0.692180E-01
4.70093,279.022,-0.513611E-01
4.70154,279.058,-0.381075E-01
4.70215,279.094,0.346819E-01
4.70276,279.130,0.242836
4.70337,279.167,0.394059E-01
4.70398,279.203,0.589227
4.70459,279.239,0.398669
4.70520,279.275,0.764514E-01
4.70581,279.312,0.135882
4.70642,279.348,-0.202820
4.70703,279.384,-0.763756
4.70764,279.420,0.208026E-01
4.70825,279.456,0.442156
4.70886,279.493,-0.193926
4.70947,279.529,0.588662E-01
4.71008,279.565,0.252190E-01
4.71069,279.601,0.409689
4.71130,279.638,-0.282632
4.71191,279.674,0.321043
4.71252,279.710,0.161243
4.71313,279.746,-0.159318E-01
4.71375,279.783,-0.276509E-01
4.71436,279.819,0.104118
4.71497,279.855,-0.725328E-01
4.71558,279.891,0.452243E-01
4.71619,279.927,-0.183860
4.71680,279.964,0.138559E-03
4.71741,280.000,0.477718
4.71802,280.036,-0.867678E-01
4.71863,280.072,-0.695552E-01
4.71924,280.109,-0.473699E-01
4.71985,280.145,0.117359E-02
4.72046,280.181,-0.189060
4.72107,280.217,-0.616990E-01
4.72168,280.253,-0.915924E-01
4.72229,280.290,-0.794640E-01
4.72290,280.326,0.139562
4.72351,280.362,0.342232
4.72412,280.398,-0.946735E-01
4.72473,280.435,0.153014
4.72534,280.471,0.109809E-01
4.72595,280.507,0.866400
4.72656,280.543,-0.576218
4.72717,280.580,0.250883E-02
4.72778,280.616,0.994486E-01
4.72839,280.652,-0.239772
4.72900,280.688,-0.299600E-01
4.72961,280.724,-0.828620E-02
4.73022,280.761,0.229463
4.73083,280.797,0.311410
4.73145,280.833,0.115204
4.73206,280.869,-0.447433
4.73267,280.906,-0.154672
4.73328,280.942,-0.907084E-01
4.73389,280.978,0.148109
4.73450,281.014,0.371010
4.73511,281.050,0.765695E-01
4.73572,281.087,-0.178096
4.73633,281.123,0.724693E-01
4.73694,281.159,0.522616
4.73755,281.195,0.246468E-01
4.73816,281.232,0.215521E-01
4.73877,281.268,0.670529E-01
4.73938,281.304,0.244904
4.73999,281.340,0.527666E-01
4.74060,281.377,-0.549499
4.74121,281.413,0.335235E-01
4.74182,281.449,0.208095E-01
4.74243,281.485,0.214543
4.74304,281.521,-0.261088E-01
4.74365,281.558,1.11089
4.74426,281.594,-0.260865
4.74487,281.630,-0.307797
4.74548,281.666,-0.495404
4.74609,281.703,0.692476E-01
4.74670,281.739,-0.680175E-01
4.74731,281.775,-0.444267E-01
4.74792,281.811,-0.906633E-01
4.74854,281.847,0.275047
4.74915,281.884,0.145699
4.74976,281.920,-0.993053E-01
4.75037,281.956,-0.458608E-01
4.75098,281.992,1.00539
4.75159,282.029,-0.658845E-02
4.75220,282.065,0.879051E-01
4.75281,282.101,-0.292773E-01
4.75342,282.137,0.522900
4.75403,282.174,-0.232499
4.75464,282.210,-0.238676E-01
4.75525,282.246,-0.412720E-01
4.75586,282.282,0.220352E-02
4.75647,282.318,-0.198309
4.75708,282.355,0.368208
4.75769,282.391,0.168720
4.75830,282.427,0.911820
4.75891,282.463,0.616398E-01
4.75952,282.500,0.311873
4.76013,282.536,-0.453238
4.76074,282.572,0.948213E-01
4.76135,282.608,-0.149260
4.76196,282.644,0.127273E-01
4.76257,282.681,0.857947E-01
4.76318,282.717,-0.198015
4.76379,282.753,-0.756291E-01
4.76440,282.789,0.276748
4.76501,282.826,-0.152870
4.76562,282.862,0.707244E-01
4.76624,282.898,-0.988528E-02
4.76685,282.934,0.232067E-01
4.76746,282.971,0.477683
4.76807,283.007,0.128299
4.76868,283.043,0.172074E-01
4.76929,283.079,1.36667
4.76990,283.115,-0.106946
4.77051,283.152,0.681431
4.77112,283.188,0.122874
4.77173,283.224,-0.190862E-01
4.77234,283.260,0.888060E-01
4.77295,283.297,-0.835357E-02
4.77356,283.333,-0.726079
4.77417,283.369,0.272707
4.77478,283.405,-0.594433
4.77539,283.441,-0.417041E-03
4.77600,283.478,0.192214
4.77661,283.514,-0.165963
4.77722,283.550,0.240695
4.77783,283.586,-0.486239E-01
4.77844,283.623,-0.403798
4.77905,283.659,0.702013
4.77966,283.695,-0.717306E-01
4.78027,283.731,-0.669458E-01
4.78088,283.768,-0.209792
4.78149,283.804,-0.255572
4.78210,283.840,0.517380E-01
4.78271,283.876,0.114988
4.78333,283.912,-0.457850E-01
4.78394,283.949,-0.916654E-01
4.78455,283.985,0.372381
4.78516,284.021,0.200086
4.78577,284.057,0.190842
4.78638,284.094,0.466970E-01
4.78699,284.130,-0.694665E-01
4.78760,284.166,-0.638313E-01
4.78821,284.202,-0.270051
4.78882,284.238,-0.216932
4.78943,284.275,0.411846
4.79004,284.311,-0.762420E-01
4.79065,284.347,0.613760
4.79126,284.383,-0.597593E-01
4.79187,284.420,-0.205202E-01
4.79248,284.456,-0.671940E-01
4.79309,284.492,0.132356
4.79370,284.528,0.796291E-02
4.79431,284.565,0.288881
4.79492,284.601,0.448548E-02
4.79553,284.637,-0.268373
4.79614,284.673,0.873554E-01
4.79675,284.709,0.470455E-01
4.79736,284.746,0.901299E-01
4.79797,284.782,-0.499473
4.79858,284.818,0.202574
4.79919,284.854,0.714255E-01
4.79980,284.891,0.684037E-01
4.80042,284.927,-0.165579
4.80103,284.963,0.256230
4.80164,284.999,0.628896E-01
4.80225,285.035,0.168102
4.80286,285.072,0.207148
4.80347,285.108,-0.850860E-01
4.80408,285.144,-0.578871E-01
4.80469,285.180,-0.201651
4.80530,285.217,-0.917326
4.80591,285.253,0.140161
4.80652,285.289,0.334715
4.80713,285.325,0.551917
4.80774,285.362,-0.190033
4.80835,285.398,-0.127930
4.80896,285.434,-0.557844
4.80957,285.470,-0.592259E-01
4.81018,285.506,-0.807253E-01
4.81079,285.543,0.222474
4.81140,285.579,0.117394E-01
4.81201,285.615,-0.298208
4.81262,285.651,-0.860146E-01
4.81323,285.688,-0.353154
4.81384,285.724,-0.724341
4.81445,285.760,-0.531269
4.81506,285.796,0.135598
4.81567,285.832,0.148873
4.81628,285.869,0.686598E-01
4.81689,285.905,-0.116116
4.81750,285.941,-0.416871
4.81812,285.977,0.580713
4.81873,286.014,-0.211901
4.81934,286.050,0.541156
4.81995,286.086,-0.191322
4.82056,286.122,0.805791E-02
4.82117,286.159,0.421094
4.82178,286.195,-0.979377E-01
4.82239,286.231,0.121221
4.82300,286.267,-0.260818
4.82361,286.303,0.315584
4.82422,286.340,-0.147079
4.82483,286.376,-0.127108
4.82544,286.412,0.188727
4.82605,286.448,-0.216626
4.82666,286.485,-0.734779E-01
4.82727,286.521,0.362850
4.82788,286.557,0.652492E-01
4.82849,286.593,-0.783318E-01
4.82910,286.629,0.192835
4.82971,286.666,0.186259E-01
4.83032,286.702,-0.100439
4.83093,286.738,0.206242
4.83154,286.774,-0.301687
4.83215,286.811,-0.250870
4.83276,286.847,-0.178426
4.83337,286.883,0.305171E-01
4.83398,286.919,0.379801E-01
4.83459,286.956,0.591816E-01
4.83521,286.992,-0.204991E-01
4.83582,287.028,0.486632
4.83643,287.064,-1.17884
4.83704,287.100,0.198405
4.83765,287.137,0.484175E-01
4.83826,287.173,-1.08697
4.83887,287.209,-0.345177
4.83948,287.245,0.409590E-03
4.84009,287.282,0.204655
4.84070,287.318,0.586380
4.84131,287.354,-0.407843E-01
4.84192,287.390,-0.152531E-01
4.84253,287.426,0.712247E-01
4.84314,287.463,0.545620
4.84375,287.499,0.884175E-01
4.84436,287.535,0.397420
4.84497,287.571,0.125493
4.84558,287.608,0.436783
4.84619,287.644,0.986575E-02
4.84680,287.680,0.109297E-01
4.84741,287.716,-0.585344
4.84802,287.753,-0.107070
4.84863,287.789,-0.125324
4.84924,287.825,0.137574
4.84985,287.861,-0.117450
4.85046,287.897,0.874310
4.85107,287.934,0.380812
4.85168,287.970,-0.341170E-01
4.85229,288.006,-0.993918E-02
4.85291,288.042,0.204628
4.85352,288.079,0.161603
4.85413,288.115,-0.449043E-03
4.85474,288.151,0.902687E-01
4.85535,288.187,-0.367508
4.85596,288.223,-0.443552E-01
4.85657,288.260,-0.216746
4.85718,288.296,0.466397
4.85779,288.332,0.778201E-01
4.85840,288.368,-0.187145
4.85901,288.405,-0.208474
4.85962,288.441,0.210425E-01
4.86023,288.477,-1.01492
4.86084,288.513,0.182222
4.86145,288.550,-0.645242E-01
4.86206,288.586,-0.182758
4.86267,288.622,0.330228
4.86328,288.658,0.468730E-01
4.86389,288.694,0.149854
4.86450,288.731,0.792138
4.86511,288.767,-0.189485
4.86572,288.803,-0.270422
4.86633,288.839,0.188913
4.86694,288.876,0.233809
4.86755,288.912,-0.170133
4.86816,288.948,-0.141884E-01
4.86877,288.984,-0.865865
4.86938,289.020,0.183004
4.87000,289.057,1.08960
4.87061,289.093,0.382362E-01
4.87122,289.129,-0.965987E-01
4.87183,289.165,-0.315500
4.87244,289.202,-0.262524E-01
4.87305,289.238,-0.830612E-01
4.87366,289.274,-0.226370
4.87427,289.310,0.136196
4.87488,289.347,-0.887056E-02
4.87549,289.383,-0.606387E-01
4.87610,289.419,1.75901
4.87671,289.455,-0.258198
4.87732,289.491,0.156526
4.87793,289.528,-0.726389E-01
4.87854,289.564,-1.02825
4.87915,289.600,-0.348038
4.87976,289.636,0.251841E-01
4.88037,289.673,-0.234072
4.88098,289.709,-0.950227E-01
4.88159,289.745,-0.309381
4.88220,289.781,0.166471
4.88281,289.817,-0.622376E-01
4.88342,289.854,0.172365
4.88403,289.890,-0.499497E-01
4.88464,289.926,0.293603
4.88525,289.962,0.102779
4.88586,289.999,0.577207
4.88647,290.035,0.263346
4.88708,290.071,0.202828E-01
4.88770,290.107,-0.882594E-03
4.88831,290.144,-0.165847
4.88892,290.180,-0.178121E-01
4.88953,290.216,-0.406201E-01
4.89014,290.252,0.519471E-01
4.89075,290.288,-0.324311E-01
4.89136,290.325,-0.132763
4.89197,290.361,0.322294
4.89258,290.397,0.172173
4.89319,290.433,0.320874
4.89380,290.470,0.309572E-01
4.89441,290.506,-0.222971E-01
4.89502,290.542,1.72594
4.89563,290.578,-0.337373
4.89624,290.614,0.134588
4.89685,290.651,-0.389588
4.89746,290.687,0.407144
4.89807,290.723,-0.403264
4.89868,290.759,0.303428
4.89929,290.796,0.495277
4.89990,290.832,0.582946E-02
4.90051,290.868,-0.820990E-01
4.90112,290.904,0.175011
4.90173,290.941,-0.445269
4.90234,290.977,-0.500603
4.90295,291.013,0.350233
4.90356,291.049,0.465493E-01
4.90417,291.085,-0.489012E-01
4.90479,291.122,0.339933
4.90540,291.158,-0.146264
4.90601,291.194,-0.451032E-01
4.90662,291.230,-2.09260
4.90723,291.267,0.411454E-01
4.90784,291.303,-0.189236
4.90845,291.339,-0.458698
4.90906,291.375,0.662959
4.90967,291.411,-0.123921
4.91028,291.448,-0.740394
4.91089,291.484,-1.09842
4.91150,291.520,0.318520
4.91211,291.556,-0.599022
4.91272,291.593,0.399500
4.91333,291.629,0.122937
4.91394,291.665,0.138549
4.91455,291.701,-0.482626E-02
4.91516,291.738,-0.191942
4.91577,291.774,-0.272136
4.91638,291.810,0.243922E-01
4.91699,291.846,-0.392460E-01
4.91760,291.882,0.146959
4.91821,291.919,0.122102
4.91882,291.955,-0.407547E-01
4.91943,291.991,-0.842647E-01
4.92004,292.027,-0.242665
4.92065,292.064,-0.623632
4.92126,292.100,-0.121564E-01
4.92188,292.136,-0.987925E-01
4.92249,292.172,0.135997
4.92310,292.208,0.372190
4.92371,292.245,-0.137462
4.92432,292.281,-0.368215
4.92493,292.317,0.496343E-01
4.92554,292.353,0.510555E-01
4.92615,292.390,-0.675591
4.92676,292.426,-0.117804E-01
4.92737,292.462,-0.497906
4.92798,292.498,-0.399783E-01
4.92859,292.535,0.525468E-01
4.92920,292.571,0.267306
4.92981,292.607,-0.565039
4.93042,292.643,0.119198
4.93103,292.679,-0.294829
4.93164,292.716,0.108768
4.93225,292.752,-0.245087
4.93286,292.788,0.130646E-01
4.93347,292.824,-0.379351
4.93408,292.861,-0.243236
4.93469,292.897,-0.400379E-01
4.93530,292.933,-0.280152
4.93591,292.969,0.158343
4.93652,293.005,-0.992631E-01
4.93713,293.042,0.576445
4.93774,293.078,-0.451640E-01
4.93835,293.114,-0.333017
4.93896,293.150,0.658443E-01
4.93958,293.187,0.104286
4.94019,293.223,-0.138418E-01
4.94080,293.259,-0.218473
4.94141,293.295,-0.305285
4.94202,293.332,0.275810
4.94263,293.368,0.104822
4.94324,293.404,0.511113
4.94385,293.440,-0.114076
4.94446,293.476,-0.224777
4.94507,293.513,-0.165145
4.94568,293.549,0.702055
4.94629,293.585,0.314688E-02
4.94690,293.621,-0.285864
4.94751,293.658,0.417247
4.94812,293.694,0.951472
4.94873,293.730,0.115948
4.94934,293.766,0.320806
4.94995,293.802,-0.952615E-01
4.95056,293.839,-0.175415
4.95117,293.875,0.506322
4.95178,293.911,0.398696
4.95239,293.947,0.310182
4.95300,293.984,0.803658
4.95361,294.020,-0.148457E-01
4.95422,294.056,0.156434
4.95483,294.092,0.668840E-01
4.95544,294.129,-0.298611
4.95605,294.165,-0.159722
4.95667,294.201,-0.724804E-01
4.95728,294.237,0.622981E-01
4.95789,294.273,-0.427223
4.95850,294.310,-0.653456
4.95911,294.346,-0.410073E-01
4.95972,294.382,0.143907
4.96033,294.418,-0.233930
4.96094,294.455,0.199866
4.96155,294.491,1.04050
4.96216,294.527,0.348825E-01
4.96277,294.563,0.544592
4.96338,294.599,-0.443691E-01
4.96399,294.636,0.824286E-02
4.96460,294.672,-0.274703
4.96521,294.708,0.185711E-02
4.96582,294.744,0.963757E-02
4.96643,294.781,0.185039
4.96704,294.817,0.267769
4.96765,294.853,-0.378490
4.96826,294.889,0.995535E-01
4.96887,294.926,-0.211255
4.96948,294.962,-0.288893
4.97009,294.998,0.327401
4.97070,295.034,-0.846074E-02
4.97131,295.070,-0.164491
4.97192,295.107,0.798076E-01
4.97253,295.143,-0.712372E-01
4.97314,295.179,1.35607
4.97375,295.215,0.307029
4.97437,295.252,0.310204
4.97498,295.288,0.266583E-01
4.97559,295.324,0.619288
4.97620,295.360,-0.718017
4.97681,295.396,-0.287074
4.97742,295.433,-0.178495E-01
4.97803,295.469,0.645757E-01
4.97864,295.505,-0.325700E-01
4.97925,295.541,-0.177468E-01
4.97986,295.578,-0.117768
4.98047,295.614,0.106040
4.98108,295.650,-0.690064E-01
4.98169,295.686,-0.558433E-01
4.98230,295.723,0.220684
4.98291,295.759,0.508492E-02
4.98352,295.795,0.181973
4.98413,295.831,0.697244E-01
4.98474,295.867,0.275399E-01
4.98535,295.904,0.494709
4.98596,295.940,-0.970034E-02
4.98657,295.976,0.404686E-01
4.98718,296.012,0.375257
4.98779,296.049,-0.241066
4.98840,296.085,-0.895040
4.98901,296.121,0.486219
4.98962,296.157,-0.653333
4.99023,296.193,0.166630
4.99084,296.230,0.307287
4.99146,296.266,0.247115
4.99207,296.302,0.643799E-01
4.99268,296.338,0.543704E-01
4.99329,296.375,0.202695
4.99390,296.411,-0.394900
4.99451,296.447,0.155825
4.99512,296.483,-0.146595E-01
4.99573,296.520,-0.139672
4.99634,296.556,-0.265896
4.99695,296.592,0.148863
4.99756,296.628,0.139000
4.99817,296.664,0.347408E-01
4.99878,296.701,-0.331014
4.99939,296.737,0.119853
5.00000,296.773,-0.558886
