Full_(co)spectra
----------------
natural_frequency_[Hz]_->_from_[1/_averaging_interval]_to_[acquisition_frequency_/_2]
normalized_frequency_[#]->_natural_frequency_*_measuring_height_/_wind_speed
y-axis_->_natural_frequency_*_(co)spectrum_/_(co)variance
acquisition_frequency_[Hz]_=_ 10.000
measuring_height_(z-d)_[m]_=_  3.990
wind_speed_[m+1s-1]_=_  0.180
averaging_interval_[min]_=_     30
tapering_window_=_SQUARED_(no_tapering_forced_by_EddyPro._Tapering_is_only_applied_for_binned_(co)spectra)
,,cov(w_ts)
,,3.2658625623483485E-003
natural_frequency,normalized_frequency,f_nat*cospec(w_ts)
0.610352E-03,0.135073E-01,0.275843
0.122070E-02,0.270146E-01,0.532992
0.183105E-02,0.405219E-01,0.181246
0.244141E-02,0.540293E-01,0.275259E-02
0.305176E-02,0.675366E-01,0.625905E-01
0.366211E-02,0.810439E-01,0.138543
0.427246E-02,0.945512E-01,0.469489E-01
0.488281E-02,0.108059,-0.479221E-01
0.549316E-02,0.121566,0.565976E-01
0.610352E-02,0.135073,0.765363E-01
0.671387E-02,0.148580,0.468200E-01
0.732422E-02,0.162088,0.308100
0.793457E-02,0.175595,0.315085
0.854492E-02,0.189102,0.173704
0.915527E-02,0.202610,0.702283E-02
0.976562E-02,0.216117,-0.130152E-01
0.103760E-01,0.229624,-0.422290E-01
0.109863E-01,0.243132,0.278196
0.115967E-01,0.256639,-0.206135E-02
0.122070E-01,0.270146,0.488937E-02
0.128174E-01,0.283654,-0.467498E-01
0.134277E-01,0.297161,0.414367E-01
0.140381E-01,0.310668,-0.930267E-01
0.146484E-01,0.324176,0.354041E-01
0.152588E-01,0.337683,0.162289
0.158691E-01,0.351190,0.386754
0.164795E-01,0.364697,0.785678E-01
0.170898E-01,0.378205,-0.136500E-01
0.177002E-01,0.391712,0.100532
0.183105E-01,0.405219,-0.118361
0.189209E-01,0.418727,0.968147E-01
0.195312E-01,0.432234,0.406153
0.201416E-01,0.445741,0.669476E-01
0.207520E-01,0.459249,0.931673E-01
0.213623E-01,0.472756,0.807409
0.219727E-01,0.486263,0.400703E-01
0.225830E-01,0.499771,0.189509E-02
0.231934E-01,0.513278,0.540338E-01
0.238037E-01,0.526785,0.999649E-01
0.244141E-01,0.540293,0.620503E-01
0.250244E-01,0.553800,0.184552E-01
0.256348E-01,0.567307,0.442886E-01
0.262451E-01,0.580814,-0.311149E-01
0.268555E-01,0.594322,0.693496E-01
0.274658E-01,0.607829,0.186136E-01
0.280762E-01,0.621336,-0.561072E-02
0.286865E-01,0.634844,0.477557E-01
0.292969E-01,0.648351,-0.345280E-02
0.299072E-01,0.661858,0.126506
0.305176E-01,0.675366,0.413593E-01
0.311279E-01,0.688873,-0.480066E-02
0.317383E-01,0.702380,0.996135E-01
0.323486E-01,0.715888,0.887131E-01
0.329590E-01,0.729395,0.423551E-01
0.335693E-01,0.742902,-0.130918E-01
0.341797E-01,0.756410,0.424789
0.347900E-01,0.769917,0.999700E-02
0.354004E-01,0.783424,0.181368
0.360107E-01,0.796932,0.167513
0.366211E-01,0.810439,-0.758663E-01
0.372314E-01,0.823946,0.349131
0.378418E-01,0.837453,0.557957
0.384521E-01,0.850961,0.125220
0.390625E-01,0.864468,-0.201727
0.396729E-01,0.877975,0.114588
0.402832E-01,0.891483,-0.639518E-02
0.408936E-01,0.904990,0.771500E-02
0.415039E-01,0.918497,-0.312495E-01
0.421143E-01,0.932005,0.542640E-02
0.427246E-01,0.945512,-0.239457E-01
0.433350E-01,0.959019,0.120341
0.439453E-01,0.972527,0.361467
0.445557E-01,0.986034,-0.631539E-01
0.451660E-01,0.999541,0.454117
0.457764E-01,1.01305,0.653314E-01
0.463867E-01,1.02656,0.174234
0.469971E-01,1.04006,0.260441
0.476074E-01,1.05357,0.473633E-01
0.482178E-01,1.06708,0.491724
0.488281E-01,1.08059,0.308042
0.494385E-01,1.09409,-0.573720E-01
0.500488E-01,1.10760,-0.322761E-01
0.506592E-01,1.12111,-0.293532
0.512695E-01,1.13461,0.571085
0.518799E-01,1.14812,0.502938
0.524902E-01,1.16163,0.257208
0.531006E-01,1.17514,0.161503
0.537109E-01,1.18864,-0.744161E-01
0.543213E-01,1.20215,0.500418E-01
0.549316E-01,1.21566,0.804904E-01
0.555420E-01,1.22917,0.101908
0.561523E-01,1.24267,-0.202681
0.567627E-01,1.25618,0.114413
0.573730E-01,1.26969,0.100151
0.579834E-01,1.28319,0.222475
0.585938E-01,1.29670,0.224514
0.592041E-01,1.31021,0.446682E-01
0.598145E-01,1.32372,0.721982E-01
0.604248E-01,1.33722,0.256260E-01
0.610352E-01,1.35073,0.440292
0.616455E-01,1.36424,0.190580
0.622559E-01,1.37775,0.569488E-01
0.628662E-01,1.39125,0.582629E-01
0.634766E-01,1.40476,0.190529
0.640869E-01,1.41827,0.321510
0.646973E-01,1.43178,0.626942E-01
0.653076E-01,1.44528,0.116386
0.659180E-01,1.45879,-0.130597
0.665283E-01,1.47230,-0.652159E-01
0.671387E-01,1.48580,0.302095
0.677490E-01,1.49931,0.147365E-01
0.683594E-01,1.51282,-0.703751E-01
0.689697E-01,1.52633,0.162587
0.695801E-01,1.53983,0.162816
0.701904E-01,1.55334,0.188277
0.708008E-01,1.56685,0.130447
0.714111E-01,1.58036,0.129384
0.720215E-01,1.59386,0.313244
0.726318E-01,1.60737,-0.300041E-01
0.732422E-01,1.62088,0.209342E-01
0.738525E-01,1.63438,0.383994E-01
0.744629E-01,1.64789,-0.208872
0.750732E-01,1.66140,-0.223720E-01
0.756836E-01,1.67491,0.814852E-01
0.762939E-01,1.68841,0.153263E-01
0.769043E-01,1.70192,0.173884
0.775146E-01,1.71543,0.509519E-02
0.781250E-01,1.72894,0.149024E-02
0.787354E-01,1.74244,0.213790
0.793457E-01,1.75595,0.176434
0.799561E-01,1.76946,0.127166
0.805664E-01,1.78297,0.126116
0.811768E-01,1.79647,0.319566E-01
0.817871E-01,1.80998,0.250642
0.823975E-01,1.82349,0.685031E-01
0.830078E-01,1.83699,0.849928E-01
0.836182E-01,1.85050,-0.167653E-01
0.842285E-01,1.86401,0.325015E-03
0.848389E-01,1.87752,0.233199
0.854492E-01,1.89102,0.600898E-01
0.860596E-01,1.90453,-0.330424E-01
0.866699E-01,1.91804,0.163823
0.872803E-01,1.93155,0.197883
0.878906E-01,1.94505,0.862525E-01
0.885010E-01,1.95856,-0.139947E-01
0.891113E-01,1.97207,0.188069
0.897217E-01,1.98558,-0.111646
0.903320E-01,1.99908,0.531256
0.909424E-01,2.01259,0.194494
0.915527E-01,2.02610,-0.849624E-01
0.921631E-01,2.03960,0.893822E-01
0.927734E-01,2.05311,-0.113627E-01
0.933838E-01,2.06662,-0.236003E-01
0.939941E-01,2.08013,-0.512065E-01
0.946045E-01,2.09363,-0.638266E-01
0.952148E-01,2.10714,0.670137E-01
0.958252E-01,2.12065,-0.148006
0.964355E-01,2.13416,0.718208E-01
0.970459E-01,2.14766,0.679864E-03
0.976562E-01,2.16117,0.400784
0.982666E-01,2.17468,-0.539020E-03
0.988770E-01,2.18818,0.755469E-01
0.994873E-01,2.20169,-0.240932
0.100098,2.21520,0.169636
0.100708,2.22871,0.870522E-01
0.101318,2.24221,0.144080
0.101929,2.25572,0.148417E-01
0.102539,2.26923,-0.829472E-01
0.103149,2.28274,-0.127556
0.103760,2.29624,0.190481E-01
0.104370,2.30975,0.210775
0.104980,2.32326,0.818256E-01
0.105591,2.33677,-0.112116
0.106201,2.35027,0.121891
0.106812,2.36378,0.165110E-01
0.107422,2.37729,-0.172866
0.108032,2.39079,0.892843E-01
0.108643,2.40430,0.123835
0.109253,2.41781,0.208866E-01
0.109863,2.43132,0.372931E-01
0.110474,2.44482,0.548770E-01
0.111084,2.45833,0.672171E-01
0.111694,2.47184,0.661656E-01
0.112305,2.48535,0.528666E-01
0.112915,2.49885,0.603811E-01
0.113525,2.51236,-0.710213E-01
0.114136,2.52587,-0.762517E-02
0.114746,2.53937,0.209497E-01
0.115356,2.55288,-0.407389E-01
0.115967,2.56639,0.281486
0.116577,2.57990,-0.376267E-01
0.117188,2.59340,0.329564E-01
0.117798,2.60691,0.179597E-01
0.118408,2.62042,-0.116658E-01
0.119019,2.63393,0.347808E-01
0.119629,2.64743,0.431159
0.120239,2.66094,-0.163066
0.120850,2.67445,0.904740E-01
0.121460,2.68796,-0.371050E-01
0.122070,2.70146,0.112044
0.122681,2.71497,-0.184040
0.123291,2.72848,0.375378E-01
0.123901,2.74198,0.149325
0.124512,2.75549,-0.528022E-01
0.125122,2.76900,0.955730E-01
0.125732,2.78251,0.274159E-01
0.126343,2.79601,0.603528E-01
0.126953,2.80952,0.158170E-02
0.127563,2.82303,-0.137160
0.128174,2.83654,-0.200930E-01
0.128784,2.85004,-0.429230E-01
0.129395,2.86355,0.322864E-01
0.130005,2.87706,0.225586
0.130615,2.89057,0.147371E-01
0.131226,2.90407,-0.427181E-01
0.131836,2.91758,-0.592758E-01
0.132446,2.93109,0.520802E-01
0.133057,2.94459,0.151680
0.133667,2.95810,0.217917
0.134277,2.97161,0.336614E-01
0.134888,2.98512,0.271255
0.135498,2.99862,0.674296E-01
0.136108,3.01213,0.546066E-01
0.136719,3.02564,-0.568668E-01
0.137329,3.03915,0.144643E-01
0.137939,3.05265,-0.236332
0.138550,3.06616,0.988419E-01
0.139160,3.07967,-0.848928E-02
0.139771,3.09317,-0.789854E-01
0.140381,3.10668,0.107950
0.140991,3.12019,0.256034
0.141602,3.13370,0.732652E-01
0.142212,3.14720,0.504415E-01
0.142822,3.16071,-0.804476E-01
0.143433,3.17422,-0.509078E-01
0.144043,3.18773,0.240729
0.144653,3.20123,0.305710
0.145264,3.21474,0.532876E-01
0.145874,3.22825,-0.179971
0.146484,3.24176,0.100602
0.147095,3.25526,-0.153472E-01
0.147705,3.26877,-0.538133E-01
0.148315,3.28228,0.263358E-01
0.148926,3.29578,-0.141728
0.149536,3.30929,-0.636696E-01
0.150146,3.32280,0.110355
0.150757,3.33631,-0.150834E-01
0.151367,3.34981,0.589180E-02
0.151978,3.36332,0.119910E-01
0.152588,3.37683,0.203276E-01
0.153198,3.39034,0.556192E-01
0.153809,3.40384,0.124124E-01
0.154419,3.41735,-0.208611E-01
0.155029,3.43086,0.744960E-02
0.155640,3.44437,0.126585
0.156250,3.45787,-0.228933E-01
0.156860,3.47138,0.127676E-01
0.157471,3.48489,0.191580E-01
0.158081,3.49839,0.121004E-01
0.158691,3.51190,-0.274979E-01
0.159302,3.52541,-0.136829
0.159912,3.53892,0.101680
0.160522,3.55242,0.206538
0.161133,3.56593,-0.887946E-01
0.161743,3.57944,0.188862
0.162354,3.59295,-0.290804E-01
0.162964,3.60645,0.229295
0.163574,3.61996,0.170387
0.164185,3.63347,0.703206E-01
0.164795,3.64697,0.378940E-01
0.165405,3.66048,0.118966E-01
0.166016,3.67399,0.174518E-01
0.166626,3.68750,-0.573091E-01
0.167236,3.70100,-0.764104E-02
0.167847,3.71451,-0.109161
0.168457,3.72802,0.122919E-01
0.169067,3.74153,-0.727920E-01
0.169678,3.75503,-0.578834E-02
0.170288,3.76854,-0.443722E-01
0.170898,3.78205,-0.393130E-01
0.171509,3.79556,0.305308
0.172119,3.80906,-0.896227E-01
0.172729,3.82257,0.221937E-01
0.173340,3.83608,-0.103328
0.173950,3.84958,0.424186
0.174561,3.86309,0.407113E-01
0.175171,3.87660,-0.255393E-01
0.175781,3.89011,0.548909E-01
0.176392,3.90361,0.271206E-01
0.177002,3.91712,0.228772
0.177612,3.93063,-0.363283E-01
0.178223,3.94414,-0.240477E-01
0.178833,3.95764,0.420746E-01
0.179443,3.97115,-0.526766E-02
0.180054,3.98466,-0.587934E-01
0.180664,3.99816,-0.374741E-01
0.181274,4.01167,0.501118E-02
0.181885,4.02518,0.887326E-01
0.182495,4.03869,0.199052
0.183105,4.05219,0.258894
0.183716,4.06570,0.865404E-01
0.184326,4.07921,0.806275E-01
0.184937,4.09272,0.341231
0.185547,4.10622,-0.130180E-02
0.186157,4.11973,0.111119E-01
0.186768,4.13324,-0.657713E-01
0.187378,4.14675,-0.138088E-01
0.187988,4.16025,0.138546
0.188599,4.17376,-0.860018E-01
0.189209,4.18727,0.387489E-01
0.189819,4.20077,-0.156850E-01
0.190430,4.21428,0.253149E-01
0.191040,4.22779,-0.103562
0.191650,4.24130,-0.845546E-01
0.192261,4.25480,0.708456E-03
0.192871,4.26831,0.204214
0.193481,4.28182,0.139157
0.194092,4.29533,0.136728
0.194702,4.30883,-0.396218E-01
0.195312,4.32234,0.599871E-01
0.195923,4.33585,-0.684826E-01
0.196533,4.34936,0.902290E-01
0.197144,4.36286,0.824540E-01
0.197754,4.37637,0.444608E-01
0.198364,4.38988,-0.238477E-01
0.198975,4.40338,-0.972784E-01
0.199585,4.41689,0.102594
0.200195,4.43040,-0.196183E-01
0.200806,4.44391,0.134569
0.201416,4.45741,0.278896E-01
0.202026,4.47092,-0.141593
0.202637,4.48443,0.902557E-01
0.203247,4.49794,0.236523E-01
0.203857,4.51144,-0.299896E-01
0.204468,4.52495,-0.341261E-03
0.205078,4.53846,0.382697E-01
0.205688,4.55196,0.242124E-01
0.206299,4.56547,-0.233656E-01
0.206909,4.57898,0.111139E-01
0.207520,4.59249,-0.934471E-01
0.208130,4.60599,0.536596E-01
0.208740,4.61950,0.597861E-01
0.209351,4.63301,0.441130E-01
0.209961,4.64652,-0.329137E-01
0.210571,4.66002,0.252096E-01
0.211182,4.67353,0.178226E-01
0.211792,4.68704,0.437743E-01
0.212402,4.70055,0.174399E-02
0.213013,4.71405,0.561806E-02
0.213623,4.72756,0.423683E-03
0.214233,4.74107,-0.683871E-01
0.214844,4.75457,0.119874
0.215454,4.76808,-0.303667E-01
0.216064,4.78159,-0.693203E-01
0.216675,4.79510,0.172932
0.217285,4.80860,0.329274
0.217896,4.82211,-0.818430E-01
0.218506,4.83562,-0.256303E-01
0.219116,4.84913,-0.106226E-01
0.219727,4.86263,0.306984E-01
0.220337,4.87614,0.186259
0.220947,4.88965,-0.185389E-01
0.221558,4.90315,0.161733
0.222168,4.91666,-0.561412E-01
0.222778,4.93017,-0.177400E-01
0.223389,4.94368,-0.890579E-01
0.223999,4.95718,0.895965E-02
0.224609,4.97069,0.283232
0.225220,4.98420,-0.244023E-01
0.225830,4.99771,0.195257E-01
0.226440,5.01121,-0.115524
0.227051,5.02472,0.158432E-01
0.227661,5.03823,-0.473194E-01
0.228271,5.05174,-0.702238E-01
0.228882,5.06524,0.299801
0.229492,5.07875,0.706301E-01
0.230103,5.09226,0.594801E-01
0.230713,5.10576,-0.473975E-02
0.231323,5.11927,0.157756
0.231934,5.13278,0.331478E-01
0.232544,5.14629,-0.708200E-01
0.233154,5.15979,0.175239E-01
0.233765,5.17330,0.198753E-01
0.234375,5.18681,0.751779E-01
0.234985,5.20032,-0.788903E-01
0.235596,5.21382,-0.146494
0.236206,5.22733,0.119086E-01
0.236816,5.24084,0.765681E-02
0.237427,5.25435,0.147618E-01
0.238037,5.26785,0.838142E-01
0.238647,5.28136,0.119672
0.239258,5.29487,-0.537951E-01
0.239868,5.30837,-0.129874E-01
0.240479,5.32188,0.701123E-01
0.241089,5.33539,-0.550110E-01
0.241699,5.34890,0.169102
0.242310,5.36240,-0.425408E-01
0.242920,5.37591,-0.147538E-01
0.243530,5.38942,0.179197E-01
0.244141,5.40293,-0.468339E-01
0.244751,5.41643,-0.395523E-01
0.245361,5.42994,-0.813596E-01
0.245972,5.44345,-0.135923E-02
0.246582,5.45695,-0.607737E-01
0.247192,5.47046,0.816182E-01
0.247803,5.48397,-0.316209E-01
0.248413,5.49748,0.724862E-01
0.249023,5.51098,0.414992
0.249634,5.52449,-0.358081E-01
0.250244,5.53800,-0.143915E-02
0.250854,5.55151,-0.151352E-01
0.251465,5.56501,-0.412813E-01
0.252075,5.57852,0.276326
0.252686,5.59203,0.152020
0.253296,5.60554,0.300596E-01
0.253906,5.61904,-0.669554E-01
0.254517,5.63255,-0.408483E-01
0.255127,5.64606,-0.494744E-01
0.255737,5.65956,-0.251695E-02
0.256348,5.67307,0.583284E-01
0.256958,5.68658,0.427582E-01
0.257568,5.70009,0.239582
0.258179,5.71359,0.193219
0.258789,5.72710,0.764284E-02
0.259399,5.74061,0.163627E-01
0.260010,5.75412,-0.153633
0.260620,5.76762,0.106052
0.261230,5.78113,-0.241718
0.261841,5.79464,0.144679
0.262451,5.80814,0.138263E-01
0.263062,5.82165,0.429211E-01
0.263672,5.83516,0.735387
0.264282,5.84867,-0.109139E-01
0.264893,5.86217,0.113701
0.265503,5.87568,0.398024E-01
0.266113,5.88919,0.956575E-01
0.266724,5.90270,-0.717410E-01
0.267334,5.91620,-0.126125
0.267944,5.92971,0.549899E-01
0.268555,5.94322,-0.282996E-01
0.269165,5.95673,0.595715E-01
0.269775,5.97023,0.161141
0.270386,5.98374,0.787905E-02
0.270996,5.99725,0.147434
0.271606,6.01075,0.203416E-01
0.272217,6.02426,0.201005E-01
0.272827,6.03777,0.240133E-01
0.273438,6.05128,-0.412434E-02
0.274048,6.06478,-0.842304E-01
0.274658,6.07829,0.328095E-01
0.275269,6.09180,-0.592673E-02
0.275879,6.10531,0.193117
0.276489,6.11881,0.362443E-02
0.277100,6.13232,-0.949619E-01
0.277710,6.14583,0.369710
0.278320,6.15934,0.545583E-01
0.278931,6.17284,0.284733E-01
0.279541,6.18635,0.181979E-01
0.280151,6.19986,0.394002E-03
0.280762,6.21336,0.486760E-02
0.281372,6.22687,0.305128
0.281982,6.24038,-0.181614
0.282593,6.25389,-0.577951E-01
0.283203,6.26739,0.139182
0.283813,6.28090,0.342679E-01
0.284424,6.29441,0.291220E-01
0.285034,6.30792,0.169327E-01
0.285645,6.32142,0.332704E-01
0.286255,6.33493,0.391180E-01
0.286865,6.34844,0.255985E-01
0.287476,6.36194,-0.623637E-01
0.288086,6.37545,-0.109874
0.288696,6.38896,0.145680
0.289307,6.40247,0.113580
0.289917,6.41597,-0.817730E-01
0.290527,6.42948,0.915589E-02
0.291138,6.44299,0.547149E-02
0.291748,6.45650,-0.577653E-01
0.292358,6.47000,0.114117
0.292969,6.48351,0.580076E-02
0.293579,6.49702,0.305383E-01
0.294189,6.51053,0.192187
0.294800,6.52403,0.726225E-01
0.295410,6.53754,0.103758E-01
0.296021,6.55105,0.190236E-01
0.296631,6.56455,-0.239186E-01
0.297241,6.57806,-0.810233E-02
0.297852,6.59157,-0.117973
0.298462,6.60508,-0.107547E-01
0.299072,6.61858,-0.242120E-01
0.299683,6.63209,0.154518
0.300293,6.64560,0.390987E-01
0.300903,6.65911,-0.363614E-01
0.301514,6.67261,0.140823
0.302124,6.68612,0.116962
0.302734,6.69963,-0.534639E-01
0.303345,6.71313,0.157881
0.303955,6.72664,-0.150254E-01
0.304565,6.74015,0.927110E-01
0.305176,6.75366,0.484364E-01
0.305786,6.76716,0.360891
0.306396,6.78067,0.126475E-01
0.307007,6.79418,-0.456172E-01
0.307617,6.80769,-0.920716E-02
0.308228,6.82119,0.602695E-01
0.308838,6.83470,0.647231E-01
0.309448,6.84821,-0.894286E-03
0.310059,6.86172,0.404196E-01
0.310669,6.87522,-0.747094E-02
0.311279,6.88873,-0.402835E-01
0.311890,6.90224,0.129913
0.312500,6.91574,-0.497884E-01
0.313110,6.92925,-0.184813
0.313721,6.94276,-0.123295
0.314331,6.95627,-0.179167
0.314941,6.96977,0.535842E-01
0.315552,6.98328,-0.873493E-01
0.316162,6.99679,-0.157453E-01
0.316772,7.01030,0.863627E-01
0.317383,7.02380,0.309317E-01
0.317993,7.03731,0.194497E-01
0.318604,7.05082,0.740506E-01
0.319214,7.06433,0.389323
0.319824,7.07783,0.178261
0.320435,7.09134,-0.217026
0.321045,7.10485,0.323830E-01
0.321655,7.11835,0.937701E-01
0.322266,7.13186,0.105255
0.322876,7.14537,0.102178
0.323486,7.15888,-0.198447E-01
0.324097,7.17238,-0.921066E-02
0.324707,7.18589,-0.141414E-01
0.325317,7.19940,0.135994
0.325928,7.21291,0.825659E-01
0.326538,7.22641,-0.237334E-01
0.327148,7.23992,0.527663E-01
0.327759,7.25343,-0.567119E-01
0.328369,7.26693,-0.678827E-01
0.328979,7.28044,-0.494721E-01
0.329590,7.29395,-0.354626E-01
0.330200,7.30746,-0.609286E-01
0.330811,7.32096,0.557295E-01
0.331421,7.33447,-0.159343
0.332031,7.34798,0.222675
0.332642,7.36149,-0.150107E-01
0.333252,7.37499,0.559393E-01
0.333862,7.38850,0.119153
0.334473,7.40201,-0.704592E-01
0.335083,7.41552,0.829803E-02
0.335693,7.42902,0.464867E-01
0.336304,7.44253,0.145006E-01
0.336914,7.45604,0.326301E-01
0.337524,7.46954,0.182670E-01
0.338135,7.48305,0.378467E-01
0.338745,7.49656,-0.134726
0.339355,7.51007,-0.511014E-01
0.339966,7.52357,0.739228E-02
0.340576,7.53708,0.608707E-01
0.341187,7.55059,-0.250384E-01
0.341797,7.56410,0.143478
0.342407,7.57760,-0.623793E-02
0.343018,7.59111,0.199080E-01
0.343628,7.60462,-0.434605E-01
0.344238,7.61812,0.149385E-03
0.344849,7.63163,0.503016E-01
0.345459,7.64514,0.195640E-01
0.346069,7.65865,0.157344
0.346680,7.67215,0.323944E-01
0.347290,7.68566,-0.550667E-01
0.347900,7.69917,0.103124
0.348511,7.71268,0.156220
0.349121,7.72618,-0.498407E-01
0.349731,7.73969,0.146279
0.350342,7.75320,-0.241439E-01
0.350952,7.76671,0.115849
0.351562,7.78021,-0.762796E-01
0.352173,7.79372,-0.150204
0.352783,7.80723,-0.591065E-01
0.353394,7.82073,-0.143975
0.354004,7.83424,-0.611905E-02
0.354614,7.84775,0.236972
0.355225,7.86126,-0.147878
0.355835,7.87476,-0.699944E-02
0.356445,7.88827,-0.443089E-02
0.357056,7.90178,-0.233758E-01
0.357666,7.91529,0.163202
0.358276,7.92879,0.641989E-01
0.358887,7.94230,-0.305965E-02
0.359497,7.95581,0.863717E-01
0.360107,7.96932,-0.282531E-01
0.360718,7.98282,0.393439
0.361328,7.99633,0.510106E-01
0.361938,8.00984,0.205638E-01
0.362549,8.02334,0.515802E-01
0.363159,8.03685,-0.923376E-01
0.363770,8.05036,-0.117175
0.364380,8.06387,0.139987
0.364990,8.07737,0.367004E-01
0.365601,8.09088,0.129343E-01
0.366211,8.10439,0.456895E-01
0.366821,8.11790,0.750391E-01
0.367432,8.13140,-0.254519
0.368042,8.14491,0.294197
0.368652,8.15842,0.135821
0.369263,8.17192,-0.912453E-01
0.369873,8.18543,0.377306E-01
0.370483,8.19894,0.912300E-01
0.371094,8.21245,-0.133722
0.371704,8.22595,0.385383
0.372314,8.23946,-0.529371E-01
0.372925,8.25297,0.687160E-01
0.373535,8.26648,0.303788E-01
0.374146,8.27998,-0.154200E-01
0.374756,8.29349,0.176375E-01
0.375366,8.30700,0.791655E-01
0.375977,8.32051,-0.490772E-01
0.376587,8.33401,0.264739
0.377197,8.34752,0.842226E-01
0.377808,8.36103,0.980748E-01
0.378418,8.37453,0.169508
0.379028,8.38804,-0.251706E-01
0.379639,8.40155,-0.345238E-01
0.380249,8.41506,-0.103134E-02
0.380859,8.42856,0.174027
0.381470,8.44207,-0.514586E-02
0.382080,8.45558,-0.112720
0.382690,8.46909,0.163928E-02
0.383301,8.48259,0.149862E-01
0.383911,8.49610,-0.145458
0.384521,8.50961,0.364527E-01
0.385132,8.52311,-0.229829E-01
0.385742,8.53662,-0.876576E-01
0.386353,8.55013,-0.111179E-01
0.386963,8.56364,-0.112611E-01
0.387573,8.57714,0.136400E-01
0.388184,8.59065,0.100320
0.388794,8.60416,-0.617549E-01
0.389404,8.61767,0.179629
0.390015,8.63117,0.480214E-02
0.390625,8.64468,0.115330E-01
0.391235,8.65819,0.667375E-01
0.391846,8.67170,0.101755E-01
0.392456,8.68520,0.335085E-01
0.393066,8.69871,0.171209E-01
0.393677,8.71222,-0.102031E-01
0.394287,8.72572,0.482613E-02
0.394897,8.73923,-0.162959E-01
0.395508,8.75274,0.169779
0.396118,8.76625,0.219221
0.396729,8.77975,0.248196E-01
0.397339,8.79326,0.140436
0.397949,8.80677,0.111670
0.398560,8.82028,-0.136271
0.399170,8.83378,0.366100E-02
0.399780,8.84729,0.103584
0.400391,8.86080,0.243106E-01
0.401001,8.87431,-0.124514
0.401611,8.88781,-0.123534
0.402222,8.90132,0.493330E-02
0.402832,8.91483,0.302366E-01
0.403442,8.92833,0.233451
0.404053,8.94184,0.479030E-01
0.404663,8.95535,0.668578E-01
0.405273,8.96886,-0.130902E-01
0.405884,8.98236,-0.224142E-02
0.406494,8.99587,-0.220291E-01
0.407104,9.00938,0.137431
0.407715,9.02289,-0.282701E-01
0.408325,9.03639,0.159678E-02
0.408936,9.04990,-0.198896E-01
0.409546,9.06341,-0.263622E-02
0.410156,9.07691,0.853980E-01
0.410767,9.09042,0.695640E-02
0.411377,9.10393,0.345940E-01
0.411987,9.11744,0.976630E-01
0.412598,9.13094,0.652687E-01
0.413208,9.14445,-0.605191E-02
0.413818,9.15796,0.267523E-01
0.414429,9.17147,0.454597E-01
0.415039,9.18497,0.821431E-01
0.415649,9.19848,-0.136440
0.416260,9.21199,-0.282346E-01
0.416870,9.22550,0.180376E-02
0.417480,9.23900,0.249041E-02
0.418091,9.25251,-0.409534E-01
0.418701,9.26602,0.266308E-01
0.419312,9.27952,0.136320
0.419922,9.29303,0.109248
0.420532,9.30654,-0.138554E-01
0.421143,9.32005,0.177894
0.421753,9.33355,-0.150434E-01
0.422363,9.34706,-0.470383E-01
0.422974,9.36057,0.312335E-01
0.423584,9.37408,0.319001E-01
0.424194,9.38758,-0.163928
0.424805,9.40109,0.946327E-01
0.425415,9.41460,0.380149E-02
0.426025,9.42810,-0.303552E-01
0.426636,9.44161,-0.227117E-01
0.427246,9.45512,0.125884
0.427856,9.46863,0.141137E-01
0.428467,9.48213,0.146965
0.429077,9.49564,0.983076E-02
0.429688,9.50915,0.169192E-02
0.430298,9.52266,0.247152E-01
0.430908,9.53616,0.366273E-02
0.431519,9.54967,0.100958
0.432129,9.56318,-0.111048E-01
0.432739,9.57669,0.939319E-03
0.433350,9.59019,0.287737
0.433960,9.60370,0.336819E-01
0.434570,9.61721,0.179527E-01
0.435181,9.63071,-0.168706E-02
0.435791,9.64422,-0.515563E-01
0.436401,9.65773,-0.276045E-02
0.437012,9.67124,0.305215E-01
0.437622,9.68474,0.199951E-01
0.438232,9.69825,0.701016E-01
0.438843,9.71176,0.213862E-02
0.439453,9.72527,0.127745
0.440063,9.73877,0.160649
0.440674,9.75228,0.761048E-01
0.441284,9.76579,-0.689754E-01
0.441895,9.77930,0.123439E-01
0.442505,9.79280,0.961153E-02
0.443115,9.80631,-0.272072E-01
0.443726,9.81982,0.935494E-02
0.444336,9.83332,0.261348E-01
0.444946,9.84683,-0.109426E-01
0.445557,9.86034,-0.123383E-01
0.446167,9.87385,0.154822
0.446777,9.88735,-0.219333E-01
0.447388,9.90086,0.213228E-02
0.447998,9.91437,-0.323382E-02
0.448608,9.92788,-0.333429E-01
0.449219,9.94138,-0.989084E-01
0.449829,9.95489,0.460639E-01
0.450439,9.96840,0.108575
0.451050,9.98190,-0.908975E-02
0.451660,9.99541,-0.927788E-01
0.452271,10.0089,0.847890E-01
0.452881,10.0224,0.635228E-01
0.453491,10.0359,-0.108012
0.454102,10.0494,0.296186
0.454712,10.0629,0.443300E-01
0.455322,10.0765,0.168546E-01
0.455933,10.0900,-0.971970E-02
0.456543,10.1035,0.410406E-01
0.457153,10.1170,-0.103903E-01
0.457764,10.1305,0.137270
0.458374,10.1440,-0.172391
0.458984,10.1575,-0.414717E-01
0.459595,10.1710,0.130173
0.460205,10.1845,0.131618E-01
0.460815,10.1980,-0.103929E-01
0.461426,10.2115,-0.406341E-01
0.462036,10.2250,0.222215
0.462646,10.2385,0.236272E-01
0.463257,10.2521,-0.545473E-03
0.463867,10.2656,0.145533E-01
0.464478,10.2791,-0.358464E-01
0.465088,10.2926,-0.204789E-01
0.465698,10.3061,-0.448548E-02
0.466309,10.3196,0.846727E-01
0.466919,10.3331,-0.225983E-02
0.467529,10.3466,-0.273369E-01
0.468140,10.3601,0.360492E-01
0.468750,10.3736,-0.424339E-01
0.469360,10.3871,-0.985406E-02
0.469971,10.4006,0.305997E-01
0.470581,10.4141,0.204155E-01
0.471191,10.4276,0.914506E-02
0.471802,10.4412,-0.370584E-03
0.472412,10.4547,-0.401386E-01
0.473022,10.4682,0.174361
0.473633,10.4817,-0.726257E-01
0.474243,10.4952,-0.257522E-01
0.474854,10.5087,0.489302E-01
0.475464,10.5222,0.197647E-01
0.476074,10.5357,-0.142902E-01
0.476685,10.5492,-0.347726E-01
0.477295,10.5627,-0.630037E-01
0.477905,10.5762,0.646390E-01
0.478516,10.5897,-0.304435E-01
0.479126,10.6032,0.554904E-01
0.479736,10.6167,-0.170785E-01
0.480347,10.6303,-0.216526E-01
0.480957,10.6438,0.703747E-01
0.481567,10.6573,-0.722791E-01
0.482178,10.6708,0.301203E-02
0.482788,10.6843,0.337442E-02
0.483398,10.6978,0.105860E-01
0.484009,10.7113,0.583847E-01
0.484619,10.7248,0.211614
0.485229,10.7383,-0.297756E-01
0.485840,10.7518,0.875736E-01
0.486450,10.7653,-0.495286E-01
0.487061,10.7788,-0.359965E-01
0.487671,10.7923,-0.578610E-01
0.488281,10.8059,-0.772784E-03
0.488892,10.8194,0.208353E-01
0.489502,10.8329,-0.563663E-02
0.490112,10.8464,-0.111894E-01
0.490723,10.8599,0.921374E-01
0.491333,10.8734,-0.260659E-01
0.491943,10.8869,0.642966E-02
0.492554,10.9004,0.160957E-01
0.493164,10.9139,0.387172E-01
0.493774,10.9274,0.285480E-01
0.494385,10.9409,0.216243E-01
0.494995,10.9544,0.477861E-01
0.495605,10.9679,0.179007
0.496216,10.9814,0.384603E-01
0.496826,10.9950,-0.523261E-01
0.497437,11.0085,0.194496E-01
0.498047,11.0220,-0.955577E-02
0.498657,11.0355,0.239071E-01
0.499268,11.0490,0.539853E-01
0.499878,11.0625,0.142058E-03
0.500488,11.0760,0.644405E-01
0.501099,11.0895,0.537535E-01
0.501709,11.1030,-0.199465E-01
0.502319,11.1165,0.486643E-01
0.502930,11.1300,-0.313078E-01
0.503540,11.1435,-0.348272E-01
0.504150,11.1570,0.128611
0.504761,11.1705,-0.781798E-02
0.505371,11.1841,0.269904E-02
0.505981,11.1976,-0.176901E-01
0.506592,11.2111,0.836380E-01
0.507202,11.2246,0.452325E-01
0.507812,11.2381,-0.886774E-02
0.508423,11.2516,-0.322681E-01
0.509033,11.2651,-0.395779E-01
0.509644,11.2786,0.408727E-01
0.510254,11.2921,-0.729505E-02
0.510864,11.3056,-0.372256E-01
0.511475,11.3191,-0.501580E-01
0.512085,11.3326,-0.255098E-01
0.512695,11.3461,0.129296
0.513306,11.3597,-0.578414E-02
0.513916,11.3732,0.585099E-01
0.514526,11.3867,0.105845
0.515137,11.4002,-0.671291E-01
0.515747,11.4137,0.159509
0.516357,11.4272,0.134143
0.516968,11.4407,-0.602121E-02
0.517578,11.4542,-0.383875E-01
0.518188,11.4677,0.197022
0.518799,11.4812,-0.396891E-01
0.519409,11.4947,-0.447302E-02
0.520020,11.5082,0.402766E-01
0.520630,11.5217,-0.767683E-02
0.521240,11.5352,-0.135284E-01
0.521851,11.5488,0.141129E-01
0.522461,11.5623,0.110209E-01
0.523071,11.5758,-0.356243E-01
0.523682,11.5893,-0.648470E-01
0.524292,11.6028,0.206356
0.524902,11.6163,0.500148E-01
0.525513,11.6298,0.104407E-01
0.526123,11.6433,-0.732708E-01
0.526733,11.6568,0.125856
0.527344,11.6703,-0.107377E-01
0.527954,11.6838,-0.157454E-01
0.528564,11.6973,0.137718
0.529175,11.7108,0.115268
0.529785,11.7243,-0.266177E-01
0.530396,11.7379,0.157091
0.531006,11.7514,0.869961E-01
0.531616,11.7649,-0.201116E-01
0.532227,11.7784,0.131413
0.532837,11.7919,0.127069
0.533447,11.8054,0.739866E-01
0.534058,11.8189,-0.616312E-01
0.534668,11.8324,0.547740E-01
0.535278,11.8459,-0.113133E-01
0.535889,11.8594,0.460014E-01
0.536499,11.8729,0.738792E-02
0.537109,11.8864,0.509468E-01
0.537720,11.8999,0.687617E-01
0.538330,11.9135,-0.185011E-01
0.538940,11.9270,-0.409772E-01
0.539551,11.9405,-0.328200E-01
0.540161,11.9540,0.325457E-01
0.540771,11.9675,0.272181E-01
0.541382,11.9810,0.115646
0.541992,11.9945,0.944356E-01
0.542603,12.0080,-0.387939E-01
0.543213,12.0215,-0.212100E-02
0.543823,12.0350,0.902755E-02
0.544434,12.0485,-0.134215E-02
0.545044,12.0620,-0.406810E-02
0.545654,12.0755,0.294089E-01
0.546265,12.0890,0.599852E-02
0.546875,12.1026,0.814906E-03
0.547485,12.1161,-0.616256E-02
0.548096,12.1296,0.129701E-01
0.548706,12.1431,-0.957581E-02
0.549316,12.1566,0.815076E-01
0.549927,12.1701,0.461866E-01
0.550537,12.1836,0.239707E-02
0.551147,12.1971,-0.920155E-02
0.551758,12.2106,0.787506E-01
0.552368,12.2241,0.283586E-01
0.552979,12.2376,0.105615E-01
0.553589,12.2511,-0.117974
0.554199,12.2646,0.362319E-01
0.554810,12.2781,0.967705E-02
0.555420,12.2917,0.359102E-01
0.556030,12.3052,-0.999980E-02
0.556641,12.3187,-0.196463E-01
0.557251,12.3322,0.137623
0.557861,12.3457,-0.114639E-01
0.558472,12.3592,-0.165181E-01
0.559082,12.3727,0.138412E-01
0.559692,12.3862,-0.909383E-01
0.560303,12.3997,0.332271E-01
0.560913,12.4132,0.677858E-01
0.561523,12.4267,-0.985678E-01
0.562134,12.4402,-0.557194E-01
0.562744,12.4537,0.172367
0.563354,12.4673,-0.663023E-02
0.563965,12.4808,-0.101592
0.564575,12.4943,0.126314
0.565186,12.5078,-0.412117E-01
0.565796,12.5213,-0.198132E-01
0.566406,12.5348,-0.503799E-01
0.567017,12.5483,-0.512965E-01
0.567627,12.5618,0.168097
0.568237,12.5753,0.177473E-01
0.568848,12.5888,-0.948683E-01
0.569458,12.6023,0.344611E-01
0.570068,12.6158,-0.206430E-02
0.570679,12.6293,0.371323E-01
0.571289,12.6428,0.146272
0.571899,12.6564,-0.103202
0.572510,12.6699,0.789783E-01
0.573120,12.6834,0.122098E-02
0.573730,12.6969,-0.487515E-01
0.574341,12.7104,-0.325044E-01
0.574951,12.7239,0.352837E-01
0.575562,12.7374,-0.474834E-01
0.576172,12.7509,-0.317997E-02
0.576782,12.7644,0.351012E-01
0.577393,12.7779,-0.383266E-02
0.578003,12.7914,0.572307E-01
0.578613,12.8049,-0.143740
0.579224,12.8184,-0.674903E-01
0.579834,12.8319,-0.134979E-01
0.580444,12.8455,0.203005E-01
0.581055,12.8590,-0.162822E-02
0.581665,12.8725,0.670848E-01
0.582275,12.8860,0.283648E-01
0.582886,12.8995,-0.362597E-01
0.583496,12.9130,0.283199E-01
0.584106,12.9265,0.107722
0.584717,12.9400,0.477057E-01
0.585327,12.9535,-0.111859E-03
0.585938,12.9670,0.685858E-02
0.586548,12.9805,-0.140214E-01
0.587158,12.9940,0.348362E-01
0.587769,13.0075,0.605319E-01
0.588379,13.0211,-0.239665E-01
0.588989,13.0346,0.217798E-02
0.589600,13.0481,-0.380806E-01
0.590210,13.0616,-0.102816
0.590820,13.0751,-0.195806E-01
0.591431,13.0886,0.726052E-01
0.592041,13.1021,-0.448638E-01
0.592651,13.1156,0.172468
0.593262,13.1291,-0.424241E-01
0.593872,13.1426,0.927534E-01
0.594482,13.1561,-0.863735E-01
0.595093,13.1696,0.478755E-01
0.595703,13.1831,0.183692E-01
0.596313,13.1966,-0.211704E-01
0.596924,13.2102,-0.258505E-02
0.597534,13.2237,-0.217851E-01
0.598145,13.2372,0.470775E-01
0.598755,13.2507,-0.181055E-01
0.599365,13.2642,0.294694E-01
0.599976,13.2777,-0.276287E-01
0.600586,13.2912,0.193749E-02
0.601196,13.3047,0.137108E-01
0.601807,13.3182,-0.739278E-02
0.602417,13.3317,0.453353E-01
0.603027,13.3452,0.625353E-01
0.603638,13.3587,-0.283043E-01
0.604248,13.3722,-0.358427E-02
0.604858,13.3857,-0.175949E-01
0.605469,13.3993,-0.248304E-01
0.606079,13.4128,0.139009E-01
0.606689,13.4263,0.437367E-01
0.607300,13.4398,0.234563E-01
0.607910,13.4533,-0.527288E-02
0.608521,13.4668,0.328569E-01
0.609131,13.4803,0.571932E-01
0.609741,13.4938,0.285364E-01
0.610352,13.5073,0.517057E-02
0.610962,13.5208,0.106149
0.611572,13.5343,-0.802243E-01
0.612183,13.5478,0.622062E-01
0.612793,13.5613,0.127799
0.613403,13.5749,-0.148259E-02
0.614014,13.5884,-0.579149E-01
0.614624,13.6019,-0.762588E-02
0.615234,13.6154,0.144374E-01
0.615845,13.6289,0.303030E-01
0.616455,13.6424,-0.573733E-01
0.617065,13.6559,0.502308E-03
0.617676,13.6694,-0.339461E-02
0.618286,13.6829,0.219240E-01
0.618896,13.6964,-0.365696E-02
0.619507,13.7099,0.910624E-02
0.620117,13.7234,-0.851879E-01
0.620728,13.7369,-0.658735E-01
0.621338,13.7504,0.759894E-01
0.621948,13.7640,0.816198E-02
0.622559,13.7775,0.121127E-02
0.623169,13.7910,-0.892745E-01
0.623779,13.8045,0.219074
0.624390,13.8180,-0.240582E-01
0.625000,13.8315,0.119207
0.625610,13.8450,-0.347138E-01
0.626221,13.8585,-0.419081E-02
0.626831,13.8720,0.284797E-01
0.627441,13.8855,-0.179090E-01
0.628052,13.8990,0.100241
0.628662,13.9125,0.138268
0.629272,13.9260,0.314777E-01
0.629883,13.9395,-0.285574E-01
0.630493,13.9531,0.200118E-01
0.631104,13.9666,0.842016E-02
0.631714,13.9801,-0.106776E-01
0.632324,13.9936,-0.197197E-01
0.632935,14.0071,-0.248161E-01
0.633545,14.0206,0.170032E-01
0.634155,14.0341,0.241676E-01
0.634766,14.0476,-0.188986E-01
0.635376,14.0611,-0.209061E-02
0.635986,14.0746,0.696021E-02
0.636597,14.0881,0.202857E-02
0.637207,14.1016,0.549764E-01
0.637817,14.1151,-0.866452E-02
0.638428,14.1287,0.388701E-02
0.639038,14.1422,-0.281022E-01
0.639648,14.1557,-0.310337E-01
0.640259,14.1692,-0.544375E-01
0.640869,14.1827,-0.151524E-01
0.641479,14.1962,0.510670E-01
0.642090,14.2097,0.185242E-01
0.642700,14.2232,0.958006E-01
0.643311,14.2367,-0.519259E-01
0.643921,14.2502,-0.552713E-01
0.644531,14.2637,-0.270409E-01
0.645142,14.2772,0.425002E-02
0.645752,14.2907,-0.103873
0.646362,14.3042,0.758763E-01
0.646973,14.3178,0.897319E-01
0.647583,14.3313,0.482871E-01
0.648193,14.3448,-0.655524E-02
0.648804,14.3583,0.110312E-01
0.649414,14.3718,0.490207E-01
0.650024,14.3853,-0.113494E-02
0.650635,14.3988,0.201355E-02
0.651245,14.4123,-0.725960E-02
0.651855,14.4258,-0.811404E-01
0.652466,14.4393,-0.246857E-01
0.653076,14.4528,-0.153986E-01
0.653687,14.4663,0.542958E-01
0.654297,14.4798,0.226673E-01
0.654907,14.4933,0.629380E-01
0.655518,14.5069,-0.164480E-01
0.656128,14.5204,0.402879E-03
0.656738,14.5339,0.436017E-01
0.657349,14.5474,0.161554E-01
0.657959,14.5609,0.582602E-01
0.658569,14.5744,-0.151068E-01
0.659180,14.5879,-0.235007E-01
0.659790,14.6014,0.474530E-01
0.660400,14.6149,0.493753E-01
0.661011,14.6284,0.133706E-01
0.661621,14.6419,0.705756E-02
0.662231,14.6554,0.136277E-01
0.662842,14.6689,0.722587E-01
0.663452,14.6825,-0.392762E-01
0.664062,14.6960,0.176349E-01
0.664673,14.7095,0.879513E-01
0.665283,14.7230,-0.118057E-01
0.665894,14.7365,0.935105E-02
0.666504,14.7500,-0.923822E-01
0.667114,14.7635,0.491980E-01
0.667725,14.7770,-0.809890E-01
0.668335,14.7905,-0.428118E-01
0.668945,14.8040,0.162662E-01
0.669556,14.8175,-0.204365E-02
0.670166,14.8310,-0.933710E-02
0.670776,14.8445,-0.264421E-01
0.671387,14.8580,0.523096E-01
0.671997,14.8716,-0.352527E-02
0.672607,14.8851,-0.778980E-02
0.673218,14.8986,-0.315881E-01
0.673828,14.9121,-0.118114E-02
0.674438,14.9256,-0.125354E-01
0.675049,14.9391,0.719891E-02
0.675659,14.9526,0.599096E-01
0.676270,14.9661,-0.776835E-02
0.676880,14.9796,0.296415E-02
0.677490,14.9931,-0.308565E-01
0.678101,15.0066,-0.166388E-01
0.678711,15.0201,0.903558E-01
0.679321,15.0336,-0.833780E-02
0.679932,15.0471,0.650145E-01
0.680542,15.0607,0.281644E-01
0.681152,15.0742,0.193294E-01
0.681763,15.0877,-0.739091E-01
0.682373,15.1012,-0.353483E-02
0.682983,15.1147,0.586999E-01
0.683594,15.1282,0.199774E-01
0.684204,15.1417,-0.213000E-01
0.684814,15.1552,-0.617862E-01
0.685425,15.1687,-0.579198E-02
0.686035,15.1822,0.192161E-02
0.686646,15.1957,0.579942E-01
0.687256,15.2092,-0.497748E-01
0.687866,15.2227,-0.336521E-01
0.688477,15.2362,0.192655E-01
0.689087,15.2498,0.239532E-01
0.689697,15.2633,0.214691E-01
0.690308,15.2768,0.162021
0.690918,15.2903,-0.327548E-01
0.691528,15.3038,-0.163910E-01
0.692139,15.3173,0.118508
0.692749,15.3308,-0.319227E-02
0.693359,15.3443,0.324761E-01
0.693970,15.3578,-0.797635E-02
0.694580,15.3713,0.227113E-01
0.695190,15.3848,-0.697121E-03
0.695801,15.3983,-0.206019E-01
0.696411,15.4118,0.190375E-01
0.697021,15.4254,-0.784874E-02
0.697632,15.4389,0.106263
0.698242,15.4524,0.471251E-01
0.698853,15.4659,0.486792E-02
0.699463,15.4794,-0.562142E-01
0.700073,15.4929,0.152904E-02
0.700684,15.5064,-0.234256E-02
0.701294,15.5199,0.130445
0.701904,15.5334,-0.104821E-01
0.702515,15.5469,0.124643E-01
0.703125,15.5604,-0.314918E-02
0.703735,15.5739,0.242050E-01
0.704346,15.5874,-0.973379E-02
0.704956,15.6009,0.198274E-01
0.705566,15.6145,-0.959100E-02
0.706177,15.6280,-0.211821E-01
0.706787,15.6415,-0.171635E-01
0.707397,15.6550,0.584648E-01
0.708008,15.6685,-0.271976E-01
0.708618,15.6820,0.138232
0.709229,15.6955,-0.548550E-01
0.709839,15.7090,-0.976410E-02
0.710449,15.7225,0.702654E-02
0.711060,15.7360,0.138941E-01
0.711670,15.7495,0.455980E-03
0.712280,15.7630,-0.211748E-01
0.712891,15.7765,-0.421981E-01
0.713501,15.7900,-0.270541E-01
0.714111,15.8036,0.285383E-02
0.714722,15.8171,-0.254950E-02
0.715332,15.8306,0.349217E-01
0.715942,15.8441,-0.308619E-01
0.716553,15.8576,0.392274E-02
0.717163,15.8711,0.493620E-01
0.717773,15.8846,0.710102E-01
0.718384,15.8981,0.184333E-01
0.718994,15.9116,0.292238E-01
0.719604,15.9251,0.918603E-02
0.720215,15.9386,-0.372690E-02
0.720825,15.9521,0.528324E-01
0.721436,15.9656,0.379460E-01
0.722046,15.9792,-0.220405E-01
0.722656,15.9927,0.245644E-02
0.723267,16.0062,-0.817131E-02
0.723877,16.0197,-0.233287E-01
0.724487,16.0332,0.162979E-01
0.725098,16.0467,-0.289506
0.725708,16.0602,0.170983
0.726318,16.0737,0.730307E-01
0.726929,16.0872,-0.185598E-01
0.727539,16.1007,0.521707E-01
0.728149,16.1142,-0.239679E-01
0.728760,16.1277,-0.963444E-02
0.729370,16.1412,-0.559607E-01
0.729980,16.1547,0.209241E-01
0.730591,16.1683,-0.282089E-02
0.731201,16.1818,0.399186E-01
0.731812,16.1953,0.489589E-02
0.732422,16.2088,-0.237784E-02
0.733032,16.2223,-0.559346E-01
0.733643,16.2358,0.257396E-01
0.734253,16.2493,-0.241392E-01
0.734863,16.2628,0.628928E-02
0.735474,16.2763,-0.234743E-02
0.736084,16.2898,0.809525E-01
0.736694,16.3033,0.342834E-01
0.737305,16.3168,0.282927E-01
0.737915,16.3303,0.395956E-01
0.738525,16.3438,0.866433E-01
0.739136,16.3574,-0.152051
0.739746,16.3709,-0.624501E-01
0.740356,16.3844,0.559738E-01
0.740967,16.3979,0.143247
0.741577,16.4114,-0.119890E-01
0.742188,16.4249,-0.815845E-01
0.742798,16.4384,0.709343E-01
0.743408,16.4519,0.159381
0.744019,16.4654,-0.119969E-01
0.744629,16.4789,0.443005E-01
0.745239,16.4924,0.386323E-01
0.745850,16.5059,-0.783666E-01
0.746460,16.5194,0.322089E-02
0.747070,16.5330,0.287680E-01
0.747681,16.5465,-0.458619E-01
0.748291,16.5600,-0.698107E-01
0.748901,16.5735,0.579695E-01
0.749512,16.5870,0.112727
0.750122,16.6005,0.871366E-02
0.750732,16.6140,-0.278485E-01
0.751343,16.6275,0.747313E-01
0.751953,16.6410,0.722421E-02
0.752563,16.6545,-0.584310E-01
0.753174,16.6680,0.272748E-01
0.753784,16.6815,0.716725E-01
0.754395,16.6950,0.186664E-02
0.755005,16.7085,-0.928296E-01
0.755615,16.7221,-0.224899E-01
0.756226,16.7356,0.468728E-01
0.756836,16.7491,-0.122322E-01
0.757446,16.7626,-0.324645E-01
0.758057,16.7761,0.620269E-02
0.758667,16.7896,-0.137743E-01
0.759277,16.8031,-0.916635E-01
0.759888,16.8166,0.157813E-01
0.760498,16.8301,0.452600E-01
0.761108,16.8436,-0.544598E-02
0.761719,16.8571,0.163949E-01
0.762329,16.8706,0.769230E-01
0.762939,16.8841,0.122189E-01
0.763550,16.8976,-0.211866E-01
0.764160,16.9112,0.412736E-01
0.764771,16.9247,-0.170418E-01
0.765381,16.9382,0.290276E-01
0.765991,16.9517,0.187191E-01
0.766602,16.9652,-0.615605E-01
0.767212,16.9787,-0.216278E-01
0.767822,16.9922,-0.136681E-01
0.768433,17.0057,0.243824E-01
0.769043,17.0192,0.131578E-01
0.769653,17.0327,0.962604E-02
0.770264,17.0462,0.429936E-01
0.770874,17.0597,0.425030E-01
0.771484,17.0732,0.162284
0.772095,17.0868,0.513105E-02
0.772705,17.1003,-0.189414E-01
0.773315,17.1138,0.375850E-01
0.773926,17.1273,0.489052E-02
0.774536,17.1408,0.263818E-01
0.775146,17.1543,-0.484369E-01
0.775757,17.1678,0.878788E-02
0.776367,17.1813,0.608176E-02
0.776978,17.1948,0.190097E-01
0.777588,17.2083,0.352588E-02
0.778198,17.2218,0.491414E-01
0.778809,17.2353,0.765692E-01
0.779419,17.2488,-0.771864E-02
0.780029,17.2623,0.967052E-02
0.780640,17.2759,0.526298E-01
0.781250,17.2894,0.148122E-02
0.781860,17.3029,-0.900892E-02
0.782471,17.3164,-0.228186E-01
0.783081,17.3299,0.141975E-01
0.783691,17.3434,0.185070E-01
0.784302,17.3569,0.204527E-01
0.784912,17.3704,0.238127E-01
0.785522,17.3839,-0.853280E-01
0.786133,17.3974,0.952592E-02
0.786743,17.4109,-0.227630E-01
0.787354,17.4244,0.863514E-01
0.787964,17.4379,0.240875E-02
0.788574,17.4514,0.180156E-01
0.789185,17.4650,0.389836E-03
0.789795,17.4785,0.167045E-01
0.790405,17.4920,0.930434E-01
0.791016,17.5055,-0.290636E-01
0.791626,17.5190,-0.127979
0.792236,17.5325,0.747441E-01
0.792847,17.5460,0.876832E-01
0.793457,17.5595,0.668634E-01
0.794067,17.5730,-0.561382E-01
0.794678,17.5865,0.717019E-02
0.795288,17.6000,0.256047E-01
0.795898,17.6135,-0.783338E-01
0.796509,17.6270,-0.569501E-02
0.797119,17.6406,-0.916444E-01
0.797729,17.6541,0.709785E-01
0.798340,17.6676,-0.932930E-01
0.798950,17.6811,0.608176E-05
0.799561,17.6946,0.497061E-01
0.800171,17.7081,0.521766E-01
0.800781,17.7216,0.361731E-01
0.801392,17.7351,-0.360735E-01
0.802002,17.7486,0.127469
0.802612,17.7621,0.735752E-02
0.803223,17.7756,-0.100162E-01
0.803833,17.7891,-0.117618E-01
0.804443,17.8026,-0.293472E-02
0.805054,17.8161,-0.109631E-01
0.805664,17.8297,-0.775622E-01
0.806274,17.8432,-0.680101E-01
0.806885,17.8567,0.162427E-01
0.807495,17.8702,-0.310587E-01
0.808105,17.8837,-0.291911E-01
0.808716,17.8972,-0.165472E-01
0.809326,17.9107,-0.225311E-01
0.809937,17.9242,0.632759E-01
0.810547,17.9377,0.191064
0.811157,17.9512,0.747153E-02
0.811768,17.9647,0.130387E-01
0.812378,17.9782,0.114594
0.812988,17.9917,-0.186458E-01
0.813599,18.0052,0.741303E-01
0.814209,18.0188,0.287258E-01
0.814819,18.0323,0.740731E-02
0.815430,18.0458,0.636630E-01
0.816040,18.0593,0.434100E-02
0.816650,18.0728,0.143317
0.817261,18.0863,-0.462222E-01
0.817871,18.0998,-0.163510E-01
0.818481,18.1133,-0.531001E-01
0.819092,18.1268,0.643878E-01
0.819702,18.1403,-0.409988E-01
0.820312,18.1538,0.495466E-01
0.820923,18.1673,0.973576E-02
0.821533,18.1808,-0.302077E-01
0.822144,18.1944,0.869633E-01
0.822754,18.2079,-0.416211E-02
0.823364,18.2214,-0.352953E-02
0.823975,18.2349,0.398148E-02
0.824585,18.2484,-0.518937E-02
0.825195,18.2619,0.874524E-01
0.825806,18.2754,0.297844E-01
0.826416,18.2889,-0.318493E-02
0.827026,18.3024,0.742012E-02
0.827637,18.3159,-0.701971E-02
0.828247,18.3294,-0.404023E-01
0.828857,18.3429,-0.991411E-02
0.829468,18.3564,0.112832
0.830078,18.3699,-0.335729E-01
0.830688,18.3835,-0.104966E-01
0.831299,18.3970,0.392806E-01
0.831909,18.4105,0.580959E-01
0.832520,18.4240,-0.221711E-01
0.833130,18.4375,0.416993E-02
0.833740,18.4510,-0.529382E-02
0.834351,18.4645,-0.234162E-01
0.834961,18.4780,0.593889E-01
0.835571,18.4915,0.903972E-01
0.836182,18.5050,0.260363E-01
0.836792,18.5185,0.564918E-02
0.837402,18.5320,0.857210E-01
0.838013,18.5455,-0.503940E-01
0.838623,18.5590,-0.225454E-01
0.839233,18.5726,0.879747E-02
0.839844,18.5861,-0.122321E-01
0.840454,18.5996,0.514652E-02
0.841064,18.6131,-0.437409E-02
0.841675,18.6266,-0.793981E-01
0.842285,18.6401,0.999203E-01
0.842896,18.6536,-0.263305E-01
0.843506,18.6671,0.136659
0.844116,18.6806,0.164892
0.844727,18.6941,-0.489682E-01
0.845337,18.7076,-0.659161E-02
0.845947,18.7211,-0.126255E-02
0.846558,18.7346,-0.580667E-03
0.847168,18.7482,0.437954E-01
0.847778,18.7617,0.369906E-01
0.848389,18.7752,-0.430719E-01
0.848999,18.7887,0.376334E-01
0.849609,18.8022,0.174943E-01
0.850220,18.8157,-0.510138E-01
0.850830,18.8292,0.349904E-01
0.851440,18.8427,0.112464E-01
0.852051,18.8562,-0.612729E-02
0.852661,18.8697,0.836022E-02
0.853271,18.8832,0.218341E-01
0.853882,18.8967,-0.543344E-01
0.854492,18.9102,0.324550E-01
0.855103,18.9237,-0.493651E-02
0.855713,18.9373,-0.751265E-03
0.856323,18.9508,0.342002E-01
0.856934,18.9643,0.128052E-01
0.857544,18.9778,0.383474E-01
0.858154,18.9913,-0.217400E-01
0.858765,19.0048,0.175405E-01
0.859375,19.0183,0.371127E-01
0.859985,19.0318,0.937122E-01
0.860596,19.0453,-0.145716E-01
0.861206,19.0588,0.362921E-01
0.861816,19.0723,-0.468766E-01
0.862427,19.0858,0.769354E-02
0.863037,19.0993,-0.281694E-03
0.863647,19.1128,0.303824E-01
0.864258,19.1264,0.142580E-01
0.864868,19.1399,0.582581E-01
0.865479,19.1534,0.195959E-01
0.866089,19.1669,-0.522343E-01
0.866699,19.1804,0.140083
0.867310,19.1939,-0.730232E-02
0.867920,19.2074,0.438641E-01
0.868530,19.2209,0.432521E-02
0.869141,19.2344,0.304581E-01
0.869751,19.2479,0.161963E-01
0.870361,19.2614,-0.880578E-02
0.870972,19.2749,0.189980E-01
0.871582,19.2884,-0.574949E-02
0.872192,19.3020,0.378565E-01
0.872803,19.3155,0.531414E-01
0.873413,19.3290,-0.596407E-01
0.874023,19.3425,0.512378E-02
0.874634,19.3560,-0.206609E-02
0.875244,19.3695,0.859384E-01
0.875854,19.3830,0.226561E-01
0.876465,19.3965,-0.642299E-02
0.877075,19.4100,0.440925E-01
0.877686,19.4235,-0.489116E-02
0.878296,19.4370,0.102872E-01
0.878906,19.4505,0.873002E-01
0.879517,19.4640,0.455810E-01
0.880127,19.4775,-0.857844E-01
0.880737,19.4911,-0.760403E-03
0.881348,19.5046,0.175453E-01
0.881958,19.5181,0.144905E-01
0.882568,19.5316,-0.147547E-02
0.883179,19.5451,-0.397444E-01
0.883789,19.5586,0.686650E-01
0.884399,19.5721,0.106886E-01
0.885010,19.5856,-0.172219E-01
0.885620,19.5991,-0.587593E-01
0.886230,19.6126,0.415217E-01
0.886841,19.6261,-0.357764E-01
0.887451,19.6396,-0.322327E-01
0.888062,19.6531,0.191665E-01
0.888672,19.6666,0.176571
0.889282,19.6802,0.914861E-02
0.889893,19.6937,0.108525
0.890503,19.7072,0.208827E-01
0.891113,19.7207,-0.418538E-02
0.891724,19.7342,-0.157868E-01
0.892334,19.7477,0.452568E-02
0.892944,19.7612,0.668823E-01
0.893555,19.7747,-0.346408E-01
0.894165,19.7882,-0.188117E-01
0.894775,19.8017,-0.235888E-01
0.895386,19.8152,0.489825E-01
0.895996,19.8287,0.750234E-02
0.896606,19.8422,-0.671426E-01
0.897217,19.8558,0.421840E-01
0.897827,19.8693,0.129407E-01
0.898438,19.8828,-0.292851E-01
0.899048,19.8963,-0.164549E-02
0.899658,19.9098,0.127484E-01
0.900269,19.9233,-0.332476E-01
0.900879,19.9368,0.111977
0.901489,19.9503,0.681746E-02
0.902100,19.9638,-0.357652E-03
0.902710,19.9773,-0.129286E-01
0.903320,19.9908,-0.321239E-02
0.903931,20.0043,0.169452E-01
0.904541,20.0178,-0.286615E-01
0.905151,20.0313,0.116667
0.905762,20.0449,0.169718E-01
0.906372,20.0584,-0.187881E-01
0.906982,20.0719,-0.340272E-01
0.907593,20.0854,0.258954E-01
0.908203,20.0989,-0.694305E-01
0.908813,20.1124,0.109287
0.909424,20.1259,-0.498162E-02
0.910034,20.1394,0.659955E-01
0.910645,20.1529,-0.478254E-01
0.911255,20.1664,-0.144764E-01
0.911865,20.1799,0.368654E-01
0.912476,20.1934,0.260748E-01
0.913086,20.2069,0.420362E-02
0.913696,20.2204,-0.178023E-01
0.914307,20.2340,0.449103E-01
0.914917,20.2475,-0.334744E-01
0.915527,20.2610,0.324237E-01
0.916138,20.2745,0.838962E-01
0.916748,20.2880,0.622672E-02
0.917358,20.3015,0.577307E-02
0.917969,20.3150,0.588113E-01
0.918579,20.3285,0.484879E-01
0.919189,20.3420,0.251686E-01
0.919800,20.3555,-0.768837E-02
0.920410,20.3690,0.147456E-01
0.921021,20.3825,0.599181E-01
0.921631,20.3960,-0.167941E-01
0.922241,20.4096,0.609779E-01
0.922852,20.4231,0.499351E-01
0.923462,20.4366,0.152078E-02
0.924072,20.4501,-0.105540E-01
0.924683,20.4636,0.213220E-01
0.925293,20.4771,0.210739E-01
0.925903,20.4906,0.105686E-02
0.926514,20.5041,-0.103217E-01
0.927124,20.5176,0.523381E-01
0.927734,20.5311,-0.742440E-01
0.928345,20.5446,0.523272E-01
0.928955,20.5581,0.126062E-01
0.929565,20.5716,-0.558562E-01
0.930176,20.5851,0.100272E-01
0.930786,20.5987,0.142868E-01
0.931396,20.6122,0.700312E-02
0.932007,20.6257,0.447678E-01
0.932617,20.6392,0.862465E-01
0.933228,20.6527,-0.311725E-01
0.933838,20.6662,0.201761E-01
0.934448,20.6797,0.483591E-01
0.935059,20.6932,-0.456423E-02
0.935669,20.7067,-0.842566E-02
0.936279,20.7202,0.570400E-01
0.936890,20.7337,0.102218
0.937500,20.7472,0.135488
0.938110,20.7607,0.405692E-01
0.938721,20.7742,-0.172592E-01
0.939331,20.7878,-0.157812E-01
0.939941,20.8013,-0.265009E-01
0.940552,20.8148,0.434371E-01
0.941162,20.8283,0.218164
0.941772,20.8418,-0.188388E-02
0.942383,20.8553,0.675410E-01
0.942993,20.8688,-0.235343E-01
0.943604,20.8823,0.120812E-03
0.944214,20.8958,0.221615E-01
0.944824,20.9093,-0.752526E-03
0.945435,20.9228,0.764149E-02
0.946045,20.9363,-0.466002E-01
0.946655,20.9498,0.168899E-02
0.947266,20.9634,-0.145156E-01
0.947876,20.9769,0.872864E-02
0.948486,20.9904,-0.103364E-01
0.949097,21.0039,0.481942E-01
0.949707,21.0174,0.209224E-01
0.950317,21.0309,-0.726234E-02
0.950928,21.0444,-0.234187E-01
0.951538,21.0579,0.311949E-01
0.952148,21.0714,0.333548E-01
0.952759,21.0849,-0.168086E-02
0.953369,21.0984,-0.177647E-01
0.953979,21.1119,0.114776
0.954590,21.1254,-0.384013E-01
0.955200,21.1389,-0.122300E-01
0.955811,21.1525,-0.334836E-01
0.956421,21.1660,0.540229E-01
0.957031,21.1795,0.124787E-01
0.957642,21.1930,0.191983E-01
0.958252,21.2065,0.855825E-01
0.958862,21.2200,0.316899E-01
0.959473,21.2335,-0.168589E-01
0.960083,21.2470,0.244132E-01
0.960693,21.2605,-0.226278E-01
0.961304,21.2740,-0.553654E-02
0.961914,21.2875,0.156435E-01
0.962524,21.3010,-0.257828E-02
0.963135,21.3145,-0.232507E-01
0.963745,21.3280,0.488984E-01
0.964355,21.3416,0.205140E-02
0.964966,21.3551,0.361612E-01
0.965576,21.3686,0.316262E-02
0.966187,21.3821,-0.506848E-02
0.966797,21.3956,-0.254585E-02
0.967407,21.4091,0.246677E-01
0.968018,21.4226,0.258753E-01
0.968628,21.4361,0.274165E-01
0.969238,21.4496,-0.196721E-01
0.969849,21.4631,0.149297E-01
0.970459,21.4766,0.236654E-01
0.971069,21.4901,-0.566586E-02
0.971680,21.5036,0.515811E-01
0.972290,21.5172,0.342246E-01
0.972900,21.5307,-0.208756E-01
0.973511,21.5442,0.112553E-01
0.974121,21.5577,0.246791E-01
0.974731,21.5712,-0.803330E-02
0.975342,21.5847,0.496189E-02
0.975952,21.5982,-0.402316E-01
0.976562,21.6117,-0.450058E-01
0.977173,21.6252,0.418953E-01
0.977783,21.6387,-0.737660E-01
0.978394,21.6522,-0.303135E-01
0.979004,21.6657,0.604830E-01
0.979614,21.6792,-0.764572E-01
0.980225,21.6927,-0.490854E-01
0.980835,21.7063,-0.128962E-01
0.981445,21.7198,0.119328E-02
0.982056,21.7333,-0.135905E-01
0.982666,21.7468,0.585226E-01
0.983276,21.7603,0.499920E-02
0.983887,21.7738,0.183580E-01
0.984497,21.7873,0.226106E-01
0.985107,21.8008,-0.155577E-01
0.985718,21.8143,0.454535E-01
0.986328,21.8278,-0.132512E-01
0.986938,21.8413,0.485244E-01
0.987549,21.8548,0.285709E-01
0.988159,21.8683,0.401186E-02
0.988770,21.8818,0.606032E-02
0.989380,21.8954,0.110104
0.989990,21.9089,0.834104E-02
0.990601,21.9224,-0.476010E-02
0.991211,21.9359,-0.140892
0.991821,21.9494,-0.512303E-01
0.992432,21.9629,-0.536249E-01
0.993042,21.9764,0.447296E-01
0.993652,21.9899,0.435952E-01
0.994263,22.0034,0.107116E-01
0.994873,22.0169,0.584822E-01
0.995483,22.0304,0.349675E-01
0.996094,22.0439,0.882212E-03
0.996704,22.0574,0.861364E-02
0.997314,22.0710,0.198498E-01
0.997925,22.0845,-0.652643E-02
0.998535,22.0980,0.422645E-02
0.999146,22.1115,-0.231646E-01
0.999756,22.1250,-0.916201E-02
1.00037,22.1385,-0.144892
1.00098,22.1520,0.617991E-01
1.00159,22.1655,0.590853E-01
1.00220,22.1790,0.205778E-01
1.00281,22.1925,0.298693E-01
1.00342,22.2060,-0.242035E-02
1.00403,22.2195,0.215436E-01
1.00464,22.2330,0.470026E-01
1.00525,22.2465,0.443854E-01
1.00586,22.2601,-0.249468E-01
1.00647,22.2736,0.695214E-02
1.00708,22.2871,-0.617669E-02
1.00769,22.3006,-0.549377E-01
1.00830,22.3141,-0.149721E-01
1.00891,22.3276,0.921188E-02
1.00952,22.3411,0.206206E-01
1.01013,22.3546,0.372384E-02
1.01074,22.3681,0.330113E-01
1.01135,22.3816,0.142484E-01
1.01196,22.3951,0.302750E-02
1.01257,22.4086,0.750179E-02
1.01318,22.4221,0.510889E-02
1.01379,22.4356,0.107734E-01
1.01440,22.4492,0.309280E-01
1.01501,22.4627,0.312045E-01
1.01562,22.4762,-0.991190E-02
1.01624,22.4897,-0.390671E-01
1.01685,22.5032,0.361197E-02
1.01746,22.5167,-0.490637E-01
1.01807,22.5302,0.497243E-01
1.01868,22.5437,-0.157027E-02
1.01929,22.5572,-0.850338E-01
1.01990,22.5707,-0.692382E-01
1.02051,22.5842,-0.678264E-02
1.02112,22.5977,0.751451E-02
1.02173,22.6112,-0.956592E-02
1.02234,22.6248,0.188995E-01
1.02295,22.6383,-0.104578
1.02356,22.6518,0.207112E-01
1.02417,22.6653,-0.132612E-01
1.02478,22.6788,0.392067E-01
1.02539,22.6923,0.380080E-01
1.02600,22.7058,-0.694072E-02
1.02661,22.7193,0.561369E-01
1.02722,22.7328,-0.282858E-02
1.02783,22.7463,0.525037E-01
1.02844,22.7598,0.768675E-01
1.02905,22.7733,-0.128177E-01
1.02966,22.7868,0.214876E-02
1.03027,22.8003,0.176114E-01
1.03088,22.8139,-0.255610E-01
1.03149,22.8274,-0.301184E-02
1.03210,22.8409,-0.343376E-01
1.03271,22.8544,-0.860607E-02
1.03333,22.8679,0.486376E-01
1.03394,22.8814,-0.275463E-01
1.03455,22.8949,0.233084E-02
1.03516,22.9084,0.322334E-01
1.03577,22.9219,0.447796E-02
1.03638,22.9354,-0.344171E-02
1.03699,22.9489,0.394374E-02
1.03760,22.9624,0.672952E-01
1.03821,22.9759,-0.533208E-01
1.03882,22.9894,0.900338E-01
1.03943,23.0030,0.155094E-01
1.04004,23.0165,-0.889593E-02
1.04065,23.0300,0.590796E-02
1.04126,23.0435,0.635182E-01
1.04187,23.0570,0.295636E-01
1.04248,23.0705,0.678804E-01
1.04309,23.0840,0.342572E-03
1.04370,23.0975,-0.262997E-01
1.04431,23.1110,-0.270906E-02
1.04492,23.1245,0.113138E-01
1.04553,23.1380,0.134455E-01
1.04614,23.1515,-0.776444E-01
1.04675,23.1650,0.399377E-01
1.04736,23.1786,0.204298E-01
1.04797,23.1921,0.389936E-02
1.04858,23.2056,0.365572E-01
1.04919,23.2191,0.151275E-01
1.04980,23.2326,0.334164E-01
1.05042,23.2461,0.417982E-01
1.05103,23.2596,0.449803E-01
1.05164,23.2731,0.318573E-02
1.05225,23.2866,0.766004E-02
1.05286,23.3001,0.434250E-01
1.05347,23.3136,0.330618E-01
1.05408,23.3271,0.223809E-01
1.05469,23.3406,-0.374067E-01
1.05530,23.3541,-0.479571E-02
1.05591,23.3677,0.883150E-02
1.05652,23.3812,-0.407057E-01
1.05713,23.3947,0.161012E-01
1.05774,23.4082,0.150159E-01
1.05835,23.4217,0.323044E-01
1.05896,23.4352,-0.345146E-01
1.05957,23.4487,0.510313E-01
1.06018,23.4622,0.800524E-02
1.06079,23.4757,-0.293618E-01
1.06140,23.4892,0.378096E-01
1.06201,23.5027,0.574290E-01
1.06262,23.5162,0.256657E-01
1.06323,23.5297,0.397809E-01
1.06384,23.5432,-0.536104E-01
1.06445,23.5568,0.120985
1.06506,23.5703,-0.629473E-03
1.06567,23.5838,-0.529804E-01
1.06628,23.5973,-0.117506E-01
1.06689,23.6108,-0.312075E-01
1.06750,23.6243,-0.154400E-01
1.06812,23.6378,-0.178069E-01
1.06873,23.6513,0.867793E-02
1.06934,23.6648,-0.901457E-02
1.06995,23.6783,0.139986E-01
1.07056,23.6918,-0.240775E-01
1.07117,23.7053,-0.480189E-01
1.07178,23.7188,0.141993E-02
1.07239,23.7324,0.202069E-01
1.07300,23.7459,0.113161
1.07361,23.7594,-0.240038E-01
1.07422,23.7729,0.293784E-01
1.07483,23.7864,-0.235417E-01
1.07544,23.7999,-0.545610E-02
1.07605,23.8134,-0.916503E-02
1.07666,23.8269,-0.480589E-03
1.07727,23.8404,-0.250683E-01
1.07788,23.8539,0.238463E-01
1.07849,23.8674,-0.325585E-01
1.07910,23.8809,0.109687E-01
1.07971,23.8944,-0.391183E-02
1.08032,23.9079,-0.434454E-02
1.08093,23.9215,0.113300E-01
1.08154,23.9350,0.494398E-01
1.08215,23.9485,0.348974E-01
1.08276,23.9620,-0.885414E-03
1.08337,23.9755,0.227439E-01
1.08398,23.9890,-0.121510E-01
1.08459,24.0025,-0.762647E-01
1.08521,24.0160,-0.151208E-01
1.08582,24.0295,-0.160655E-01
1.08643,24.0430,0.694557E-02
1.08704,24.0565,-0.841337E-02
1.08765,24.0700,0.913600E-04
1.08826,24.0835,0.600231E-01
1.08887,24.0970,0.416589E-01
1.08948,24.1106,0.254661E-02
1.09009,24.1241,0.133084E-01
1.09070,24.1376,0.545011E-01
1.09131,24.1511,-0.249623E-01
1.09192,24.1646,-0.789320E-02
1.09253,24.1781,0.171891E-02
1.09314,24.1916,0.196026E-02
1.09375,24.2051,0.339117E-01
1.09436,24.2186,0.805368E-01
1.09497,24.2321,-0.140637E-01
1.09558,24.2456,-0.322431E-01
1.09619,24.2591,0.185768E-01
1.09680,24.2726,-0.313684E-01
1.09741,24.2862,0.517928E-02
1.09802,24.2997,-0.970400E-01
1.09863,24.3132,-0.151413E-01
1.09924,24.3267,0.972131E-02
1.09985,24.3402,-0.204122E-01
1.10046,24.3537,-0.693409E-03
1.10107,24.3672,-0.249832E-01
1.10168,24.3807,0.380951E-01
1.10229,24.3942,0.135370E-01
1.10291,24.4077,0.239852E-01
1.10352,24.4212,-0.979570E-01
1.10413,24.4347,0.331448E-02
1.10474,24.4482,0.398554E-03
1.10535,24.4617,-0.505703E-01
1.10596,24.4753,0.258045E-02
1.10657,24.4888,0.654934E-01
1.10718,24.5023,-0.114538E-01
1.10779,24.5158,0.313657E-01
1.10840,24.5293,-0.306896E-01
1.10901,24.5428,0.260845E-01
1.10962,24.5563,-0.377239E-02
1.11023,24.5698,-0.736812E-02
1.11084,24.5833,0.126735E-01
1.11145,24.5968,-0.441661E-02
1.11206,24.6103,0.479727E-02
1.11267,24.6238,0.285674E-02
1.11328,24.6373,-0.683651E-02
1.11389,24.6508,0.365319E-01
1.11450,24.6644,0.963606E-02
1.11511,24.6779,0.406422E-02
1.11572,24.6914,0.402547E-02
1.11633,24.7049,0.906292E-01
1.11694,24.7184,-0.487248E-02
1.11755,24.7319,-0.283923E-01
1.11816,24.7454,0.118608
1.11877,24.7589,0.685460E-03
1.11938,24.7724,0.206702E-01
1.12000,24.7859,-0.161571E-01
1.12061,24.7994,0.164977E-01
1.12122,24.8129,-0.606046E-02
1.12183,24.8264,0.154662E-01
1.12244,24.8399,-0.394430E-01
1.12305,24.8535,0.737100E-01
1.12366,24.8670,0.265205E-01
1.12427,24.8805,-0.447663E-01
1.12488,24.8940,-0.347168E-01
1.12549,24.9075,-0.711348E-03
1.12610,24.9210,-0.288526E-02
1.12671,24.9345,-0.109315E-01
1.12732,24.9480,-0.246123E-01
1.12793,24.9615,-0.482133E-02
1.12854,24.9750,0.812064E-02
1.12915,24.9885,0.193167E-01
1.12976,25.0020,-0.176104E-01
1.13037,25.0155,-0.839636E-02
1.13098,25.0291,0.329693E-01
1.13159,25.0426,0.173119E-01
1.13220,25.0561,-0.191526E-01
1.13281,25.0696,-0.285294E-02
1.13342,25.0831,0.234365E-02
1.13403,25.0966,0.571660E-01
1.13464,25.1101,0.618500E-02
1.13525,25.1236,0.986858E-01
1.13586,25.1371,0.202392E-01
1.13647,25.1506,-0.105929E-02
1.13708,25.1641,-0.124442E-02
1.13770,25.1776,0.476259E-01
1.13831,25.1911,0.904244E-01
1.13892,25.2046,0.883238E-01
1.13953,25.2182,0.115381
1.14014,25.2317,-0.384247E-02
1.14075,25.2452,-0.686694E-02
1.14136,25.2587,-0.708187E-02
1.14197,25.2722,0.655547E-02
1.14258,25.2857,0.462592E-03
1.14319,25.2992,-0.100344E-02
1.14380,25.3127,0.114605E-02
1.14441,25.3262,0.594241E-01
1.14502,25.3397,-0.236085E-01
1.14563,25.3532,-0.106707E-01
1.14624,25.3667,0.128585E-01
1.14685,25.3802,0.369058E-01
1.14746,25.3937,-0.292574E-01
1.14807,25.4073,0.192576E-01
1.14868,25.4208,-0.150286E-01
1.14929,25.4343,-0.667676E-01
1.14990,25.4478,-0.282285E-01
1.15051,25.4613,-0.667255E-02
1.15112,25.4748,-0.117895E-01
1.15173,25.4883,0.431815E-02
1.15234,25.5018,0.330166E-02
1.15295,25.5153,0.735541E-01
1.15356,25.5288,-0.331611E-01
1.15417,25.5423,0.258038E-01
1.15479,25.5558,0.182746E-02
1.15540,25.5693,0.125286E-01
1.15601,25.5829,-0.137756E-02
1.15662,25.5964,0.193446E-01
1.15723,25.6099,-0.367077E-01
1.15784,25.6234,0.672273E-01
1.15845,25.6369,-0.670001E-02
1.15906,25.6504,0.780356E-02
1.15967,25.6639,-0.186158E-02
1.16028,25.6774,0.107361E-01
1.16089,25.6909,-0.263188E-01
1.16150,25.7044,0.320730E-02
1.16211,25.7179,0.176523E-01
1.16272,25.7314,-0.180244E-01
1.16333,25.7449,0.139431E-01
1.16394,25.7584,0.298174E-02
1.16455,25.7720,-0.203894E-01
1.16516,25.7855,0.200044E-01
1.16577,25.7990,0.193650E-01
1.16638,25.8125,0.635754E-02
1.16699,25.8260,0.120428E-01
1.16760,25.8395,0.268418E-02
1.16821,25.8530,0.823607E-01
1.16882,25.8665,0.230774E-01
1.16943,25.8800,-0.229857E-02
1.17004,25.8935,0.683140E-01
1.17065,25.9070,-0.120616E-01
1.17126,25.9205,-0.489769E-01
1.17188,25.9340,0.666017E-01
1.17249,25.9475,-0.340523E-02
1.17310,25.9611,-0.134711E-01
1.17371,25.9746,0.941872E-02
1.17432,25.9881,-0.320407E-02
1.17493,26.0016,0.538057E-01
1.17554,26.0151,-0.970762E-02
1.17615,26.0286,-0.427951E-01
1.17676,26.0421,0.996227E-02
1.17737,26.0556,0.753899E-01
1.17798,26.0691,-0.209458E-01
1.17859,26.0826,0.559722E-01
1.17920,26.0961,0.230392E-01
1.17981,26.1096,-0.178709E-02
1.18042,26.1231,-0.178116E-02
1.18103,26.1367,-0.989836E-02
1.18164,26.1502,0.136940E-02
1.18225,26.1637,-0.998128E-02
1.18286,26.1772,0.864309E-01
1.18347,26.1907,-0.734066E-01
1.18408,26.2042,0.438732E-01
1.18469,26.2177,-0.732992E-03
1.18530,26.2312,-0.125268E-01
1.18591,26.2447,-0.710040E-02
1.18652,26.2582,-0.204862E-01
1.18713,26.2717,0.791363E-02
1.18774,26.2852,0.486877E-01
1.18835,26.2987,0.688799E-02
1.18896,26.3122,0.622565E-03
1.18958,26.3258,-0.117346
1.19019,26.3393,0.778470E-01
1.19080,26.3528,0.144840E-01
1.19141,26.3663,0.229391E-01
1.19202,26.3798,-0.103679E-03
1.19263,26.3933,0.853584E-01
1.19324,26.4068,0.976408E-02
1.19385,26.4203,0.194140E-01
1.19446,26.4338,0.256002E-03
1.19507,26.4473,0.644530E-01
1.19568,26.4608,-0.268304E-01
1.19629,26.4743,0.512193E-01
1.19690,26.4878,0.486974E-01
1.19751,26.5013,0.316520E-01
1.19812,26.5149,0.871788E-01
1.19873,26.5284,0.726968E-01
1.19934,26.5419,0.427102E-01
1.19995,26.5554,-0.238925E-02
1.20056,26.5689,0.347338E-01
1.20117,26.5824,-0.132061E-01
1.20178,26.5959,0.245597E-03
1.20239,26.6094,-0.181581E-01
1.20300,26.6229,0.344838E-01
1.20361,26.6364,0.141635E-02
1.20422,26.6499,0.145012E-01
1.20483,26.6634,-0.202497E-01
1.20544,26.6769,0.157142E-01
1.20605,26.6905,0.701878E-01
1.20667,26.7040,0.172750E-01
1.20728,26.7175,0.420184E-01
1.20789,26.7310,0.198501E-01
1.20850,26.7445,0.779876E-03
1.20911,26.7580,0.878678E-02
1.20972,26.7715,-0.114171E-01
1.21033,26.7850,0.459107E-02
1.21094,26.7985,0.254059E-01
1.21155,26.8120,-0.654685E-02
1.21216,26.8255,0.120060
1.21277,26.8390,0.213665E-01
1.21338,26.8525,0.528660E-01
1.21399,26.8660,0.376460E-01
1.21460,26.8796,-0.534235E-01
1.21521,26.8931,0.252096E-01
1.21582,26.9066,0.703547E-03
1.21643,26.9201,-0.254725E-01
1.21704,26.9336,0.264311E-01
1.21765,26.9471,0.996259E-03
1.21826,26.9606,0.182710E-01
1.21887,26.9741,-0.141782E-01
1.21948,26.9876,0.183506E-01
1.22009,27.0011,-0.276448E-01
1.22070,27.0146,-0.609806E-03
1.22131,27.0281,0.175272E-02
1.22192,27.0416,-0.772914E-02
1.22253,27.0551,-0.213463E-01
1.22314,27.0687,-0.153837E-01
1.22375,27.0822,-0.229795E-01
1.22437,27.0957,-0.154465E-01
1.22498,27.1092,0.496324E-01
1.22559,27.1227,0.219635E-02
1.22620,27.1362,0.525356E-02
1.22681,27.1497,0.154967E-01
1.22742,27.1632,0.484511E-02
1.22803,27.1767,0.105494E-01
1.22864,27.1902,0.182883E-01
1.22925,27.2037,0.151831E-02
1.22986,27.2172,0.344167E-01
1.23047,27.2307,0.504659E-01
1.23108,27.2443,-0.559554E-03
1.23169,27.2578,0.202179E-01
1.23230,27.2713,-0.234367E-01
1.23291,27.2848,-0.197856E-01
1.23352,27.2983,0.804795E-01
1.23413,27.3118,-0.236408E-01
1.23474,27.3253,0.532700E-01
1.23535,27.3388,0.225879E-01
1.23596,27.3523,0.254844E-01
1.23657,27.3658,0.125145E-01
1.23718,27.3793,-0.221459E-01
1.23779,27.3928,0.316498E-01
1.23840,27.4063,0.660666E-02
1.23901,27.4198,0.254672E-01
1.23962,27.4334,0.505356E-01
1.24023,27.4469,-0.276395E-02
1.24084,27.4604,-0.126693E-03
1.24146,27.4739,0.729402E-01
1.24207,27.4874,-0.379600E-01
1.24268,27.5009,-0.326870E-01
1.24329,27.5144,0.604806E-01
1.24390,27.5279,-0.486292E-02
1.24451,27.5414,-0.517961E-01
1.24512,27.5549,0.186863E-01
1.24573,27.5684,-0.537179E-02
1.24634,27.5819,0.249247E-01
1.24695,27.5954,-0.266071E-01
1.24756,27.6089,0.953758E-02
1.24817,27.6225,0.109091E-02
1.24878,27.6360,0.189128E-01
1.24939,27.6495,0.121908E-01
1.25000,27.6630,-0.411370E-02
1.25061,27.6765,0.341841E-01
1.25122,27.6900,-0.330591E-02
1.25183,27.7035,-0.412076E-01
1.25244,27.7170,0.610445E-01
1.25305,27.7305,0.430991E-01
1.25366,27.7440,0.221670E-01
1.25427,27.7575,0.339364E-02
1.25488,27.7710,0.101991E-01
1.25549,27.7845,0.439868E-01
1.25610,27.7981,-0.569060E-02
1.25671,27.8116,-0.812270E-02
1.25732,27.8251,0.287042E-01
1.25793,27.8386,-0.824551E-01
1.25854,27.8521,0.604920E-01
1.25916,27.8656,-0.138409
1.25977,27.8791,-0.298711E-01
1.26038,27.8926,-0.673147E-03
1.26099,27.9061,0.370899E-02
1.26160,27.9196,0.152660
1.26221,27.9331,-0.823572E-03
1.26282,27.9466,-0.139764E-02
1.26343,27.9601,0.821622E-01
1.26404,27.9736,0.766213E-02
1.26465,27.9872,0.325655E-02
1.26526,28.0007,0.135267E-01
1.26587,28.0142,0.280950E-01
1.26648,28.0277,-0.451393E-01
1.26709,28.0412,0.188356E-01
1.26770,28.0547,-0.247032E-01
1.26831,28.0682,0.342735E-01
1.26892,28.0817,-0.387904E-01
1.26953,28.0952,0.114443E-01
1.27014,28.1087,-0.965772E-03
1.27075,28.1222,0.172767
1.27136,28.1357,-0.400032E-02
1.27197,28.1492,-0.385774E-01
1.27258,28.1627,-0.287269E-02
1.27319,28.1763,-0.374145E-01
1.27380,28.1898,0.470527E-02
1.27441,28.2033,-0.521387E-02
1.27502,28.2168,-0.592894E-03
1.27563,28.2303,0.533875E-01
1.27625,28.2438,-0.561467E-01
1.27686,28.2573,0.618592E-01
1.27747,28.2708,-0.176623E-01
1.27808,28.2843,0.942117E-02
1.27869,28.2978,0.379411E-01
1.27930,28.3113,-0.649954E-03
1.27991,28.3248,0.689247E-01
1.28052,28.3383,-0.203439E-01
1.28113,28.3519,0.181852E-01
1.28174,28.3654,0.904457E-02
1.28235,28.3789,-0.421782E-02
1.28296,28.3924,0.290346E-02
1.28357,28.4059,0.275787E-01
1.28418,28.4194,0.211166E-01
1.28479,28.4329,0.600378E-02
1.28540,28.4464,0.470517E-01
1.28601,28.4599,0.191578E-01
1.28662,28.4734,-0.346778E-01
1.28723,28.4869,0.455582E-01
1.28784,28.5004,0.394123E-01
1.28845,28.5139,0.139873E-01
1.28906,28.5274,0.315826E-01
1.28967,28.5410,-0.510134E-01
1.29028,28.5545,0.161465E-02
1.29089,28.5680,0.155051
1.29150,28.5815,0.804327E-02
1.29211,28.5950,-0.439400E-01
1.29272,28.6085,0.331587E-01
1.29333,28.6220,-0.485717E-02
1.29395,28.6355,0.289326E-02
1.29456,28.6490,-0.559311E-01
1.29517,28.6625,0.442304E-01
1.29578,28.6760,-0.488744E-02
1.29639,28.6895,-0.429731E-01
1.29700,28.7030,0.725771E-03
1.29761,28.7165,-0.168621E-01
1.29822,28.7301,-0.922483E-03
1.29883,28.7436,-0.256376E-02
1.29944,28.7571,-0.508784E-01
1.30005,28.7706,-0.469810E-01
1.30066,28.7841,0.649174E-02
1.30127,28.7976,-0.335540E-02
1.30188,28.8111,0.306255E-01
1.30249,28.8246,0.847248E-03
1.30310,28.8381,0.122373E-01
1.30371,28.8516,0.832888E-03
1.30432,28.8651,-0.127659E-01
1.30493,28.8786,0.372221E-01
1.30554,28.8921,-0.893729E-02
1.30615,28.9057,-0.386837E-02
1.30676,28.9192,-0.963456E-02
1.30737,28.9327,-0.204221E-01
1.30798,28.9462,-0.516945E-02
1.30859,28.9597,0.214465E-01
1.30920,28.9732,0.424450E-01
1.30981,28.9867,-0.186729E-01
1.31042,29.0002,0.675333E-01
1.31104,29.0137,0.332671E-01
1.31165,29.0272,0.532458E-01
1.31226,29.0407,-0.797694E-01
1.31287,29.0542,-0.188519E-01
1.31348,29.0677,0.477050E-02
1.31409,29.0812,-0.265838E-01
1.31470,29.0948,0.141483E-01
1.31531,29.1083,0.311579E-01
1.31592,29.1218,-0.735972E-01
1.31653,29.1353,0.103947
1.31714,29.1488,0.225795E-01
1.31775,29.1623,-0.403588E-01
1.31836,29.1758,0.311227E-01
1.31897,29.1893,-0.445055E-01
1.31958,29.2028,0.260252E-01
1.32019,29.2163,-0.377784E-02
1.32080,29.2298,0.103217E-02
1.32141,29.2433,-0.119550E-01
1.32202,29.2568,0.379609E-01
1.32263,29.2703,0.776290E-01
1.32324,29.2839,-0.204948E-02
1.32385,29.2974,0.276835E-01
1.32446,29.3109,-0.242146E-02
1.32507,29.3244,0.321989E-01
1.32568,29.3379,0.407613E-01
1.32629,29.3514,-0.290912E-01
1.32690,29.3649,0.108515
1.32751,29.3784,0.610072E-01
1.32812,29.3919,0.294241E-01
1.32874,29.4054,0.859607E-02
1.32935,29.4189,-0.754899E-02
1.32996,29.4324,0.301236E-01
1.33057,29.4459,-0.585272E-01
1.33118,29.4595,-0.111626E-01
1.33179,29.4730,0.135626E-01
1.33240,29.4865,0.759445E-01
1.33301,29.5000,0.606303E-02
1.33362,29.5135,0.762766E-01
1.33423,29.5270,0.126144E-01
1.33484,29.5405,0.113820E-01
1.33545,29.5540,0.216011E-02
1.33606,29.5675,-0.251926E-01
1.33667,29.5810,-0.337640E-01
1.33728,29.5945,0.441773E-01
1.33789,29.6080,0.238848E-01
1.33850,29.6215,0.908526E-02
1.33911,29.6350,-0.103313E-01
1.33972,29.6486,-0.462963E-01
1.34033,29.6621,0.712010E-02
1.34094,29.6756,0.587929E-02
1.34155,29.6891,0.399891E-01
1.34216,29.7026,0.956565E-02
1.34277,29.7161,0.447965E-01
1.34338,29.7296,-0.547167E-01
1.34399,29.7431,0.130569E-01
1.34460,29.7566,-0.369145E-01
1.34521,29.7701,0.744144E-03
1.34583,29.7836,0.395871E-01
1.34644,29.7971,-0.748894E-02
1.34705,29.8106,0.378594E-01
1.34766,29.8241,-0.421014E-01
1.34827,29.8377,0.431666E-01
1.34888,29.8512,0.133777E-01
1.34949,29.8647,-0.197096E-01
1.35010,29.8782,-0.952735E-03
1.35071,29.8917,0.431472E-02
1.35132,29.9052,0.282477E-01
1.35193,29.9187,0.473976E-02
1.35254,29.9322,-0.120633E-01
1.35315,29.9457,0.158943E-01
1.35376,29.9592,0.241954E-01
1.35437,29.9727,0.535750E-01
1.35498,29.9862,-0.573779E-03
1.35559,29.9997,0.545173E-02
1.35620,30.0133,0.888269E-02
1.35681,30.0268,0.101117E-01
1.35742,30.0403,-0.515168E-02
1.35803,30.0538,-0.299078E-02
1.35864,30.0673,0.204720E-01
1.35925,30.0808,-0.124433E-01
1.35986,30.0943,-0.190327E-01
1.36047,30.1078,-0.259346E-01
1.36108,30.1213,-0.319044E-01
1.36169,30.1348,0.643721E-02
1.36230,30.1483,-0.537235E-01
1.36292,30.1618,0.842000E-01
1.36353,30.1753,0.141558E-01
1.36414,30.1888,-0.242358E-01
1.36475,30.2024,-0.184316E-01
1.36536,30.2159,-0.443284E-02
1.36597,30.2294,0.469670E-02
1.36658,30.2429,-0.120242E-01
1.36719,30.2564,-0.351736E-02
1.36780,30.2699,-0.123776E-01
1.36841,30.2834,-0.284136E-01
1.36902,30.2969,0.337168E-01
1.36963,30.3104,0.193229E-03
1.37024,30.3239,0.182179E-01
1.37085,30.3374,0.945452E-02
1.37146,30.3509,0.914913E-02
1.37207,30.3644,0.293639E-01
1.37268,30.3779,-0.266546E-01
1.37329,30.3915,-0.700723E-02
1.37390,30.4050,-0.159678E-02
1.37451,30.4185,0.735006E-01
1.37512,30.4320,-0.911208E-02
1.37573,30.4455,0.314534E-01
1.37634,30.4590,0.145088E-01
1.37695,30.4725,0.212200E-01
1.37756,30.4860,-0.125808E-01
1.37817,30.4995,0.122644E-01
1.37878,30.5130,-0.353444E-02
1.37939,30.5265,0.406364E-01
1.38000,30.5400,0.207442E-02
1.38062,30.5535,-0.592244E-02
1.38123,30.5671,0.256568E-01
1.38184,30.5806,0.345816E-01
1.38245,30.5941,0.135229E-01
1.38306,30.6076,0.409289E-01
1.38367,30.6211,-0.530761E-01
1.38428,30.6346,-0.148001E-02
1.38489,30.6481,0.325593E-01
1.38550,30.6616,0.152158E-01
1.38611,30.6751,-0.131131E-02
1.38672,30.6886,0.122805E-01
1.38733,30.7021,0.126114E-01
1.38794,30.7156,-0.314283E-02
1.38855,30.7291,0.283523E-01
1.38916,30.7426,0.984030E-02
1.38977,30.7562,-0.237133E-01
1.39038,30.7697,-0.144862E-01
1.39099,30.7832,0.396895E-01
1.39160,30.7967,0.147201E-01
1.39221,30.8102,0.403555E-01
1.39282,30.8237,0.722643E-01
1.39343,30.8372,0.701226E-02
1.39404,30.8507,-0.309475E-02
1.39465,30.8642,0.174576E-01
1.39526,30.8777,0.649497E-01
1.39587,30.8912,0.245521E-01
1.39648,30.9047,-0.169527E-01
1.39709,30.9182,0.396441E-01
1.39771,30.9317,-0.239329E-01
1.39832,30.9453,-0.572967E-02
1.39893,30.9588,0.537769E-01
1.39954,30.9723,0.110676E-01
1.40015,30.9858,0.437793E-01
1.40076,30.9993,-0.453093E-01
1.40137,31.0128,0.310679E-01
1.40198,31.0263,-0.198916E-01
1.40259,31.0398,0.367527E-01
1.40320,31.0533,-0.677207E-01
1.40381,31.0668,-0.596398E-01
1.40442,31.0803,0.626596E-01
1.40503,31.0938,-0.233558E-01
1.40564,31.1073,0.208488
1.40625,31.1209,-0.500095E-01
1.40686,31.1344,0.254328E-01
1.40747,31.1479,-0.768248E-03
1.40808,31.1614,0.140151E-01
1.40869,31.1749,-0.258081E-01
1.40930,31.1884,0.259385E-01
1.40991,31.2019,0.299789E-01
1.41052,31.2154,-0.276594E-01
1.41113,31.2289,0.115687E-01
1.41174,31.2424,0.747288E-02
1.41235,31.2559,-0.396693E-01
1.41296,31.2694,0.144703E-01
1.41357,31.2829,-0.134994E-02
1.41418,31.2964,0.774700E-02
1.41479,31.3100,-0.230067E-01
1.41541,31.3235,0.554763E-01
1.41602,31.3370,-0.335677E-01
1.41663,31.3505,-0.987450E-02
1.41724,31.3640,-0.670763E-02
1.41785,31.3775,0.230095E-02
1.41846,31.3910,0.369142E-02
1.41907,31.4045,0.163064E-01
1.41968,31.4180,-0.238342E-01
1.42029,31.4315,0.791099E-03
1.42090,31.4450,0.513114E-02
1.42151,31.4585,0.368354E-04
1.42212,31.4720,0.941549E-02
1.42273,31.4855,0.750035E-01
1.42334,31.4991,-0.223893E-01
1.42395,31.5126,0.454274E-01
1.42456,31.5261,0.664596E-03
1.42517,31.5396,0.770621E-03
1.42578,31.5531,-0.283926E-01
1.42639,31.5666,-0.738688E-02
1.42700,31.5801,-0.436952E-03
1.42761,31.5936,0.258253E-01
1.42822,31.6071,0.556494E-01
1.42883,31.6206,-0.133217E-01
1.42944,31.6341,0.379569E-01
1.43005,31.6476,0.212374E-01
1.43066,31.6611,0.995419E-02
1.43127,31.6747,0.218855E-01
1.43188,31.6882,0.882610E-01
1.43250,31.7017,0.482747E-01
1.43311,31.7152,0.506215E-01
1.43372,31.7287,-0.263305E-02
1.43433,31.7422,0.741602E-01
1.43494,31.7557,0.747603E-01
1.43555,31.7692,-0.230383E-01
1.43616,31.7827,0.401790E-01
1.43677,31.7962,-0.256365E-01
1.43738,31.8097,-0.135471E-01
1.43799,31.8232,-0.905952E-02
1.43860,31.8367,-0.899296E-02
1.43921,31.8502,-0.166901E-01
1.43982,31.8638,-0.128606E-01
1.44043,31.8773,-0.193570E-01
1.44104,31.8908,-0.670726E-01
1.44165,31.9043,-0.362677E-02
1.44226,31.9178,0.288323E-01
1.44287,31.9313,0.929072E-02
1.44348,31.9448,-0.154452E-01
1.44409,31.9583,0.338259E-02
1.44470,31.9718,-0.503696E-02
1.44531,31.9853,-0.282589E-01
1.44592,31.9988,0.168954E-01
1.44653,32.0123,0.215723E-01
1.44714,32.0258,-0.133885E-01
1.44775,32.0393,-0.826949E-02
1.44836,32.0529,0.629599E-01
1.44897,32.0664,0.625344E-01
1.44958,32.0799,0.730093E-02
1.45020,32.0934,0.229752E-01
1.45081,32.1069,-0.125674E-02
1.45142,32.1204,0.429832E-01
1.45203,32.1339,-0.502305E-01
1.45264,32.1474,0.280145E-01
1.45325,32.1609,0.126465E-01
1.45386,32.1744,0.326812E-01
1.45447,32.1879,0.129173E-01
1.45508,32.2014,-0.107350
1.45569,32.2149,0.133833E-01
1.45630,32.2285,0.217343E-01
1.45691,32.2420,-0.684088E-02
1.45752,32.2555,-0.955219E-02
1.45813,32.2690,-0.115291E-01
1.45874,32.2825,0.303169E-02
1.45935,32.2960,-0.356674E-01
1.45996,32.3095,-0.289520E-01
1.46057,32.3230,-0.126354E-02
1.46118,32.3365,0.123013E-02
1.46179,32.3500,0.140262E-01
1.46240,32.3635,0.340146E-01
1.46301,32.3770,-0.385420E-01
1.46362,32.3905,-0.590373E-02
1.46423,32.4040,-0.124747E-01
1.46484,32.4176,-0.446676E-02
1.46545,32.4311,-0.129604E-01
1.46606,32.4446,0.225509E-02
1.46667,32.4581,-0.123980E-02
1.46729,32.4716,0.562380E-01
1.46790,32.4851,0.246085E-01
1.46851,32.4986,-0.675181E-02
1.46912,32.5121,-0.393317E-01
1.46973,32.5256,0.404554E-01
1.47034,32.5391,0.378275E-01
1.47095,32.5526,-0.479407E-01
1.47156,32.5661,0.887886E-02
1.47217,32.5796,0.413691E-01
1.47278,32.5931,-0.141812E-01
1.47339,32.6067,0.538961E-02
1.47400,32.6202,-0.143885E-01
1.47461,32.6337,0.696337E-02
1.47522,32.6472,-0.468653E-01
1.47583,32.6607,0.264811E-02
1.47644,32.6742,-0.274674E-02
1.47705,32.6877,-0.301975E-02
1.47766,32.7012,0.131838E-02
1.47827,32.7147,0.358933E-02
1.47888,32.7282,-0.198671E-01
1.47949,32.7417,-0.277386E-01
1.48010,32.7552,-0.567065E-01
1.48071,32.7687,0.210897E-01
1.48132,32.7823,0.263200E-01
1.48193,32.7958,-0.687402E-01
1.48254,32.8093,-0.214894E-01
1.48315,32.8228,0.728127E-01
1.48376,32.8363,-0.155376E-02
1.48438,32.8498,-0.521360E-02
1.48499,32.8633,0.889475E-02
1.48560,32.8768,0.305459E-01
1.48621,32.8903,-0.175163E-01
1.48682,32.9038,0.187760E-01
1.48743,32.9173,0.529306E-01
1.48804,32.9308,-0.293085E-02
1.48865,32.9443,0.510544E-01
1.48926,32.9578,-0.274918E-01
1.48987,32.9714,0.492189E-02
1.49048,32.9849,-0.242757E-01
1.49109,32.9984,0.105610E-01
1.49170,33.0119,0.741119E-02
1.49231,33.0254,-0.115139E-01
1.49292,33.0389,0.746295E-02
1.49353,33.0524,0.978951E-01
1.49414,33.0659,-0.140040E-02
1.49475,33.0794,-0.260207E-01
1.49536,33.0929,-0.189092E-01
1.49597,33.1064,0.188923E-01
1.49658,33.1199,0.682994E-01
1.49719,33.1334,-0.611804E-02
1.49780,33.1469,0.314422E-01
1.49841,33.1605,0.630947E-02
1.49902,33.1740,-0.501273E-03
1.49963,33.1875,0.756179E-02
1.50024,33.2010,-0.871834E-02
1.50085,33.2145,-0.138239E-02
1.50146,33.2280,-0.862308E-02
1.50208,33.2415,0.269166E-01
1.50269,33.2550,-0.174331E-01
1.50330,33.2685,0.534283E-01
1.50391,33.2820,-0.434941E-01
1.50452,33.2955,0.191108E-01
1.50513,33.3090,0.102099E-02
1.50574,33.3225,0.247160E-01
1.50635,33.3361,0.370564E-02
1.50696,33.3496,-0.184671E-01
1.50757,33.3631,-0.210097E-01
1.50818,33.3766,0.279124E-01
1.50879,33.3901,-0.244351E-01
1.50940,33.4036,0.127835E-01
1.51001,33.4171,0.312443E-01
1.51062,33.4306,-0.678680E-01
1.51123,33.4441,0.282742E-01
1.51184,33.4576,0.286591E-02
1.51245,33.4711,-0.319039E-01
1.51306,33.4846,-0.424929E-02
1.51367,33.4981,-0.145253E-01
1.51428,33.5116,-0.262951E-01
1.51489,33.5252,0.148747E-01
1.51550,33.5387,0.715818E-02
1.51611,33.5522,-0.137009E-01
1.51672,33.5657,0.195180E-02
1.51733,33.5792,-0.152787E-01
1.51794,33.5927,-0.509371E-02
1.51855,33.6062,0.167428E-01
1.51917,33.6197,0.101184E-01
1.51978,33.6332,0.527126E-01
1.52039,33.6467,-0.112999E-01
1.52100,33.6602,-0.816406E-02
1.52161,33.6737,-0.333974E-01
1.52222,33.6872,-0.845776E-03
1.52283,33.7007,-0.811389E-02
1.52344,33.7143,-0.228661E-01
1.52405,33.7278,0.268426E-01
1.52466,33.7413,-0.438557E-01
1.52527,33.7548,-0.293517E-01
1.52588,33.7683,0.105147E-01
1.52649,33.7818,0.541910E-02
1.52710,33.7953,0.138591E-01
1.52771,33.8088,0.161392E-01
1.52832,33.8223,-0.233014E-01
1.52893,33.8358,0.548394E-02
1.52954,33.8493,0.120404E-01
1.53015,33.8628,-0.650812E-02
1.53076,33.8763,-0.127893E-02
1.53137,33.8899,0.318515E-02
1.53198,33.9034,0.174969E-02
1.53259,33.9169,-0.901004E-02
1.53320,33.9304,0.192634E-01
1.53381,33.9439,0.147354E-02
1.53442,33.9574,0.146744E-02
1.53503,33.9709,-0.294728E-02
1.53564,33.9844,-0.166929E-01
1.53625,33.9979,-0.124117E-02
1.53687,34.0114,-0.396837E-02
1.53748,34.0249,0.186824E-01
1.53809,34.0384,0.510374E-02
1.53870,34.0519,0.263346E-02
1.53931,34.0654,0.515529E-01
1.53992,34.0790,-0.481613E-02
1.54053,34.0925,0.136626E-03
1.54114,34.1060,-0.177014E-01
1.54175,34.1195,-0.556578E-02
1.54236,34.1330,-0.167824E-01
1.54297,34.1465,-0.273412E-01
1.54358,34.1600,0.749415E-01
1.54419,34.1735,0.188091E-01
1.54480,34.1870,0.226350E-02
1.54541,34.2005,-0.420083E-02
1.54602,34.2140,0.118732E-01
1.54663,34.2275,-0.161231E-01
1.54724,34.2410,-0.640937E-02
1.54785,34.2545,0.120549
1.54846,34.2681,-0.581247E-01
1.54907,34.2816,-0.585045E-01
1.54968,34.2951,0.413541E-01
1.55029,34.3086,-0.336481E-01
1.55090,34.3221,-0.310033E-02
1.55151,34.3356,0.246464E-01
1.55212,34.3491,0.968188E-02
1.55273,34.3626,0.265636E-01
1.55334,34.3761,0.193112E-01
1.55396,34.3896,-0.604032E-02
1.55457,34.4031,-0.225235E-01
1.55518,34.4166,-0.126903E-01
1.55579,34.4301,0.817078E-02
1.55640,34.4437,-0.698981E-02
1.55701,34.4572,0.188469E-01
1.55762,34.4707,-0.123357E-01
1.55823,34.4842,0.335045E-01
1.55884,34.4977,-0.600551E-03
1.55945,34.5112,0.261382E-01
1.56006,34.5247,0.113789E-01
1.56067,34.5382,-0.234502E-02
1.56128,34.5517,0.466148E-02
1.56189,34.5652,0.107246
1.56250,34.5787,0.286795E-01
1.56311,34.5922,0.647092E-01
1.56372,34.6057,0.125095E-02
1.56433,34.6192,0.122530E-01
1.56494,34.6328,0.727597E-02
1.56555,34.6463,-0.211290E-01
1.56616,34.6598,0.486818E-01
1.56677,34.6733,0.296107E-01
1.56738,34.6868,-0.602118E-02
1.56799,34.7003,0.996039E-02
1.56860,34.7138,0.248375E-01
1.56921,34.7273,0.330570E-02
1.56982,34.7408,-0.118153E-02
1.57043,34.7543,0.136430E-01
1.57104,34.7678,0.210158E-01
1.57166,34.7813,0.543024E-02
1.57227,34.7948,-0.838748E-02
1.57288,34.8083,0.331395E-01
1.57349,34.8219,0.620107E-01
1.57410,34.8354,0.793629E-02
1.57471,34.8489,0.170259E-02
1.57532,34.8624,-0.278367E-01
1.57593,34.8759,-0.262240E-01
1.57654,34.8894,0.196011E-02
1.57715,34.9029,-0.211188E-01
1.57776,34.9164,0.504094E-01
1.57837,34.9299,0.415473E-02
1.57898,34.9434,0.185941E-01
1.57959,34.9569,-0.245002E-02
1.58020,34.9704,-0.272540E-02
1.58081,34.9839,-0.132539E-02
1.58142,34.9974,-0.208803E-01
1.58203,35.0110,-0.354144E-01
1.58264,35.0245,-0.463167E-03
1.58325,35.0380,0.220099E-01
1.58386,35.0515,-0.106710E-01
1.58447,35.0650,-0.306116E-02
1.58508,35.0785,0.731995E-01
1.58569,35.0920,-0.879544E-02
1.58630,35.1055,0.863805E-02
1.58691,35.1190,-0.495864E-01
1.58752,35.1325,-0.761815E-02
1.58813,35.1460,0.517028E-02
1.58875,35.1595,-0.102977E-01
1.58936,35.1730,0.251893E-01
1.58997,35.1866,0.107830E-01
1.59058,35.2001,0.387722E-01
1.59119,35.2136,0.906939E-02
1.59180,35.2271,0.543662E-02
1.59241,35.2406,0.347358E-01
1.59302,35.2541,-0.332801E-03
1.59363,35.2676,0.100442E-01
1.59424,35.2811,-0.752362E-03
1.59485,35.2946,0.862011E-02
1.59546,35.3081,0.522592E-02
1.59607,35.3216,0.102935E-03
1.59668,35.3351,-0.229284E-01
1.59729,35.3486,-0.389048E-01
1.59790,35.3621,0.137090E-01
1.59851,35.3757,-0.187797E-01
1.59912,35.3892,-0.199279E-01
1.59973,35.4027,-0.432170E-01
1.60034,35.4162,-0.287352E-02
1.60095,35.4297,-0.685424E-02
1.60156,35.4432,0.155167E-01
1.60217,35.4567,-0.225355E-01
1.60278,35.4702,-0.561596E-02
1.60339,35.4837,-0.241378E-02
1.60400,35.4972,0.333180E-01
1.60461,35.5107,0.130801E-01
1.60522,35.5242,-0.185460E-01
1.60583,35.5377,-0.124804E-01
1.60645,35.5512,-0.193878E-02
1.60706,35.5648,0.170088E-01
1.60767,35.5783,0.400929E-01
1.60828,35.5918,0.816738E-02
1.60889,35.6053,0.196624E-02
1.60950,35.6188,-0.189063E-01
1.61011,35.6323,0.302798E-01
1.61072,35.6458,0.364900E-01
1.61133,35.6593,0.799732E-02
1.61194,35.6728,0.421769E-01
1.61255,35.6863,0.299216E-01
1.61316,35.6998,0.504590E-02
1.61377,35.7133,0.460260E-01
1.61438,35.7268,-0.267660E-01
1.61499,35.7404,-0.563155E-02
1.61560,35.7539,0.503601E-01
1.61621,35.7674,0.326849E-02
1.61682,35.7809,-0.856357E-02
1.61743,35.7944,0.456340E-01
1.61804,35.8079,0.922219E-01
1.61865,35.8214,-0.297151E-01
1.61926,35.8349,-0.291527E-01
1.61987,35.8484,0.112851E-01
1.62048,35.8619,-0.191546E-01
1.62109,35.8754,-0.215001E-01
1.62170,35.8889,0.988260E-02
1.62231,35.9024,-0.634712E-02
1.62292,35.9159,-0.483313E-01
1.62354,35.9295,-0.293091E-01
1.62415,35.9430,-0.260852E-01
1.62476,35.9565,-0.114692E-01
1.62537,35.9700,0.131073E-01
1.62598,35.9835,-0.212104E-01
1.62659,35.9970,0.406464E-02
1.62720,36.0105,-0.206633E-03
1.62781,36.0240,-0.235189E-01
1.62842,36.0375,0.436823E-04
1.62903,36.0510,-0.268279E-01
1.62964,36.0645,0.781583E-02
1.63025,36.0780,-0.491377E-01
1.63086,36.0915,0.511811E-01
1.63147,36.1050,-0.153386E-01
1.63208,36.1186,0.193581E-01
1.63269,36.1321,-0.912640E-02
1.63330,36.1456,0.152342E-01
1.63391,36.1591,-0.354104E-01
1.63452,36.1726,0.997214E-02
1.63513,36.1861,-0.855284E-03
1.63574,36.1996,0.279756E-01
1.63635,36.2131,0.132570E-01
1.63696,36.2266,-0.188256E-01
1.63757,36.2401,0.293706E-01
1.63818,36.2536,0.637221E-02
1.63879,36.2671,-0.100586E-01
1.63940,36.2806,0.288102E-01
1.64001,36.2942,0.212046E-01
1.64062,36.3077,0.197798E-01
1.64124,36.3212,0.121734E-01
1.64185,36.3347,0.196746E-01
1.64246,36.3482,0.124683E-01
1.64307,36.3617,-0.116915E-01
1.64368,36.3752,0.137552E-01
1.64429,36.3887,0.284582E-01
1.64490,36.4022,-0.219414E-02
1.64551,36.4157,0.741607E-02
1.64612,36.4292,0.274593E-01
1.64673,36.4427,-0.492202E-03
1.64734,36.4562,-0.929729E-02
1.64795,36.4697,0.488700E-02
1.64856,36.4833,-0.330099E-03
1.64917,36.4968,0.758160E-03
1.64978,36.5103,0.832405E-02
1.65039,36.5238,-0.145513E-01
1.65100,36.5373,-0.189040E-01
1.65161,36.5508,0.129217E-01
1.65222,36.5643,0.483139E-01
1.65283,36.5778,-0.300202E-01
1.65344,36.5913,-0.239365E-01
1.65405,36.6048,0.222609E-01
1.65466,36.6183,0.205009E-01
1.65527,36.6318,-0.890340E-02
1.65588,36.6453,0.120068E-02
1.65649,36.6588,0.260702E-01
1.65710,36.6724,-0.395486E-01
1.65771,36.6859,-0.953349E-02
1.65833,36.6994,0.187021E-02
1.65894,36.7129,-0.107284E-02
1.65955,36.7264,0.991244E-01
1.66016,36.7399,0.122549E-01
1.66077,36.7534,0.358178E-02
1.66138,36.7669,0.133497E-01
1.66199,36.7804,-0.319477E-01
1.66260,36.7939,0.393141E-01
1.66321,36.8074,-0.726806E-02
1.66382,36.8209,0.896771E-02
1.66443,36.8344,-0.302514E-02
1.66504,36.8480,-0.235933E-01
1.66565,36.8615,-0.752124E-02
1.66626,36.8750,0.168032E-02
1.66687,36.8885,-0.106895E-01
1.66748,36.9020,-0.127914E-01
1.66809,36.9155,0.267293E-02
1.66870,36.9290,-0.853196E-02
1.66931,36.9425,0.283194E-02
1.66992,36.9560,-0.108359E-01
1.67053,36.9695,0.131612E-01
1.67114,36.9830,0.360379E-01
1.67175,36.9965,0.897287E-03
1.67236,37.0100,-0.378676E-02
1.67297,37.0235,-0.302399E-01
1.67358,37.0371,0.114817E-01
1.67419,37.0506,-0.191743E-02
1.67480,37.0641,-0.157333E-01
1.67542,37.0776,-0.269954E-02
1.67603,37.0911,0.564569E-01
1.67664,37.1046,-0.645115E-02
1.67725,37.1181,-0.891548E-02
1.67786,37.1316,-0.995883E-02
1.67847,37.1451,-0.192444E-01
1.67908,37.1586,0.329578E-01
1.67969,37.1721,0.474751E-04
1.68030,37.1856,-0.341224E-02
1.68091,37.1991,-0.389210E-02
1.68152,37.2126,0.716147E-02
1.68213,37.2262,0.303278E-02
1.68274,37.2397,-0.159181E-01
1.68335,37.2532,-0.163511E-01
1.68396,37.2667,0.231030E-01
1.68457,37.2802,-0.142525E-01
1.68518,37.2937,-0.100558E-01
1.68579,37.3072,0.482007E-02
1.68640,37.3207,-0.978250E-02
1.68701,37.3342,0.669938E-02
1.68762,37.3477,0.296074E-01
1.68823,37.3612,0.296361E-02
1.68884,37.3747,-0.170550E-01
1.68945,37.3882,0.117553E-02
1.69006,37.4018,0.155780E-01
1.69067,37.4153,-0.392418E-02
1.69128,37.4288,0.414862E-01
1.69189,37.4423,0.352981E-01
1.69250,37.4558,0.181915E-01
1.69312,37.4693,0.251488E-02
1.69373,37.4828,-0.824402E-02
1.69434,37.4963,-0.213592E-01
1.69495,37.5098,0.478927E-02
1.69556,37.5233,0.553781E-01
1.69617,37.5368,0.355865E-02
1.69678,37.5503,0.432199E-01
1.69739,37.5638,-0.221051E-02
1.69800,37.5773,0.563847E-01
1.69861,37.5909,-0.162671E-01
1.69922,37.6044,-0.201173E-01
1.69983,37.6179,0.642990E-02
1.70044,37.6314,-0.213972E-01
1.70105,37.6449,0.612533E-03
1.70166,37.6584,0.857086E-03
1.70227,37.6719,-0.590573E-01
1.70288,37.6854,-0.426858E-01
1.70349,37.6989,0.113498E-01
1.70410,37.7124,-0.694879E-01
1.70471,37.7259,-0.460694E-01
1.70532,37.7394,0.649217E-02
1.70593,37.7529,0.597473E-03
1.70654,37.7664,-0.194299E-01
1.70715,37.7800,-0.418646E-01
1.70776,37.7935,0.584807E-01
1.70837,37.8070,0.203863E-02
1.70898,37.8205,-0.131987E-01
1.70959,37.8340,0.934278E-02
1.71021,37.8475,0.666070E-01
1.71082,37.8610,0.219466E-02
1.71143,37.8745,0.227584E-01
1.71204,37.8880,0.179827E-01
1.71265,37.9015,0.171294E-01
1.71326,37.9150,-0.359503E-01
1.71387,37.9285,0.447669E-02
1.71448,37.9420,0.889401E-02
1.71509,37.9556,0.203128E-01
1.71570,37.9691,-0.802566E-02
1.71631,37.9826,-0.828404E-03
1.71692,37.9961,-0.549079E-01
1.71753,38.0096,-0.335003E-01
1.71814,38.0231,0.475619E-01
1.71875,38.0366,-0.971522E-02
1.71936,38.0501,-0.593205E-02
1.71997,38.0636,0.173589E-01
1.72058,38.0771,0.158991E-02
1.72119,38.0906,-0.237635E-01
1.72180,38.1041,0.290971E-02
1.72241,38.1176,-0.101216E-01
1.72302,38.1311,-0.242029E-01
1.72363,38.1447,0.234951E-01
1.72424,38.1582,0.193119E-01
1.72485,38.1717,0.136494E-01
1.72546,38.1852,0.146319E-01
1.72607,38.1987,-0.151029E-01
1.72668,38.2122,0.209109E-01
1.72729,38.2257,-0.121267E-01
1.72791,38.2392,0.189208E-01
1.72852,38.2527,0.914079E-02
1.72913,38.2662,0.199770E-01
1.72974,38.2797,-0.358244E-02
1.73035,38.2932,0.681171E-02
1.73096,38.3067,0.621375E-01
1.73157,38.3202,0.910196E-02
1.73218,38.3338,-0.100362E-01
1.73279,38.3473,0.905443E-02
1.73340,38.3608,-0.346468E-02
1.73401,38.3743,0.954894E-01
1.73462,38.3878,-0.122540E-01
1.73523,38.4013,0.214542E-01
1.73584,38.4148,-0.136176E-01
1.73645,38.4283,-0.146164E-01
1.73706,38.4418,0.208352E-01
1.73767,38.4553,0.192077E-02
1.73828,38.4688,-0.117525E-01
1.73889,38.4823,0.520857E-02
1.73950,38.4958,0.179297E-01
1.74011,38.5094,0.527655E-02
1.74072,38.5229,-0.102384E-01
1.74133,38.5364,-0.255842E-01
1.74194,38.5499,0.728087E-02
1.74255,38.5634,-0.772415E-02
1.74316,38.5769,-0.224079E-01
1.74377,38.5904,0.201292E-01
1.74438,38.6039,0.368600E-03
1.74500,38.6174,0.200466E-01
1.74561,38.6309,-0.437878E-02
1.74622,38.6444,0.111003E-01
1.74683,38.6579,0.454426E-02
1.74744,38.6714,-0.282198E-02
1.74805,38.6849,0.308697E-02
1.74866,38.6985,-0.130926E-01
1.74927,38.7120,-0.836571E-02
1.74988,38.7255,-0.128240E-01
1.75049,38.7390,0.825899E-02
1.75110,38.7525,-0.377914E-01
1.75171,38.7660,-0.131716E-01
1.75232,38.7795,-0.525245E-02
1.75293,38.7930,-0.525853E-02
1.75354,38.8065,-0.848202E-03
1.75415,38.8200,0.231299E-02
1.75476,38.8335,0.383979E-01
1.75537,38.8470,-0.168002E-01
1.75598,38.8605,-0.186046E-01
1.75659,38.8740,0.375098E-01
1.75720,38.8876,0.114972E-01
1.75781,38.9011,-0.254040E-01
1.75842,38.9146,-0.180900E-02
1.75903,38.9281,-0.657439E-02
1.75964,38.9416,0.945959E-03
1.76025,38.9551,0.260595E-02
1.76086,38.9686,0.414561E-02
1.76147,38.9821,-0.121594E-02
1.76208,38.9956,-0.500270E-02
1.76270,39.0091,0.549433E-02
1.76331,39.0226,-0.213353E-01
1.76392,39.0361,0.287759E-02
1.76453,39.0496,0.169544E-01
1.76514,39.0632,0.296737E-01
1.76575,39.0767,0.438893E-01
1.76636,39.0902,-0.215644E-01
1.76697,39.1037,0.293967E-01
1.76758,39.1172,-0.123399E-01
1.76819,39.1307,-0.451445E-02
1.76880,39.1442,0.222874E-02
1.76941,39.1577,-0.147605E-02
1.77002,39.1712,-0.271540E-02
1.77063,39.1847,-0.411804E-01
1.77124,39.1982,0.146199E-01
1.77185,39.2117,0.292058E-01
1.77246,39.2252,-0.805255E-02
1.77307,39.2387,-0.160920E-01
1.77368,39.2523,0.116812E-01
1.77429,39.2658,0.200218E-02
1.77490,39.2793,-0.121982E-01
1.77551,39.2928,-0.368798E-02
1.77612,39.3063,-0.827783E-02
1.77673,39.3198,-0.143980E-01
1.77734,39.3333,0.419112E-01
1.77795,39.3468,-0.522710E-01
1.77856,39.3603,0.282917E-01
1.77917,39.3738,0.513768E-03
1.77979,39.3873,-0.171347E-01
1.78040,39.4008,0.182494E-03
1.78101,39.4143,0.189458E-01
1.78162,39.4278,0.503480E-01
1.78223,39.4414,0.220486E-01
1.78284,39.4549,-0.600207E-02
1.78345,39.4684,-0.191107E-01
1.78406,39.4819,0.892902E-02
1.78467,39.4954,-0.238193E-02
1.78528,39.5089,0.226090E-01
1.78589,39.5224,-0.257448E-01
1.78650,39.5359,0.239976E-02
1.78711,39.5494,0.782041E-02
1.78772,39.5629,-0.105584E-01
1.78833,39.5764,0.224675E-01
1.78894,39.5899,-0.100521E-01
1.78955,39.6034,0.229624E-02
1.79016,39.6170,0.203406E-01
1.79077,39.6305,-0.281755E-01
1.79138,39.6440,-0.588726E-01
1.79199,39.6575,0.338650E-01
1.79260,39.6710,0.120072E-01
1.79321,39.6845,-0.168729E-02
1.79382,39.6980,0.548413E-01
1.79443,39.7115,-0.714414E-02
1.79504,39.7250,0.201794E-01
1.79565,39.7385,-0.140292E-01
1.79626,39.7520,-0.131344E-01
1.79688,39.7655,-0.412150E-02
1.79749,39.7790,-0.667153E-02
1.79810,39.7925,-0.175895E-01
1.79871,39.8061,0.309862E-02
1.79932,39.8196,-0.193628E-01
1.79993,39.8331,-0.107688E-01
1.80054,39.8466,-0.269638E-01
1.80115,39.8601,0.912624E-02
1.80176,39.8736,-0.274513E-01
1.80237,39.8871,0.225428E-01
1.80298,39.9006,-0.684260E-02
1.80359,39.9141,-0.858863E-02
1.80420,39.9276,0.413287E-01
1.80481,39.9411,-0.180601E-02
1.80542,39.9546,0.338928E-02
1.80603,39.9681,0.471520E-02
1.80664,39.9816,0.199343E-01
1.80725,39.9952,-0.479132E-02
1.80786,40.0087,-0.245162E-02
1.80847,40.0222,0.447994E-01
1.80908,40.0357,0.155437E-01
1.80969,40.0492,-0.155964E-01
1.81030,40.0627,-0.819776E-02
1.81091,40.0762,0.615876E-01
1.81152,40.0897,-0.362909E-02
1.81213,40.1032,-0.511483E-02
1.81274,40.1167,-0.461064E-03
1.81335,40.1302,0.163804E-01
1.81396,40.1437,0.164298E-01
1.81458,40.1572,0.323123E-01
1.81519,40.1708,0.340535E-02
1.81580,40.1843,-0.427404E-02
1.81641,40.1978,-0.660562E-02
1.81702,40.2113,0.309866E-01
1.81763,40.2248,0.720152E-02
1.81824,40.2383,0.258563E-01
1.81885,40.2518,0.328442E-01
1.81946,40.2653,0.101256E-01
1.82007,40.2788,-0.485416E-02
1.82068,40.2923,0.243611E-01
1.82129,40.3058,-0.453338E-01
1.82190,40.3193,-0.335919E-01
1.82251,40.3328,0.506540E-02
1.82312,40.3463,0.298636E-01
1.82373,40.3599,0.540303E-03
1.82434,40.3734,0.949557E-02
1.82495,40.3869,0.497639E-03
1.82556,40.4004,-0.526080E-02
1.82617,40.4139,-0.101830E-01
1.82678,40.4274,-0.398222E-01
1.82739,40.4409,0.236033E-01
1.82800,40.4544,-0.197649E-01
1.82861,40.4679,-0.176314E-01
1.82922,40.4814,0.315537E-01
1.82983,40.4949,0.470125E-01
1.83044,40.5084,0.236451E-01
1.83105,40.5219,0.386769E-02
1.83167,40.5354,0.145992E-01
1.83228,40.5490,-0.108755E-02
1.83289,40.5625,-0.555722E-02
1.83350,40.5760,-0.999444E-02
1.83411,40.5895,-0.193022E-01
1.83472,40.6030,0.814687E-02
1.83533,40.6165,0.642659E-02
1.83594,40.6300,0.508747E-04
1.83655,40.6435,-0.434629E-02
1.83716,40.6570,0.209492E-02
1.83777,40.6705,0.140765E-01
1.83838,40.6840,-0.387481E-01
1.83899,40.6975,0.720816E-02
1.83960,40.7110,-0.144975E-01
1.84021,40.7246,0.935090E-02
1.84082,40.7381,-0.410051E-01
1.84143,40.7516,0.338354E-01
1.84204,40.7651,-0.353877E-01
1.84265,40.7786,-0.499510E-02
1.84326,40.7921,-0.360842E-02
1.84387,40.8056,-0.244603E-01
1.84448,40.8191,-0.293236E-02
1.84509,40.8326,-0.254080E-01
1.84570,40.8461,0.332674E-01
1.84631,40.8596,0.173799E-02
1.84692,40.8731,0.402927E-02
1.84753,40.8866,0.405009E-01
1.84814,40.9001,0.211264E-01
1.84875,40.9137,-0.111266E-01
1.84937,40.9272,-0.775509E-02
1.84998,40.9407,-0.822901E-02
1.85059,40.9542,-0.499004E-02
1.85120,40.9677,0.444978E-02
1.85181,40.9812,0.196999E-01
1.85242,40.9947,0.177192E-02
1.85303,41.0082,-0.508281E-02
1.85364,41.0217,0.184550E-02
1.85425,41.0352,-0.689631E-02
1.85486,41.0487,-0.148692E-01
1.85547,41.0622,-0.898602E-02
1.85608,41.0757,0.250135E-01
1.85669,41.0892,-0.475116E-02
1.85730,41.1028,0.135862E-01
1.85791,41.1163,-0.540246E-01
1.85852,41.1298,-0.521093E-02
1.85913,41.1433,0.850381E-02
1.85974,41.1568,-0.667431E-03
1.86035,41.1703,0.674912E-02
1.86096,41.1838,-0.263771E-03
1.86157,41.1973,0.479208E-01
1.86218,41.2108,0.127631E-01
1.86279,41.2243,0.740205E-02
1.86340,41.2378,0.164799E-01
1.86401,41.2513,-0.414317E-01
1.86462,41.2648,-0.122956E-02
1.86523,41.2784,0.258906E-01
1.86584,41.2919,-0.847557E-02
1.86646,41.3054,-0.284327E-01
1.86707,41.3189,-0.114671E-01
1.86768,41.3324,-0.395062E-01
1.86829,41.3459,-0.339401E-01
1.86890,41.3594,0.895952E-02
1.86951,41.3729,-0.248477E-02
1.87012,41.3864,0.203899E-01
1.87073,41.3999,0.683760E-02
1.87134,41.4134,-0.155287E-01
1.87195,41.4269,-0.194284E-01
1.87256,41.4404,-0.198361E-01
1.87317,41.4539,-0.157105E-01
1.87378,41.4675,0.510265E-01
1.87439,41.4810,-0.538603E-02
1.87500,41.4945,-0.338400E-02
1.87561,41.5080,0.974918E-02
1.87622,41.5215,0.256413E-01
1.87683,41.5350,0.554162E-01
1.87744,41.5485,0.145727E-02
1.87805,41.5620,0.282455E-01
1.87866,41.5755,-0.628440E-02
1.87927,41.5890,0.179383E-01
1.87988,41.6025,0.297938E-01
1.88049,41.6160,-0.107123E-02
1.88110,41.6295,0.220618E-01
1.88171,41.6430,0.648639E-01
1.88232,41.6566,0.266381E-01
1.88293,41.6701,-0.351971E-01
1.88354,41.6836,0.194289E-01
1.88416,41.6971,-0.496634E-02
1.88477,41.7106,-0.903042E-02
1.88538,41.7241,-0.206664E-01
1.88599,41.7376,-0.442192E-02
1.88660,41.7511,-0.186621E-02
1.88721,41.7646,-0.189538E-02
1.88782,41.7781,0.920778E-02
1.88843,41.7916,0.796527E-02
1.88904,41.8051,-0.526904E-02
1.88965,41.8186,-0.277988E-01
1.89026,41.8322,-0.107616E-01
1.89087,41.8457,0.229451E-02
1.89148,41.8592,-0.448718E-01
1.89209,41.8727,-0.761072E-02
1.89270,41.8862,0.209473E-01
1.89331,41.8997,0.415427E-01
1.89392,41.9132,0.168396E-01
1.89453,41.9267,0.942828E-02
1.89514,41.9402,0.156826E-01
1.89575,41.9537,-0.259104E-02
1.89636,41.9672,0.343987E-01
1.89697,41.9807,0.842439E-02
1.89758,41.9942,-0.184043E-01
1.89819,42.0077,-0.509637E-02
1.89880,42.0213,0.569764E-01
1.89941,42.0348,-0.137013E-02
1.90002,42.0483,-0.666762E-01
1.90063,42.0618,-0.125341E-02
1.90125,42.0753,-0.111189E-01
1.90186,42.0888,0.125941E-01
1.90247,42.1023,-0.622982E-02
1.90308,42.1158,-0.871513E-03
1.90369,42.1293,0.944669E-01
1.90430,42.1428,0.142210E-01
1.90491,42.1563,0.188732E-01
1.90552,42.1698,-0.154828E-02
1.90613,42.1833,-0.756389E-02
1.90674,42.1968,-0.249416E-02
1.90735,42.2104,0.979770E-02
1.90796,42.2239,0.868856E-02
1.90857,42.2374,-0.350325E-01
1.90918,42.2509,-0.193658E-01
1.90979,42.2644,0.192775E-01
1.91040,42.2779,-0.350206E-02
1.91101,42.2914,-0.135517E-02
1.91162,42.3049,0.111679E-01
1.91223,42.3184,0.204919E-01
1.91284,42.3319,0.246527E-03
1.91345,42.3454,-0.236098E-02
1.91406,42.3589,0.921389E-02
1.91467,42.3724,0.309050E-01
1.91528,42.3860,0.406862E-01
1.91589,42.3995,-0.349082E-01
1.91650,42.4130,0.253188E-01
1.91711,42.4265,0.251442E-01
1.91772,42.4400,0.246023E-01
1.91833,42.4535,0.506661E-01
1.91895,42.4670,-0.245487E-01
1.91956,42.4805,-0.789109E-02
1.92017,42.4940,-0.218370E-01
1.92078,42.5075,-0.165497E-01
1.92139,42.5210,0.293657E-03
1.92200,42.5345,-0.208671E-01
1.92261,42.5480,0.422229E-01
1.92322,42.5615,-0.382576E-02
1.92383,42.5751,0.756246E-02
1.92444,42.5886,0.304924E-02
1.92505,42.6021,-0.985724E-02
1.92566,42.6156,-0.818079E-02
1.92627,42.6291,-0.271268E-01
1.92688,42.6426,-0.358923E-01
1.92749,42.6561,0.119316E-02
1.92810,42.6696,-0.369922E-01
1.92871,42.6831,-0.145297E-01
1.92932,42.6966,-0.177761E-02
1.92993,42.7101,-0.407083E-02
1.93054,42.7236,0.582449E-02
1.93115,42.7371,0.247710E-01
1.93176,42.7506,0.389354E-01
1.93237,42.7642,0.123508E-01
1.93298,42.7777,0.341461E-01
1.93359,42.7912,0.239842E-01
1.93420,42.8047,0.319104E-01
1.93481,42.8182,0.321570E-01
1.93542,42.8317,0.155921E-01
1.93604,42.8452,0.166571E-02
1.93665,42.8587,0.108351E-01
1.93726,42.8722,-0.247156E-02
1.93787,42.8857,0.390162E-02
1.93848,42.8992,-0.600644E-02
1.93909,42.9127,0.740236E-02
1.93970,42.9262,-0.188680E-01
1.94031,42.9398,-0.314001E-02
1.94092,42.9533,0.107375E-01
1.94153,42.9668,-0.541909E-02
1.94214,42.9803,0.533353E-02
1.94275,42.9938,0.570899E-03
1.94336,43.0073,0.663207E-02
1.94397,43.0208,-0.408957E-02
1.94458,43.0343,-0.108986E-02
1.94519,43.0478,0.732039E-02
1.94580,43.0613,0.443546E-02
1.94641,43.0748,0.477817E-02
1.94702,43.0883,0.463434E-02
1.94763,43.1018,0.153081E-01
1.94824,43.1153,0.637484E-02
1.94885,43.1289,0.278824E-01
1.94946,43.1424,0.704732E-02
1.95007,43.1559,-0.139969E-01
1.95068,43.1694,-0.595709E-02
1.95129,43.1829,-0.255550E-01
1.95190,43.1964,-0.103849E-01
1.95251,43.2099,-0.207568E-02
1.95312,43.2234,-0.338218E-02
1.95374,43.2369,0.517832E-01
1.95435,43.2504,0.140778E-02
1.95496,43.2639,-0.138066E-01
1.95557,43.2774,-0.122148E-02
1.95618,43.2909,-0.901174E-02
1.95679,43.3044,0.864917E-02
1.95740,43.3180,-0.111327E-01
1.95801,43.3315,0.162924E-01
1.95862,43.3450,0.223230E-02
1.95923,43.3585,0.817055E-02
1.95984,43.3720,-0.412163E-02
1.96045,43.3855,0.242734E-02
1.96106,43.3990,-0.128445
1.96167,43.4125,0.701289E-01
1.96228,43.4260,-0.257350E-01
1.96289,43.4395,0.316786E-02
1.96350,43.4530,-0.740597E-02
1.96411,43.4665,0.305301E-01
1.96472,43.4800,-0.441681E-02
1.96533,43.4936,0.370500E-01
1.96594,43.5071,0.914559E-02
1.96655,43.5206,0.202703E-02
1.96716,43.5341,0.532111E-02
1.96777,43.5476,0.332965E-02
1.96838,43.5611,-0.473505E-02
1.96899,43.5746,-0.331585E-01
1.96960,43.5881,-0.200254E-01
1.97021,43.6016,0.978844E-02
1.97083,43.6151,0.166537E-01
1.97144,43.6286,0.110916E-01
1.97205,43.6421,0.192821E-02
1.97266,43.6556,0.157208E-02
1.97327,43.6691,0.879881E-02
1.97388,43.6827,-0.282829E-02
1.97449,43.6962,0.230508E-01
1.97510,43.7097,-0.300234E-01
1.97571,43.7232,-0.227104E-02
1.97632,43.7367,-0.126778E-01
1.97693,43.7502,-0.130030E-01
1.97754,43.7637,-0.988267E-02
1.97815,43.7772,0.704553E-02
1.97876,43.7907,0.394298E-01
1.97937,43.8042,-0.407193E-01
1.97998,43.8177,0.227863E-01
1.98059,43.8312,-0.346382E-01
1.98120,43.8447,0.177825E-01
1.98181,43.8582,0.228100E-02
1.98242,43.8718,0.272327E-01
1.98303,43.8853,0.914730E-02
1.98364,43.8988,0.143278E-02
1.98425,43.9123,0.547593E-02
1.98486,43.9258,0.543210E-02
1.98547,43.9393,0.750991E-02
1.98608,43.9528,-0.954947E-02
1.98669,43.9663,0.163118E-01
1.98730,43.9798,-0.205467E-02
1.98792,43.9933,0.627749E-01
1.98853,44.0068,0.213826E-01
1.98914,44.0203,0.187403E-01
1.98975,44.0338,-0.393980E-02
1.99036,44.0474,0.191584E-01
1.99097,44.0609,0.609856E-01
1.99158,44.0744,-0.224117E-02
1.99219,44.0879,0.443745E-02
1.99280,44.1014,-0.104539E-01
1.99341,44.1149,0.105584E-02
1.99402,44.1284,0.339571E-01
1.99463,44.1419,-0.914100E-02
1.99524,44.1554,-0.367642E-02
1.99585,44.1689,0.627419E-01
1.99646,44.1824,-0.420540E-03
1.99707,44.1959,0.350734E-02
1.99768,44.2094,-0.827794E-02
1.99829,44.2229,-0.106153E-01
1.99890,44.2365,0.572560E-02
1.99951,44.2500,-0.194689E-01
2.00012,44.2635,0.142596E-02
2.00073,44.2770,-0.110250E-01
2.00134,44.2905,-0.415759E-02
2.00195,44.3040,0.178674E-01
2.00256,44.3175,-0.317565E-01
2.00317,44.3310,0.241331E-01
2.00378,44.3445,-0.672656E-02
2.00439,44.3580,0.256559E-01
2.00500,44.3715,0.156843E-02
2.00562,44.3850,-0.120517E-01
2.00623,44.3985,0.958646E-03
2.00684,44.4120,0.660849E-02
2.00745,44.4256,-0.157458E-01
2.00806,44.4391,-0.135570E-01
2.00867,44.4526,0.925419E-02
2.00928,44.4661,0.235512E-02
2.00989,44.4796,-0.279064E-01
2.01050,44.4931,0.428983E-02
2.01111,44.5066,0.273629E-01
2.01172,44.5201,0.611947E-02
2.01233,44.5336,-0.174647E-02
2.01294,44.5471,-0.742084E-03
2.01355,44.5606,0.571329E-02
2.01416,44.5741,0.264649E-01
2.01477,44.5876,-0.515658E-02
2.01538,44.6011,-0.141636E-01
2.01599,44.6147,0.187419E-01
2.01660,44.6282,0.324583E-01
2.01721,44.6417,0.176050E-01
2.01782,44.6552,0.673892E-02
2.01843,44.6687,0.511580E-02
2.01904,44.6822,-0.148138E-01
2.01965,44.6957,0.290015E-02
2.02026,44.7092,0.213805E-01
2.02087,44.7227,0.223317E-01
2.02148,44.7362,0.262348E-01
2.02209,44.7497,-0.980441E-02
2.02271,44.7632,0.265050E-01
2.02332,44.7767,-0.385305E-01
2.02393,44.7903,-0.848930E-02
2.02454,44.8038,0.225773E-02
2.02515,44.8173,0.326517E-01
2.02576,44.8308,-0.210457E-01
2.02637,44.8443,0.315776E-01
2.02698,44.8578,-0.272745E-01
2.02759,44.8713,0.202130E-01
2.02820,44.8848,-0.319940E-01
2.02881,44.8983,0.133431E-01
2.02942,44.9118,0.794848E-02
2.03003,44.9253,-0.868917E-01
2.03064,44.9388,-0.124102E-02
2.03125,44.9523,-0.510036E-02
2.03186,44.9658,0.382679E-01
2.03247,44.9794,0.302599E-01
2.03308,44.9929,0.646141E-02
2.03369,45.0064,-0.150566E-01
2.03430,45.0199,-0.343528E-01
2.03491,45.0334,0.295351E-01
2.03552,45.0469,0.300073E-01
2.03613,45.0604,0.136844E-02
2.03674,45.0739,-0.817128E-03
2.03735,45.0874,-0.980933E-03
2.03796,45.1009,0.656800E-02
2.03857,45.1144,0.111010E-01
2.03918,45.1279,-0.861558E-02
2.03979,45.1414,-0.128031E-01
2.04041,45.1549,0.248863E-01
2.04102,45.1685,-0.428910E-01
2.04163,45.1820,0.110561E-02
2.04224,45.1955,0.436462E-01
2.04285,45.2090,-0.401273E-01
2.04346,45.2225,0.575005E-02
2.04407,45.2360,0.134330E-01
2.04468,45.2495,-0.947742E-02
2.04529,45.2630,0.626246E-02
2.04590,45.2765,0.376185E-02
2.04651,45.2900,0.764720E-01
2.04712,45.3035,0.287688E-02
2.04773,45.3170,-0.648310E-02
2.04834,45.3305,-0.214806E-01
2.04895,45.3441,0.390602E-02
2.04956,45.3576,0.293918E-01
2.05017,45.3711,0.325407E-02
2.05078,45.3846,-0.305458E-01
2.05139,45.3981,-0.137131E-01
2.05200,45.4116,0.762315E-02
2.05261,45.4251,-0.788056E-02
2.05322,45.4386,0.297171E-01
2.05383,45.4521,-0.194690E-01
2.05444,45.4656,0.147590E-02
2.05505,45.4791,0.397926E-02
2.05566,45.4926,-0.637760E-01
2.05627,45.5061,-0.242873E-02
2.05688,45.5196,0.943924E-03
2.05750,45.5332,-0.599475E-02
2.05811,45.5467,-0.379423E-01
2.05872,45.5602,-0.127188E-01
2.05933,45.5737,-0.486104E-02
2.05994,45.5872,-0.230429E-01
2.06055,45.6007,0.933061E-03
2.06116,45.6142,0.124638E-05
2.06177,45.6277,0.355839E-02
2.06238,45.6412,0.382473E-01
2.06299,45.6547,-0.506759E-02
2.06360,45.6682,0.779941E-02
2.06421,45.6817,0.149006E-02
2.06482,45.6952,0.405527E-02
2.06543,45.7087,0.319386E-02
2.06604,45.7223,-0.222487E-01
2.06665,45.7358,-0.606708E-02
2.06726,45.7493,0.320895E-01
2.06787,45.7628,-0.229020E-02
2.06848,45.7763,-0.177268E-02
2.06909,45.7898,-0.156202E-01
2.06970,45.8033,0.237387E-01
2.07031,45.8168,0.431547E-01
2.07092,45.8303,-0.554358E-02
2.07153,45.8438,0.301655E-02
2.07214,45.8573,0.106911E-02
2.07275,45.8708,0.398672E-01
2.07336,45.8843,0.232576E-01
2.07397,45.8979,0.163411E-01
2.07458,45.9114,0.362831E-01
2.07520,45.9249,0.188970E-02
2.07581,45.9384,-0.366165E-02
2.07642,45.9519,0.162316E-02
2.07703,45.9654,0.819311E-03
2.07764,45.9789,0.422873E-02
2.07825,45.9924,-0.537196E-03
2.07886,46.0059,-0.128758E-02
2.07947,46.0194,0.143401E-01
2.08008,46.0329,-0.356390E-01
2.08069,46.0464,-0.955564E-02
2.08130,46.0599,-0.603423E-02
2.08191,46.0734,-0.214565E-02
2.08252,46.0870,-0.366373E-01
2.08313,46.1005,0.359258E-02
2.08374,46.1140,-0.479257E-01
2.08435,46.1275,-0.412929E-01
2.08496,46.1410,0.162571E-02
2.08557,46.1545,-0.285570E-02
2.08618,46.1680,0.110890E-02
2.08679,46.1815,0.221298E-01
2.08740,46.1950,-0.773757E-02
2.08801,46.2085,0.186979E-01
2.08862,46.2220,-0.620455E-02
2.08923,46.2355,0.275852E-01
2.08984,46.2490,-0.146833E-01
2.09045,46.2625,0.195313E-02
2.09106,46.2761,-0.130737E-01
2.09167,46.2896,-0.997963E-02
2.09229,46.3031,-0.655764E-02
2.09290,46.3166,-0.965811E-02
2.09351,46.3301,0.368856E-02
2.09412,46.3436,0.162017E-01
2.09473,46.3571,0.540652E-02
2.09534,46.3706,0.131504E-02
2.09595,46.3841,0.293349E-01
2.09656,46.3976,-0.192906E-02
2.09717,46.4111,-0.184845E-02
2.09778,46.4246,0.408454E-02
2.09839,46.4381,-0.198195E-01
2.09900,46.4517,-0.903541E-02
2.09961,46.4652,0.703639E-02
2.10022,46.4787,-0.558301E-02
2.10083,46.4922,-0.102041E-01
2.10144,46.5057,0.319625E-01
2.10205,46.5192,-0.135893E-01
2.10266,46.5327,-0.171524E-01
2.10327,46.5462,-0.245914E-01
2.10388,46.5597,0.491622E-01
2.10449,46.5732,-0.335774E-01
2.10510,46.5867,0.441029E-02
2.10571,46.6002,0.313672E-02
2.10632,46.6137,0.362034E-02
2.10693,46.6272,0.138551E-01
2.10754,46.6408,-0.164866E-01
2.10815,46.6543,0.617394E-02
2.10876,46.6678,-0.184921E-01
2.10938,46.6813,-0.553189E-02
2.10999,46.6948,0.866607E-02
2.11060,46.7083,0.715771E-03
2.11121,46.7218,0.770982E-02
2.11182,46.7353,0.135797E-02
2.11243,46.7488,0.776746E-02
2.11304,46.7623,0.172185E-01
2.11365,46.7758,0.411641E-01
2.11426,46.7893,-0.649455E-01
2.11487,46.8028,0.222963E-01
2.11548,46.8163,0.242642E-01
2.11609,46.8299,-0.274659E-01
2.11670,46.8434,0.296807E-01
2.11731,46.8569,0.240158E-01
2.11792,46.8704,0.868592E-02
2.11853,46.8839,0.309892E-02
2.11914,46.8974,0.298325E-01
2.11975,46.9109,-0.456726E-03
2.12036,46.9244,0.611683E-03
2.12097,46.9379,0.662904E-02
2.12158,46.9514,-0.978527E-02
2.12219,46.9649,0.605980E-01
2.12280,46.9784,0.119887E-01
2.12341,46.9919,-0.307564E-02
2.12402,47.0055,0.991265E-02
2.12463,47.0190,0.460233E-01
2.12524,47.0325,0.296417E-02
2.12585,47.0460,0.242724E-01
2.12646,47.0595,-0.332335E-02
2.12708,47.0730,0.102313E-01
2.12769,47.0865,0.116237E-01
2.12830,47.1000,-0.411101E-02
2.12891,47.1135,-0.342996E-02
2.12952,47.1270,0.120082E-01
2.13013,47.1405,0.153631E-01
2.13074,47.1540,-0.439382E-01
2.13135,47.1675,-0.190484E-02
2.13196,47.1810,0.570479E-02
2.13257,47.1946,0.184856E-01
2.13318,47.2081,-0.629907E-01
2.13379,47.2216,-0.560083E-01
2.13440,47.2351,0.387809E-01
2.13501,47.2486,0.844981E-02
2.13562,47.2621,-0.733422E-02
2.13623,47.2756,0.130158E-01
2.13684,47.2891,0.391152E-01
2.13745,47.3026,0.322921E-01
2.13806,47.3161,0.782838E-02
2.13867,47.3296,0.126625E-01
2.13928,47.3431,0.120771E-02
2.13989,47.3566,0.131364E-01
2.14050,47.3701,-0.305853E-02
2.14111,47.3837,-0.104487E-01
2.14172,47.3972,-0.918580E-02
2.14233,47.4107,0.686963E-02
2.14294,47.4242,-0.359825E-01
2.14355,47.4377,0.262900E-01
2.14417,47.4512,0.226638E-01
2.14478,47.4647,-0.325009E-02
2.14539,47.4782,0.572480E-02
2.14600,47.4917,-0.221492E-01
2.14661,47.5052,-0.588647E-02
2.14722,47.5187,-0.914689E-02
2.14783,47.5322,0.141275E-01
2.14844,47.5457,0.566894E-02
2.14905,47.5593,-0.498623E-02
2.14966,47.5728,-0.381495E-02
2.15027,47.5863,-0.137083E-02
2.15088,47.5998,-0.696879E-02
2.15149,47.6133,-0.111750E-01
2.15210,47.6268,0.202861E-01
2.15271,47.6403,-0.295934E-01
2.15332,47.6538,0.789541E-02
2.15393,47.6673,0.364753E-01
2.15454,47.6808,0.107344E-01
2.15515,47.6943,-0.375422E-01
2.15576,47.7078,-0.901034E-03
2.15637,47.7213,0.117639E-01
2.15698,47.7348,0.881937E-02
2.15759,47.7484,-0.172480E-02
2.15820,47.7619,0.651335E-01
2.15881,47.7754,-0.127585E-01
2.15942,47.7889,0.932513E-02
2.16003,47.8024,0.661885E-03
2.16064,47.8159,0.481531E-02
2.16125,47.8294,0.695336E-02
2.16187,47.8429,-0.369293E-03
2.16248,47.8564,-0.721418E-02
2.16309,47.8699,-0.192709E-01
2.16370,47.8834,-0.263263E-01
2.16431,47.8969,-0.250384E-02
2.16492,47.9104,0.648487E-01
2.16553,47.9239,0.816346E-01
2.16614,47.9375,0.161965E-01
2.16675,47.9510,-0.207312E-01
2.16736,47.9645,-0.149861E-03
2.16797,47.9780,0.232385E-01
2.16858,47.9915,0.740571E-02
2.16919,48.0050,-0.647947E-02
2.16980,48.0185,-0.242126E-01
2.17041,48.0320,0.751170E-01
2.17102,48.0455,0.149375E-01
2.17163,48.0590,-0.211769E-01
2.17224,48.0725,-0.760351E-02
2.17285,48.0860,-0.351449E-02
2.17346,48.0995,-0.140362E-01
2.17407,48.1131,0.505160E-01
2.17468,48.1266,0.229963E-01
2.17529,48.1401,0.784353E-02
2.17590,48.1536,-0.438288E-02
2.17651,48.1671,0.214464E-02
2.17712,48.1806,-0.238185E-02
2.17773,48.1941,-0.345914E-02
2.17834,48.2076,-0.675537E-02
2.17896,48.2211,0.346497E-02
2.17957,48.2346,-0.862756E-02
2.18018,48.2481,-0.424528E-02
2.18079,48.2616,0.240368E-01
2.18140,48.2751,-0.517706E-02
2.18201,48.2886,0.990126E-02
2.18262,48.3022,0.401605E-02
2.18323,48.3157,-0.544077E-02
2.18384,48.3292,-0.356954E-04
2.18445,48.3427,-0.179434E-01
2.18506,48.3562,-0.169558E-01
2.18567,48.3697,-0.124714E-01
2.18628,48.3832,0.128255E-02
2.18689,48.3967,0.172481E-01
2.18750,48.4102,-0.164594E-01
2.18811,48.4237,0.105657E-01
2.18872,48.4372,0.356695E-01
2.18933,48.4507,-0.964173E-02
2.18994,48.4642,0.327509E-01
2.19055,48.4777,0.304826E-01
2.19116,48.4913,-0.128120E-01
2.19177,48.5048,0.728905E-02
2.19238,48.5183,0.438739E-01
2.19299,48.5318,0.276455E-01
2.19360,48.5453,0.353835E-01
2.19421,48.5588,0.136250E-02
2.19482,48.5723,0.150169E-01
2.19543,48.5858,-0.215115E-01
2.19604,48.5993,-0.632068E-02
2.19666,48.6128,-0.126002E-01
2.19727,48.6263,0.231596E-02
2.19788,48.6398,-0.978751E-02
2.19849,48.6533,-0.207391E-02
2.19910,48.6669,0.130970E-02
2.19971,48.6804,-0.126058E-02
2.20032,48.6939,-0.161944E-02
2.20093,48.7074,-0.157543E-01
2.20154,48.7209,0.357640E-02
2.20215,48.7344,-0.300188E-01
2.20276,48.7479,-0.839673E-02
2.20337,48.7614,-0.482673E-02
2.20398,48.7749,0.107680E-01
2.20459,48.7884,0.130192E-01
2.20520,48.8019,0.137518E-01
2.20581,48.8154,-0.641025E-02
2.20642,48.8289,-0.251256E-01
2.20703,48.8424,-0.231962E-01
2.20764,48.8560,0.130741E-01
2.20825,48.8695,0.865335E-02
2.20886,48.8830,-0.133768E-01
2.20947,48.8965,-0.102165E-01
2.21008,48.9100,-0.155809E-02
2.21069,48.9235,-0.126825E-01
2.21130,48.9370,-0.725365E-01
2.21191,48.9505,0.412471E-01
2.21252,48.9640,-0.844254E-02
2.21313,48.9775,0.218509E-01
2.21375,48.9910,0.177345E-01
2.21436,49.0045,-0.961339E-01
2.21497,49.0180,0.256663E-02
2.21558,49.0315,-0.684816E-02
2.21619,49.0451,-0.114760E-02
2.21680,49.0586,0.106836E-01
2.21741,49.0721,-0.605116E-01
2.21802,49.0856,0.497789E-01
2.21863,49.0991,0.940076E-02
2.21924,49.1126,-0.164852E-01
2.21985,49.1261,0.254500E-01
2.22046,49.1396,0.166696E-01
2.22107,49.1531,-0.440545E-01
2.22168,49.1666,0.411954E-01
2.22229,49.1801,0.498630E-01
2.22290,49.1936,0.457199E-03
2.22351,49.2071,-0.357576E-01
2.22412,49.2207,0.160692E-01
2.22473,49.2342,0.315693E-01
2.22534,49.2477,0.592713E-01
2.22595,49.2612,0.392426E-02
2.22656,49.2747,-0.439688E-02
2.22717,49.2882,-0.230546E-02
2.22778,49.3017,0.171979E-01
2.22839,49.3152,0.203844E-01
2.22900,49.3287,-0.100751E-03
2.22961,49.3422,-0.435629E-02
2.23022,49.3557,-0.169097E-02
2.23083,49.3692,0.445084E-01
2.23145,49.3827,-0.216377E-01
2.23206,49.3962,0.641270E-02
2.23267,49.4098,-0.493509E-01
2.23328,49.4233,-0.828256E-01
2.23389,49.4368,0.274057E-01
2.23450,49.4503,0.739291E-02
2.23511,49.4638,0.593354E-02
2.23572,49.4773,0.265254E-01
2.23633,49.4908,0.345911E-02
2.23694,49.5043,0.755346E-02
2.23755,49.5178,0.101794E-02
2.23816,49.5313,-0.567233E-02
2.23877,49.5448,0.126971E-01
2.23938,49.5583,0.349814E-01
2.23999,49.5718,-0.414803E-02
2.24060,49.5853,-0.499390E-01
2.24121,49.5989,0.572753E-02
2.24182,49.6124,-0.113064E-02
2.24243,49.6259,0.327746E-01
2.24304,49.6394,0.284612E-01
2.24365,49.6529,0.415165E-01
2.24426,49.6664,0.118540E-01
2.24487,49.6799,0.139506E-01
2.24548,49.6934,-0.780310E-02
2.24609,49.7069,0.140361E-01
2.24670,49.7204,0.402543E-01
2.24731,49.7339,0.581859E-01
2.24792,49.7474,-0.918815E-02
2.24854,49.7609,0.281287E-01
2.24915,49.7745,0.594262E-02
2.24976,49.7880,-0.220181E-02
2.25037,49.8015,0.105894E-01
2.25098,49.8150,0.203610E-01
2.25159,49.8285,0.507337E-02
2.25220,49.8420,0.208585E-01
2.25281,49.8555,0.129357E-02
2.25342,49.8690,0.336813E-02
2.25403,49.8825,0.111645E-01
2.25464,49.8960,0.311149E-02
2.25525,49.9095,0.469241E-01
2.25586,49.9230,0.108788E-02
2.25647,49.9365,-0.329242E-02
2.25708,49.9500,-0.346698E-01
2.25769,49.9636,-0.232469E-01
2.25830,49.9771,-0.104329E-01
2.25891,49.9906,0.259192E-01
2.25952,50.0041,-0.917326E-02
2.26013,50.0176,0.327503E-02
2.26074,50.0311,0.648228E-01
2.26135,50.0446,-0.374200E-02
2.26196,50.0581,0.236017E-02
2.26257,50.0716,0.189368E-01
2.26318,50.0851,0.143171E-01
2.26379,50.0986,-0.972643E-02
2.26440,50.1121,-0.911092E-02
2.26501,50.1256,0.205110E-01
2.26562,50.1391,0.324143E-01
2.26624,50.1527,-0.212695E-02
2.26685,50.1662,-0.440930E-02
2.26746,50.1797,0.269191E-02
2.26807,50.1932,-0.334069E-02
2.26868,50.2067,-0.579063E-02
2.26929,50.2202,0.377737E-01
2.26990,50.2337,0.458383E-02
2.27051,50.2472,0.285352E-01
2.27112,50.2607,0.443534E-02
2.27173,50.2742,-0.191421E-01
2.27234,50.2877,-0.134256E-01
2.27295,50.3012,0.487549E-02
2.27356,50.3147,-0.480714E-02
2.27417,50.3283,-0.794568E-02
2.27478,50.3418,0.411239E-01
2.27539,50.3553,0.104238E-01
2.27600,50.3688,0.587094E-02
2.27661,50.3823,-0.445521E-01
2.27722,50.3958,0.302782E-02
2.27783,50.4093,-0.233523E-01
2.27844,50.4228,-0.259162E-01
2.27905,50.4363,0.380951E-02
2.27966,50.4498,0.236718E-01
2.28027,50.4633,0.882970E-02
2.28088,50.4768,0.788135E-03
2.28149,50.4903,0.303072E-01
2.28210,50.5038,0.518025E-02
2.28271,50.5174,0.674460E-02
2.28333,50.5309,0.896793E-02
2.28394,50.5444,-0.123818E-01
2.28455,50.5579,-0.211215E-02
2.28516,50.5714,0.138920E-01
2.28577,50.5849,0.186910E-01
2.28638,50.5984,0.250223E-01
2.28699,50.6119,-0.167407E-02
2.28760,50.6254,-0.393431E-01
2.28821,50.6389,0.200978E-01
2.28882,50.6524,0.818085E-02
2.28943,50.6659,-0.306875E-01
2.29004,50.6794,-0.252445E-02
2.29065,50.6929,-0.134182E-01
2.29126,50.7065,0.528379E-01
2.29187,50.7200,-0.368773E-02
2.29248,50.7335,0.492281E-01
2.29309,50.7470,-0.161983E-01
2.29370,50.7605,0.314798E-01
2.29431,50.7740,-0.464614E-01
2.29492,50.7875,0.294691E-01
2.29553,50.8010,-0.410477E-01
2.29614,50.8145,-0.875924E-02
2.29675,50.8280,-0.621494E-02
2.29736,50.8415,-0.155579E-01
2.29797,50.8550,0.202278E-01
2.29858,50.8685,-0.149920E-01
2.29919,50.8821,-0.166133E-01
2.29980,50.8956,0.865576E-03
2.30042,50.9091,-0.715063E-02
2.30103,50.9226,0.439131E-03
2.30164,50.9361,-0.102317E-01
2.30225,50.9496,-0.561072E-02
2.30286,50.9631,0.177821E-01
2.30347,50.9766,-0.240321E-02
2.30408,50.9901,-0.127339E-01
2.30469,51.0036,0.746752E-02
2.30530,51.0171,0.324090E-02
2.30591,51.0306,0.460674E-01
2.30652,51.0441,-0.514527E-02
2.30713,51.0576,0.291515E-02
2.30774,51.0712,0.568891E-03
2.30835,51.0847,-0.857953E-02
2.30896,51.0982,0.106000E-03
2.30957,51.1117,-0.616147E-02
2.31018,51.1252,0.116674E-01
2.31079,51.1387,0.151145E-01
2.31140,51.1522,0.659143E-02
2.31201,51.1657,-0.133202E-01
2.31262,51.1792,0.228865E-01
2.31323,51.1927,0.397855E-02
2.31384,51.2062,-0.643773E-02
2.31445,51.2197,0.114881E-01
2.31506,51.2332,-0.363901E-02
2.31567,51.2467,0.113910E-01
2.31628,51.2603,-0.141975E-01
2.31689,51.2738,0.103543E-01
2.31750,51.2873,0.231508E-02
2.31812,51.3008,0.261385E-01
2.31873,51.3143,-0.834403E-02
2.31934,51.3278,0.133494E-01
2.31995,51.3413,-0.137711E-01
2.32056,51.3548,-0.217475E-01
2.32117,51.3683,-0.479635E-02
2.32178,51.3818,0.115917E-01
2.32239,51.3953,0.965332E-03
2.32300,51.4088,0.108655E-01
2.32361,51.4223,-0.215832E-01
2.32422,51.4359,0.173698E-01
2.32483,51.4494,0.322257E-01
2.32544,51.4629,0.962908E-02
2.32605,51.4764,-0.119638E-01
2.32666,51.4899,-0.745483E-02
2.32727,51.5034,0.479845E-02
2.32788,51.5169,-0.251042E-02
2.32849,51.5304,-0.429253E-02
2.32910,51.5439,-0.177320E-01
2.32971,51.5574,0.286218E-01
2.33032,51.5709,-0.137828E-03
2.33093,51.5844,0.370872E-02
2.33154,51.5979,0.967784E-02
2.33215,51.6114,-0.111769E-02
2.33276,51.6250,-0.373318E-02
2.33337,51.6385,-0.680765E-02
2.33398,51.6520,0.682533E-02
2.33459,51.6655,0.993136E-02
2.33521,51.6790,-0.217218E-01
2.33582,51.6925,0.121711E-01
2.33643,51.7060,-0.219452E-01
2.33704,51.7195,0.612364E-02
2.33765,51.7330,0.734006E-03
2.33826,51.7465,0.184780E-01
2.33887,51.7600,0.108942E-02
2.33948,51.7735,-0.489328E-02
2.34009,51.7870,-0.263743E-01
2.34070,51.8005,-0.244954E-01
2.34131,51.8141,-0.378479E-02
2.34192,51.8276,0.627935E-02
2.34253,51.8411,-0.276999E-02
2.34314,51.8546,-0.440819E-02
2.34375,51.8681,0.420656E-01
2.34436,51.8816,-0.578244E-02
2.34497,51.8951,-0.268851E-02
2.34558,51.9086,0.132212E-03
2.34619,51.9221,-0.358692E-01
2.34680,51.9356,0.284046E-01
2.34741,51.9491,0.619365E-02
2.34802,51.9626,-0.255163E-01
2.34863,51.9761,0.123644E-01
2.34924,51.9897,-0.269009E-01
2.34985,52.0032,0.233802E-01
2.35046,52.0167,0.618314E-03
2.35107,52.0302,0.152730E-02
2.35168,52.0437,0.157943E-01
2.35229,52.0572,0.147022E-03
2.35291,52.0707,-0.512028E-02
2.35352,52.0842,0.547628E-02
2.35413,52.0977,0.288573E-01
2.35474,52.1112,0.670880E-03
2.35535,52.1247,-0.358652E-02
2.35596,52.1382,-0.791138E-02
2.35657,52.1517,-0.215904E-01
2.35718,52.1652,0.172237E-02
2.35779,52.1788,-0.343901E-01
2.35840,52.1923,0.176116E-01
2.35901,52.2058,-0.372876E-02
2.35962,52.2193,0.128812E-01
2.36023,52.2328,0.385353E-03
2.36084,52.2463,0.405868E-02
2.36145,52.2598,0.514233E-02
2.36206,52.2733,0.870707E-02
2.36267,52.2868,0.247455E-01
2.36328,52.3003,-0.163275E-01
2.36389,52.3138,0.746491E-02
2.36450,52.3273,-0.274760E-01
2.36511,52.3408,0.368193E-01
2.36572,52.3543,0.665403E-02
2.36633,52.3679,-0.212552E-02
2.36694,52.3814,0.646369E-02
2.36755,52.3949,0.271387E-03
2.36816,52.4084,0.969891E-02
2.36877,52.4219,-0.501638E-03
2.36938,52.4354,0.376315E-02
2.37000,52.4489,-0.845406E-02
2.37061,52.4624,0.357263E-01
2.37122,52.4759,-0.280657E-01
2.37183,52.4894,-0.223892E-02
2.37244,52.5029,-0.991017E-01
2.37305,52.5164,-0.272814E-01
2.37366,52.5299,-0.166439E-01
2.37427,52.5435,0.365186E-01
2.37488,52.5570,0.899073E-02
2.37549,52.5705,0.748593E-02
2.37610,52.5840,-0.219978E-01
2.37671,52.5975,0.375695E-02
2.37732,52.6110,0.806889E-02
2.37793,52.6245,0.802090E-02
2.37854,52.6380,-0.234033E-01
2.37915,52.6515,0.811107E-02
2.37976,52.6650,-0.315973E-01
2.38037,52.6785,-0.214815E-01
2.38098,52.6920,-0.363909E-02
2.38159,52.7055,-0.933683E-02
2.38220,52.7190,0.294282E-02
2.38281,52.7326,0.151882E-01
2.38342,52.7461,0.284483E-01
2.38403,52.7596,-0.320414E-02
2.38464,52.7731,-0.436948E-02
2.38525,52.7866,-0.147599E-01
2.38586,52.8001,-0.438568E-01
2.38647,52.8136,-0.618169E-02
2.38708,52.8271,-0.964219E-02
2.38770,52.8406,0.385191E-01
2.38831,52.8541,0.227666E-02
2.38892,52.8676,-0.706760E-02
2.38953,52.8811,0.242818E-01
2.39014,52.8946,-0.248248E-01
2.39075,52.9081,0.169976E-01
2.39136,52.9217,-0.175166E-01
2.39197,52.9352,0.371060E-01
2.39258,52.9487,0.445794E-02
2.39319,52.9622,-0.373587E-01
2.39380,52.9757,0.132764E-01
2.39441,52.9892,-0.600294E-02
2.39502,53.0027,0.499079E-01
2.39563,53.0162,0.207611E-01
2.39624,53.0297,0.119986E-01
2.39685,53.0432,-0.563985E-02
2.39746,53.0567,-0.520208E-02
2.39807,53.0702,-0.308824E-01
2.39868,53.0837,0.106389E-01
2.39929,53.0973,-0.301249E-02
2.39990,53.1108,0.558797E-01
2.40051,53.1243,-0.157844E-03
2.40112,53.1378,-0.152836E-01
2.40173,53.1513,-0.178212E-01
2.40234,53.1648,0.784218E-02
2.40295,53.1783,0.126453E-01
2.40356,53.1918,0.653317E-02
2.40417,53.2053,-0.189874E-01
2.40479,53.2188,-0.181485E-03
2.40540,53.2323,-0.140685E-01
2.40601,53.2458,-0.313537E-01
2.40662,53.2593,0.142432E-01
2.40723,53.2728,0.152544E-01
2.40784,53.2864,-0.319316E-01
2.40845,53.2999,0.397112E-02
2.40906,53.3134,-0.576654E-02
2.40967,53.3269,-0.367459E-02
2.41028,53.3404,0.803601E-02
2.41089,53.3539,-0.104083E-01
2.41150,53.3674,0.177964E-01
2.41211,53.3809,-0.138231E-01
2.41272,53.3944,-0.235673E-01
2.41333,53.4079,0.458654E-02
2.41394,53.4214,-0.211312E-01
2.41455,53.4349,0.836072E-02
2.41516,53.4484,-0.148267E-01
2.41577,53.4619,-0.654720E-02
2.41638,53.4755,-0.321335E-01
2.41699,53.4890,0.144411E-02
2.41760,53.5025,-0.104382E-01
2.41821,53.5160,0.224063E-01
2.41882,53.5295,-0.540381E-02
2.41943,53.5430,0.174252E-01
2.42004,53.5565,0.189259E-01
2.42065,53.5700,-0.138761E-01
2.42126,53.5835,-0.169058E-01
2.42188,53.5970,0.233170E-02
2.42249,53.6105,0.674443E-02
2.42310,53.6240,-0.116318E-02
2.42371,53.6375,0.789281E-02
2.42432,53.6511,0.115978E-01
2.42493,53.6646,0.245092E-01
2.42554,53.6781,-0.360615E-01
2.42615,53.6916,-0.148887E-01
2.42676,53.7051,-0.368896E-01
2.42737,53.7186,0.360609E-02
2.42798,53.7321,0.360069E-01
2.42859,53.7456,0.208765E-02
2.42920,53.7591,-0.530262E-01
2.42981,53.7726,-0.286095E-02
2.43042,53.7861,-0.109978E-01
2.43103,53.7996,0.297009E-03
2.43164,53.8131,-0.190589E-01
2.43225,53.8266,-0.378948E-01
2.43286,53.8402,0.138630E-01
2.43347,53.8537,0.218254E-01
2.43408,53.8672,0.106827E-02
2.43469,53.8807,-0.322028E-02
2.43530,53.8942,-0.265215E-01
2.43591,53.9077,0.368040E-02
2.43652,53.9212,-0.874696E-02
2.43713,53.9347,-0.163331E-02
2.43774,53.9482,-0.276913E-01
2.43835,53.9617,0.148230E-01
2.43896,53.9752,-0.385784E-02
2.43958,53.9887,-0.646296E-02
2.44019,54.0022,-0.240087E-01
2.44080,54.0157,0.212701E-01
2.44141,54.0293,-0.464180E-02
2.44202,54.0428,-0.126265E-01
2.44263,54.0563,0.147056E-01
2.44324,54.0698,0.230959E-01
2.44385,54.0833,0.155080E-01
2.44446,54.0968,0.138613E-02
2.44507,54.1103,0.834644E-02
2.44568,54.1238,-0.196857E-02
2.44629,54.1373,0.224564E-02
2.44690,54.1508,0.681737E-01
2.44751,54.1643,0.587128E-02
2.44812,54.1778,-0.116549E-01
2.44873,54.1913,-0.603100E-02
2.44934,54.2049,-0.702332E-02
2.44995,54.2184,-0.729499E-03
2.45056,54.2319,-0.983223E-03
2.45117,54.2454,0.305726E-02
2.45178,54.2589,0.445694E-01
2.45239,54.2724,0.136621E-01
2.45300,54.2859,-0.152303E-02
2.45361,54.2994,-0.297663E-01
2.45422,54.3129,-0.130575E-01
2.45483,54.3264,-0.120940E-01
2.45544,54.3399,0.473332E-01
2.45605,54.3534,0.146448E-01
2.45667,54.3669,-0.183659E-02
2.45728,54.3804,-0.726675E-03
2.45789,54.3940,0.109838E-02
2.45850,54.4075,0.833407E-02
2.45911,54.4210,-0.181469E-02
2.45972,54.4345,0.320565E-01
2.46033,54.4480,-0.121870E-02
2.46094,54.4615,0.425553E-02
2.46155,54.4750,-0.246162E-02
2.46216,54.4885,0.130566E-02
2.46277,54.5020,0.229890E-01
2.46338,54.5155,0.111113E-01
2.46399,54.5290,0.298951E-02
2.46460,54.5425,0.196522E-02
2.46521,54.5560,0.724541E-03
2.46582,54.5695,-0.115661E-01
2.46643,54.5831,-0.381860E-01
2.46704,54.5966,0.390932E-02
2.46765,54.6101,-0.395599E-01
2.46826,54.6236,0.115884E-01
2.46887,54.6371,-0.650456E-02
2.46948,54.6506,-0.670970E-03
2.47009,54.6641,-0.168408E-01
2.47070,54.6776,0.277027E-01
2.47131,54.6911,-0.152896E-01
2.47192,54.7046,-0.174788E-01
2.47253,54.7181,0.615479E-02
2.47314,54.7316,-0.201272E-03
2.47375,54.7451,0.186633E-01
2.47437,54.7586,0.345808E-01
2.47498,54.7722,0.258156E-01
2.47559,54.7857,-0.670903E-02
2.47620,54.7992,0.442918E-02
2.47681,54.8127,0.562199E-02
2.47742,54.8262,0.233116E-02
2.47803,54.8397,0.514873E-02
2.47864,54.8532,-0.745399E-02
2.47925,54.8667,-0.201904E-01
2.47986,54.8802,-0.362969E-01
2.48047,54.8937,0.421961E-02
2.48108,54.9072,0.135821E-01
2.48169,54.9207,-0.156580E-01
2.48230,54.9342,0.712156E-01
2.48291,54.9478,-0.119834E-01
2.48352,54.9613,-0.653146E-02
2.48413,54.9748,-0.142478E-02
2.48474,54.9883,-0.192919E-01
2.48535,55.0018,-0.421549E-03
2.48596,55.0153,0.585292E-02
2.48657,55.0288,0.309040E-01
2.48718,55.0423,0.276387E-01
2.48779,55.0558,-0.378287E-01
2.48840,55.0693,-0.112134E-03
2.48901,55.0828,0.285831E-01
2.48962,55.0963,-0.344944E-02
2.49023,55.1098,0.994411E-02
2.49084,55.1233,-0.106284E-01
2.49146,55.1369,0.289265E-01
2.49207,55.1504,0.488757E-02
2.49268,55.1639,-0.124671E-01
2.49329,55.1774,0.153417E-01
2.49390,55.1909,0.151124E-01
2.49451,55.2044,0.299934E-02
2.49512,55.2179,-0.410265E-02
2.49573,55.2314,-0.136929E-01
2.49634,55.2449,0.147836E-01
2.49695,55.2584,-0.115112E-01
2.49756,55.2719,0.322874E-02
2.49817,55.2854,-0.644384E-03
2.49878,55.2989,0.172633E-01
2.49939,55.3124,-0.128778E-01
2.50000,55.3260,0.105030E-01
2.50061,55.3395,-0.959322E-02
2.50122,55.3530,-0.130283E-02
2.50183,55.3665,0.394526E-01
2.50244,55.3800,-0.142764E-02
2.50305,55.3935,0.229343E-02
2.50366,55.4070,-0.290729E-02
2.50427,55.4205,-0.877980E-02
2.50488,55.4340,0.124786E-02
2.50549,55.4475,0.788542E-03
2.50610,55.4610,0.664324E-02
2.50671,55.4745,0.202533E-01
2.50732,55.4880,-0.231875E-02
2.50793,55.5016,0.104705E-01
2.50854,55.5151,-0.216794E-01
2.50916,55.5286,0.169573E-01
2.50977,55.5421,0.256181E-01
2.51038,55.5556,-0.265758E-02
2.51099,55.5691,-0.421739E-02
2.51160,55.5826,-0.325287E-02
2.51221,55.5961,-0.249053E-02
2.51282,55.6096,0.979850E-02
2.51343,55.6231,-0.105403E-02
2.51404,55.6366,-0.421501E-02
2.51465,55.6501,-0.232210E-01
2.51526,55.6636,0.179573E-02
2.51587,55.6771,-0.387533E-03
2.51648,55.6907,0.339623E-04
2.51709,55.7042,-0.226065E-01
2.51770,55.7177,-0.292855E-02
2.51831,55.7312,-0.525990E-02
2.51892,55.7447,-0.155764E-01
2.51953,55.7582,-0.933733E-02
2.52014,55.7717,-0.170613E-01
2.52075,55.7852,-0.257444E-01
2.52136,55.7987,-0.407120E-01
2.52197,55.8122,0.422842E-03
2.52258,55.8257,0.195281E-01
2.52319,55.8392,0.878959E-02
2.52380,55.8527,-0.790833E-02
2.52441,55.8662,-0.361140E-02
2.52502,55.8798,0.205655E-01
2.52563,55.8933,0.240610E-01
2.52625,55.9068,0.223993E-01
2.52686,55.9203,0.174634E-01
2.52747,55.9338,-0.103101E-01
2.52808,55.9473,-0.209555E-01
2.52869,55.9608,0.330578E-02
2.52930,55.9743,-0.452393E-02
2.52991,55.9878,0.786499E-02
2.53052,56.0013,-0.184103E-01
2.53113,56.0148,0.316948E-01
2.53174,56.0283,-0.964885E-02
2.53235,56.0418,-0.331285E-02
2.53296,56.0554,0.258343E-01
2.53357,56.0689,0.218569E-02
2.53418,56.0824,0.192767E-01
2.53479,56.0959,0.308752E-01
2.53540,56.1094,-0.146049E-02
2.53601,56.1229,-0.449425E-01
2.53662,56.1364,-0.786069E-02
2.53723,56.1499,0.219204E-01
2.53784,56.1634,0.156250E-02
2.53845,56.1769,-0.120210E-01
2.53906,56.1904,-0.128050E-01
2.53967,56.2039,-0.449923E-02
2.54028,56.2174,0.118238E-02
2.54089,56.2309,0.140248E-01
2.54150,56.2445,-0.548796E-01
2.54211,56.2580,-0.106707E-01
2.54272,56.2715,0.132070E-01
2.54333,56.2850,0.221413E-02
2.54395,56.2985,0.204947E-01
2.54456,56.3120,0.469762E-02
2.54517,56.3255,0.261356E-02
2.54578,56.3390,0.652622E-02
2.54639,56.3525,-0.891825E-02
2.54700,56.3660,0.464119E-01
2.54761,56.3795,0.161809E-01
2.54822,56.3930,0.237397E-01
2.54883,56.4065,-0.728135E-02
2.54944,56.4200,0.180010E-01
2.55005,56.4336,0.143255E-01
2.55066,56.4471,-0.150189E-01
2.55127,56.4606,0.605786E-02
2.55188,56.4741,0.365332E-03
2.55249,56.4876,0.178301E-01
2.55310,56.5011,0.249437E-02
2.55371,56.5146,-0.269819E-01
2.55432,56.5281,-0.158721E-01
2.55493,56.5416,0.190765E-01
2.55554,56.5551,-0.233849E-02
2.55615,56.5686,-0.420153E-02
2.55676,56.5821,0.242777E-01
2.55737,56.5956,-0.571726E-02
2.55798,56.6092,-0.480392E-01
2.55859,56.6227,0.870548E-02
2.55920,56.6362,-0.621381E-02
2.55981,56.6497,0.399039E-01
2.56042,56.6632,-0.903507E-02
2.56104,56.6767,0.622646E-03
2.56165,56.6902,0.159996E-01
2.56226,56.7037,-0.507452E-02
2.56287,56.7172,0.691303E-01
2.56348,56.7307,-0.621091E-02
2.56409,56.7442,0.130902E-01
2.56470,56.7577,0.575762E-02
2.56531,56.7712,-0.151356E-02
2.56592,56.7847,-0.451180E-02
2.56653,56.7983,-0.286659E-01
2.56714,56.8118,-0.332767E-01
2.56775,56.8253,-0.124547E-02
2.56836,56.8388,0.560654E-02
2.56897,56.8523,-0.164614E-01
2.56958,56.8658,-0.393557E-02
2.57019,56.8793,-0.108371E-01
2.57080,56.8928,0.135229E-01
2.57141,56.9063,-0.357550E-01
2.57202,56.9198,0.593031E-01
2.57263,56.9333,0.263710E-01
2.57324,56.9468,-0.221221E-01
2.57385,56.9603,0.407159E-02
2.57446,56.9738,-0.168913E-01
2.57507,56.9874,0.425046E-02
2.57568,57.0009,0.161953E-01
2.57629,57.0144,-0.464750E-03
2.57690,57.0279,-0.738931E-02
2.57751,57.0414,-0.303569E-01
2.57812,57.0549,0.437587E-01
2.57874,57.0684,0.373659E-01
2.57935,57.0819,-0.367679E-03
2.57996,57.0954,0.168314E-01
2.58057,57.1089,0.105032E-01
2.58118,57.1224,0.333660E-01
2.58179,57.1359,0.140601E-01
2.58240,57.1494,0.569939E-02
2.58301,57.1630,-0.134850E-01
2.58362,57.1765,-0.489926E-02
2.58423,57.1900,-0.130180E-01
2.58484,57.2035,-0.100500E-02
2.58545,57.2170,0.267055E-01
2.58606,57.2305,0.369649E-01
2.58667,57.2440,-0.240123E-01
2.58728,57.2575,-0.243068E-01
2.58789,57.2710,0.548409E-01
2.58850,57.2845,0.307834E-01
2.58911,57.2980,-0.141217E-02
2.58972,57.3115,-0.247417E-01
2.59033,57.3250,0.283093E-01
2.59094,57.3385,-0.625538E-01
2.59155,57.3521,0.919387E-02
2.59216,57.3656,0.159781E-01
2.59277,57.3791,0.746925E-02
2.59338,57.3926,0.639013E-02
2.59399,57.4061,0.106968E-01
2.59460,57.4196,0.942837E-02
2.59521,57.4331,-0.568002E-02
2.59583,57.4466,-0.148224E-01
2.59644,57.4601,-0.514219E-02
2.59705,57.4736,-0.480839E-02
2.59766,57.4871,0.164271E-01
2.59827,57.5006,0.108014E-01
2.59888,57.5141,0.895769E-02
2.59949,57.5276,-0.263087E-01
2.60010,57.5412,-0.191341E-04
2.60071,57.5547,-0.108018E-01
2.60132,57.5682,0.235228E-01
2.60193,57.5817,0.421421E-02
2.60254,57.5952,0.209860E-01
2.60315,57.6087,-0.115426E-01
2.60376,57.6222,-0.695922E-02
2.60437,57.6357,-0.193754E-01
2.60498,57.6492,0.961085E-02
2.60559,57.6627,-0.354197E-01
2.60620,57.6762,0.376983E-02
2.60681,57.6897,-0.107115E-01
2.60742,57.7032,0.353167E-01
2.60803,57.7168,-0.842088E-03
2.60864,57.7303,-0.438234E-01
2.60925,57.7438,0.119994E-02
2.60986,57.7573,-0.253490E-01
2.61047,57.7708,-0.142440E-01
2.61108,57.7843,0.327181E-02
2.61169,57.7978,0.235173E-01
2.61230,57.8113,-0.347370E-02
2.61292,57.8248,-0.546200E-03
2.61353,57.8383,-0.192960E-02
2.61414,57.8518,0.159774E-01
2.61475,57.8653,-0.542239E-03
2.61536,57.8788,0.367425E-01
2.61597,57.8923,0.409555E-02
2.61658,57.9059,-0.106556E-02
2.61719,57.9194,0.181004E-01
2.61780,57.9329,-0.789395E-02
2.61841,57.9464,0.113336E-01
2.61902,57.9599,0.526873E-02
2.61963,57.9734,0.284070E-01
2.62024,57.9869,0.248737E-02
2.62085,58.0004,0.835412E-02
2.62146,58.0139,-0.225377E-01
2.62207,58.0274,-0.185666E-02
2.62268,58.0409,-0.134237E-01
2.62329,58.0544,0.626293E-02
2.62390,58.0679,-0.367789E-02
2.62451,58.0814,0.219331E-03
2.62512,58.0950,-0.841499E-04
2.62573,58.1085,0.542008E-02
2.62634,58.1220,-0.620896E-03
2.62695,58.1355,-0.258228E-01
2.62756,58.1490,0.131560E-01
2.62817,58.1625,0.140397E-01
2.62878,58.1760,-0.102525E-01
2.62939,58.1895,-0.493750E-01
2.63000,58.2030,0.310029E-02
2.63062,58.2165,-0.461778E-02
2.63123,58.2300,-0.283158E-02
2.63184,58.2435,-0.388146E-02
2.63245,58.2570,0.470539E-01
2.63306,58.2706,0.225519E-01
2.63367,58.2841,0.888368E-03
2.63428,58.2976,0.253335E-01
2.63489,58.3111,0.162296E-01
2.63550,58.3246,-0.179224E-01
2.63611,58.3381,-0.996135E-02
2.63672,58.3516,0.838249E-03
2.63733,58.3651,-0.996134E-03
2.63794,58.3786,0.441954E-02
2.63855,58.3921,0.234844E-02
2.63916,58.4056,-0.574670E-02
2.63977,58.4191,0.554953E-01
2.64038,58.4326,-0.198487E-02
2.64099,58.4461,-0.708084E-02
2.64160,58.4597,0.392657E-02
2.64221,58.4732,0.279206E-01
2.64282,58.4867,-0.141155E-01
2.64343,58.5002,0.247504E-01
2.64404,58.5137,0.413019E-02
2.64465,58.5272,0.118768E-02
2.64526,58.5407,-0.521345E-02
2.64587,58.5542,0.120124E-02
2.64648,58.5677,0.410546E-01
2.64709,58.5812,-0.224422E-01
2.64771,58.5947,0.169265E-02
2.64832,58.6082,-0.156921E-03
2.64893,58.6217,0.163407E-01
2.64954,58.6352,0.310122E-01
2.65015,58.6488,-0.138196E-01
2.65076,58.6623,-0.158548E-01
2.65137,58.6758,0.293606E-04
2.65198,58.6893,0.368964E-01
2.65259,58.7028,0.512494E-01
2.65320,58.7163,0.496030E-02
2.65381,58.7298,0.159126E-01
2.65442,58.7433,0.443386E-02
2.65503,58.7568,0.182934E-02
2.65564,58.7703,0.601843E-02
2.65625,58.7838,0.839265E-02
2.65686,58.7973,0.197762E-01
2.65747,58.8108,0.509082E-02
2.65808,58.8244,0.592467E-02
2.65869,58.8379,0.271359E-01
2.65930,58.8514,0.297122E-01
2.65991,58.8649,-0.301553E-02
2.66052,58.8784,0.168395E-01
2.66113,58.8919,0.221934E-01
2.66174,58.9054,-0.107501E-02
2.66235,58.9189,-0.727111E-02
2.66296,58.9324,0.312854E-03
2.66357,58.9459,0.194456E-02
2.66418,58.9594,0.418706E-02
2.66479,58.9729,0.653886E-02
2.66541,58.9864,-0.181909E-01
2.66602,58.9999,-0.153297E-01
2.66663,59.0135,0.219537E-01
2.66724,59.0270,-0.600593E-01
2.66785,59.0405,-0.113967E-01
2.66846,59.0540,0.324719E-02
2.66907,59.0675,-0.141100E-02
2.66968,59.0810,-0.192322E-01
2.67029,59.0945,0.766489E-02
2.67090,59.1080,0.287618E-01
2.67151,59.1215,-0.161458E-01
2.67212,59.1350,-0.610672E-02
2.67273,59.1485,0.182935E-01
2.67334,59.1620,0.168826E-01
2.67395,59.1755,0.997155E-02
2.67456,59.1890,-0.134296E-02
2.67517,59.2026,0.638552E-02
2.67578,59.2161,0.909988E-02
2.67639,59.2296,0.114169E-02
2.67700,59.2431,0.775387E-02
2.67761,59.2566,0.193371E-01
2.67822,59.2701,0.953714E-02
2.67883,59.2836,0.651456E-02
2.67944,59.2971,-0.131938E-01
2.68005,59.3106,0.127982E-01
2.68066,59.3241,-0.498645E-02
2.68127,59.3376,0.816564E-02
2.68188,59.3511,-0.517782E-02
2.68250,59.3646,-0.252575E-01
2.68311,59.3782,0.435999E-01
2.68372,59.3917,-0.314718E-01
2.68433,59.4052,-0.496010E-03
2.68494,59.4187,0.186636E-01
2.68555,59.4322,0.136013E-01
2.68616,59.4457,0.465937E-02
2.68677,59.4592,-0.253732E-02
2.68738,59.4727,-0.914683E-02
2.68799,59.4862,0.204071E-01
2.68860,59.4997,-0.183898E-02
2.68921,59.5132,-0.462024E-02
2.68982,59.5267,-0.113928E-01
2.69043,59.5402,0.201319E-01
2.69104,59.5537,0.185569E-01
2.69165,59.5673,0.289476E-02
2.69226,59.5808,0.661310E-01
2.69287,59.5943,0.427778E-01
2.69348,59.6078,0.133013E-01
2.69409,59.6213,0.200872E-01
2.69470,59.6348,-0.622433E-02
2.69531,59.6483,0.464971E-02
2.69592,59.6618,0.587655E-02
2.69653,59.6753,-0.183947E-01
2.69714,59.6888,-0.961977E-02
2.69775,59.7023,-0.401884E-01
2.69836,59.7158,-0.394905E-02
2.69897,59.7293,0.452680E-02
2.69958,59.7428,-0.413311E-02
2.70020,59.7564,-0.243686E-02
2.70081,59.7699,-0.163717E-01
2.70142,59.7834,-0.593462E-02
2.70203,59.7969,0.116341E-01
2.70264,59.8104,0.922444E-02
2.70325,59.8239,-0.333585E-01
2.70386,59.8374,0.320878E-02
2.70447,59.8509,0.278109E-02
2.70508,59.8644,-0.389736E-01
2.70569,59.8779,-0.223767E-02
2.70630,59.8914,-0.234418E-01
2.70691,59.9049,0.194564E-02
2.70752,59.9184,0.271733E-01
2.70813,59.9320,0.206991E-01
2.70874,59.9455,-0.112598E-02
2.70935,59.9590,-0.165833E-03
2.70996,59.9725,0.143199E-01
2.71057,59.9860,0.339670E-01
2.71118,59.9995,-0.654867E-02
2.71179,60.0130,0.100033E-02
2.71240,60.0265,-0.112628E-01
2.71301,60.0400,0.301227E-02
2.71362,60.0535,-0.191240E-01
2.71423,60.0670,0.228665E-01
2.71484,60.0805,0.595057E-03
2.71545,60.0940,-0.540515E-02
2.71606,60.1075,0.105290E-01
2.71667,60.1211,-0.531871E-02
2.71729,60.1346,0.781014E-02
2.71790,60.1481,-0.167822E-04
2.71851,60.1616,-0.465524E-02
2.71912,60.1751,-0.643946E-02
2.71973,60.1886,-0.698970E-02
2.72034,60.2021,-0.763094E-02
2.72095,60.2156,-0.946160E-03
2.72156,60.2291,0.158659E-01
2.72217,60.2426,0.108606E-01
2.72278,60.2561,0.279566E-01
2.72339,60.2696,0.169083E-02
2.72400,60.2831,0.388052E-02
2.72461,60.2966,0.877698E-02
2.72522,60.3102,-0.887305E-02
2.72583,60.3237,0.924127E-02
2.72644,60.3372,-0.627465E-02
2.72705,60.3507,0.172872E-01
2.72766,60.3642,0.251068E-02
2.72827,60.3777,0.217483E-01
2.72888,60.3912,-0.494058E-02
2.72949,60.4047,0.205747E-01
2.73010,60.4182,-0.259393E-01
2.73071,60.4317,0.755810E-01
2.73132,60.4452,-0.214658E-01
2.73193,60.4587,-0.434088E-02
2.73254,60.4722,-0.136171E-01
2.73315,60.4858,0.146140E-02
2.73376,60.4993,0.575792E-02
2.73438,60.5128,0.554962E-03
2.73499,60.5263,-0.206133E-01
2.73560,60.5398,0.141330E-01
2.73621,60.5533,-0.966002E-02
2.73682,60.5668,-0.753947E-02
2.73743,60.5803,0.198986E-01
2.73804,60.5938,-0.715623E-03
2.73865,60.6073,0.236609E-01
2.73926,60.6208,0.372351E-03
2.73987,60.6343,0.337139E-02
2.74048,60.6478,0.432757E-01
2.74109,60.6613,0.174457E-01
2.74170,60.6749,0.583367E-02
2.74231,60.6884,-0.252128E-02
2.74292,60.7019,0.332097E-01
2.74353,60.7154,0.807297E-02
2.74414,60.7289,0.313529E-01
2.74475,60.7424,-0.125868E-01
2.74536,60.7559,0.250590E-01
2.74597,60.7694,-0.177246E-01
2.74658,60.7829,-0.226511E-02
2.74719,60.7964,-0.143613E-01
2.74780,60.8099,0.159961E-01
2.74841,60.8234,-0.348997E-01
2.74902,60.8369,0.783867E-03
2.74963,60.8504,-0.479457E-01
2.75024,60.8640,0.101616E-01
2.75085,60.8775,-0.373352E-01
2.75146,60.8910,0.177452E-01
2.75208,60.9045,0.684963E-02
2.75269,60.9180,-0.259202E-02
2.75330,60.9315,0.231589E-01
2.75391,60.9450,-0.355114E-01
2.75452,60.9585,-0.172845E-02
2.75513,60.9720,0.177517E-03
2.75574,60.9855,0.306193E-02
2.75635,60.9990,-0.339596E-01
2.75696,61.0125,0.113031E-02
2.75757,61.0260,0.653004E-02
2.75818,61.0396,0.475516E-02
2.75879,61.0531,-0.479620E-02
2.75940,61.0666,0.503095E-01
2.76001,61.0801,-0.208996E-01
2.76062,61.0936,-0.119456E-01
2.76123,61.1071,0.303158E-02
2.76184,61.1206,-0.652738E-02
2.76245,61.1341,0.205843E-01
2.76306,61.1476,0.147576E-01
2.76367,61.1611,0.750401E-02
2.76428,61.1746,-0.203450E-01
2.76489,61.1881,-0.117008E-01
2.76550,61.2016,0.833142E-02
2.76611,61.2151,-0.162906E-01
2.76672,61.2287,-0.494219E-02
2.76733,61.2422,-0.388952E-01
2.76794,61.2557,0.898738E-02
2.76855,61.2692,0.442437E-02
2.76917,61.2827,-0.502416E-02
2.76978,61.2962,0.974029E-02
2.77039,61.3097,-0.165437E-01
2.77100,61.3232,0.319219E-02
2.77161,61.3367,-0.522694E-02
2.77222,61.3502,-0.452401E-02
2.77283,61.3637,0.146001E-02
2.77344,61.3772,-0.232786E-01
2.77405,61.3907,0.974957E-02
2.77466,61.4042,0.285106E-01
2.77527,61.4178,0.201017E-01
2.77588,61.4313,0.641568E-02
2.77649,61.4448,0.242501E-01
2.77710,61.4583,-0.229464E-02
2.77771,61.4718,-0.239644E-02
2.77832,61.4853,-0.371237E-01
2.77893,61.4988,0.324330E-02
2.77954,61.5123,0.928301E-02
2.78015,61.5258,-0.629869E-03
2.78076,61.5393,0.300401E-02
2.78137,61.5528,-0.850489E-02
2.78198,61.5663,-0.122787E-01
2.78259,61.5798,0.521097E-02
2.78320,61.5934,0.611269E-02
2.78381,61.6069,-0.165692E-02
2.78442,61.6204,0.814747E-02
2.78503,61.6339,-0.228453E-01
2.78564,61.6474,0.572471E-02
2.78625,61.6609,-0.469652E-02
2.78687,61.6744,0.699078E-02
2.78748,61.6879,-0.269465E-02
2.78809,61.7014,0.787009E-02
2.78870,61.7149,0.318694E-02
2.78931,61.7284,0.558198E-02
2.78992,61.7419,0.361366E-01
2.79053,61.7554,0.155724E-01
2.79114,61.7689,0.147069E-01
2.79175,61.7825,0.164938E-02
2.79236,61.7960,0.122319E-02
2.79297,61.8095,-0.728525E-02
2.79358,61.8230,-0.728280E-02
2.79419,61.8365,0.360740E-02
2.79480,61.8500,0.191887E-01
2.79541,61.8635,-0.197964E-01
2.79602,61.8770,0.125500E-01
2.79663,61.8905,-0.127916E-01
2.79724,61.9040,-0.908332E-02
2.79785,61.9175,-0.236170E-01
2.79846,61.9310,-0.754386E-02
2.79907,61.9445,0.451033E-02
2.79968,61.9580,-0.215621E-01
2.80029,61.9716,0.161400E-01
2.80090,61.9851,0.636156E-02
2.80151,61.9986,0.769904E-02
2.80212,62.0121,0.130874E-01
2.80273,62.0256,0.901026E-02
2.80334,62.0391,0.598685E-02
2.80396,62.0526,0.845172E-02
2.80457,62.0661,-0.304295E-01
2.80518,62.0796,0.185870E-01
2.80579,62.0931,0.352255E-02
2.80640,62.1066,0.516100E-02
2.80701,62.1201,-0.321289E-02
2.80762,62.1336,-0.420797E-02
2.80823,62.1472,-0.328470E-01
2.80884,62.1607,-0.827892E-02
2.80945,62.1742,0.724967E-02
2.81006,62.1877,-0.169220E-01
2.81067,62.2012,0.216693E-01
2.81128,62.2147,-0.603196E-02
2.81189,62.2282,0.963741E-02
2.81250,62.2417,-0.689297E-03
2.81311,62.2552,0.472352E-01
2.81372,62.2687,0.595968E-01
2.81433,62.2822,0.560580E-01
2.81494,62.2957,-0.271872E-01
2.81555,62.3092,-0.499358E-01
2.81616,62.3227,-0.446196E-02
2.81677,62.3363,-0.212966E-02
2.81738,62.3498,0.331934E-01
2.81799,62.3633,0.224089E-01
2.81860,62.3768,0.440726E-02
2.81921,62.3903,-0.101263E-01
2.81982,62.4038,-0.372550E-02
2.82043,62.4173,0.580372E-02
2.82104,62.4308,-0.108321E-01
2.82166,62.4443,0.651320E-02
2.82227,62.4578,0.848804E-02
2.82288,62.4713,0.114273E-01
2.82349,62.4848,0.166312E-02
2.82410,62.4983,0.151865E-01
2.82471,62.5118,0.144321E-01
2.82532,62.5254,0.998700E-02
2.82593,62.5389,0.658518E-02
2.82654,62.5524,0.658260E-02
2.82715,62.5659,-0.146770E-03
2.82776,62.5794,0.971280E-03
2.82837,62.5929,-0.895980E-02
2.82898,62.6064,0.251911E-01
2.82959,62.6199,0.130827E-01
2.83020,62.6334,-0.512990E-02
2.83081,62.6469,0.887163E-02
2.83142,62.6604,-0.672412E-02
2.83203,62.6739,0.231873E-02
2.83264,62.6874,0.696102E-02
2.83325,62.7010,-0.101188E-01
2.83386,62.7145,-0.656548E-02
2.83447,62.7280,0.239536E-02
2.83508,62.7415,-0.816726E-02
2.83569,62.7550,0.152328E-01
2.83630,62.7685,0.128065E-01
2.83691,62.7820,-0.119947E-01
2.83752,62.7955,0.667368E-02
2.83813,62.8090,-0.117385E-01
2.83875,62.8225,-0.962842E-03
2.83936,62.8360,-0.574655E-04
2.83997,62.8495,-0.736127E-02
2.84058,62.8630,0.235053E-01
2.84119,62.8765,0.983823E-03
2.84180,62.8901,0.112574E-02
2.84241,62.9036,-0.377116E-01
2.84302,62.9171,0.300957E-01
2.84363,62.9306,0.140594E-02
2.84424,62.9441,-0.137927E-01
2.84485,62.9576,0.476915E-03
2.84546,62.9711,-0.167563E-01
2.84607,62.9846,-0.112767E-01
2.84668,62.9981,-0.337727E-01
2.84729,63.0116,0.319744E-01
2.84790,63.0251,0.618772E-02
2.84851,63.0386,-0.663821E-02
2.84912,63.0521,-0.189250E-01
2.84973,63.0656,0.221610E-02
2.85034,63.0792,0.267690E-01
2.85095,63.0927,0.121913E-01
2.85156,63.1062,-0.567664E-02
2.85217,63.1197,0.190501E-01
2.85278,63.1332,-0.408798E-02
2.85339,63.1467,-0.155897E-01
2.85400,63.1602,-0.125187E-01
2.85461,63.1737,0.139105E-01
2.85522,63.1872,-0.147236E-01
2.85583,63.2007,-0.457196E-02
2.85645,63.2142,0.871233E-02
2.85706,63.2277,0.216547E-02
2.85767,63.2412,-0.887644E-02
2.85828,63.2548,0.107108E-01
2.85889,63.2683,0.162288E-01
2.85950,63.2818,-0.717600E-03
2.86011,63.2953,0.587948E-02
2.86072,63.3088,0.191733E-01
2.86133,63.3223,0.133855E-01
2.86194,63.3358,-0.117430E-01
2.86255,63.3493,0.765095E-02
2.86316,63.3628,0.410326E-01
2.86377,63.3763,-0.958465E-02
2.86438,63.3898,0.513722E-02
2.86499,63.4033,-0.727302E-02
2.86560,63.4168,0.177529E-02
2.86621,63.4303,0.134337E-01
2.86682,63.4439,0.120800E-01
2.86743,63.4574,-0.322641E-02
2.86804,63.4709,0.912749E-03
2.86865,63.4844,0.264622E-02
2.86926,63.4979,0.466216E-03
2.86987,63.5114,-0.209588E-01
2.87048,63.5249,0.286482E-02
2.87109,63.5384,0.355573E-01
2.87170,63.5519,-0.116949E-01
2.87231,63.5654,-0.260715E-02
2.87292,63.5789,0.798086E-02
2.87354,63.5924,-0.160735E-01
2.87415,63.6059,0.934808E-02
2.87476,63.6194,0.137416E-01
2.87537,63.6330,-0.646444E-03
2.87598,63.6465,-0.282108E-01
2.87659,63.6600,0.115135E-01
2.87720,63.6735,0.878364E-01
2.87781,63.6870,-0.129750E-01
2.87842,63.7005,-0.561628E-02
2.87903,63.7140,-0.115983E-01
2.87964,63.7275,0.350809E-01
2.88025,63.7410,-0.786743E-02
2.88086,63.7545,0.166780E-01
2.88147,63.7680,0.158806E-01
2.88208,63.7815,0.566985E-02
2.88269,63.7950,0.213811E-01
2.88330,63.8086,0.307980E-02
2.88391,63.8221,-0.569073E-03
2.88452,63.8356,0.863770E-02
2.88513,63.8491,-0.969057E-02
2.88574,63.8626,-0.598530E-03
2.88635,63.8761,0.169369E-01
2.88696,63.8896,0.578028E-02
2.88757,63.9031,-0.100648E-01
2.88818,63.9166,0.165650E-01
2.88879,63.9301,-0.267388E-01
2.88940,63.9436,-0.740130E-02
2.89001,63.9571,-0.133122E-01
2.89062,63.9706,0.394480E-02
2.89124,63.9841,-0.380247E-02
2.89185,63.9977,-0.184949E-01
2.89246,64.0112,-0.127482E-01
2.89307,64.0247,-0.137758E-03
2.89368,64.0382,-0.120636E-01
2.89429,64.0517,-0.272141E-01
2.89490,64.0652,0.846109E-02
2.89551,64.0787,-0.316839E-02
2.89612,64.0922,0.223100E-02
2.89673,64.1057,0.121098E-01
2.89734,64.1192,0.218859E-02
2.89795,64.1327,0.599404E-02
2.89856,64.1462,-0.125556E-01
2.89917,64.1597,-0.315834E-02
2.89978,64.1732,-0.170724E-01
2.90039,64.1868,0.229884E-02
2.90100,64.2003,0.184405E-01
2.90161,64.2138,0.345936E-01
2.90222,64.2273,0.734586E-02
2.90283,64.2408,-0.191091E-01
2.90344,64.2543,0.240476E-01
2.90405,64.2678,-0.130506E-01
2.90466,64.2813,0.274327E-02
2.90527,64.2948,-0.115286E-02
2.90588,64.3083,0.215479E-02
2.90649,64.3218,0.107682E-01
2.90710,64.3353,-0.699657E-02
2.90771,64.3488,0.803945E-01
2.90833,64.3623,0.659911E-01
2.90894,64.3759,-0.833618E-02
2.90955,64.3894,-0.926422E-02
2.91016,64.4029,0.286898E-01
2.91077,64.4164,0.940482E-02
2.91138,64.4299,0.409338E-01
2.91199,64.4434,0.156171E-01
2.91260,64.4569,0.489232E-01
2.91321,64.4704,0.925673E-02
2.91382,64.4839,0.944447E-02
2.91443,64.4974,0.136032E-01
2.91504,64.5109,0.220907E-01
2.91565,64.5244,0.106959E-01
2.91626,64.5379,0.135372E-01
2.91687,64.5515,-0.460950E-01
2.91748,64.5650,0.150887E-01
2.91809,64.5785,-0.118887E-01
2.91870,64.5920,-0.677887E-02
2.91931,64.6055,0.128348E-01
2.91992,64.6190,0.779437E-03
2.92053,64.6325,0.286216E-01
2.92114,64.6460,-0.822442E-03
2.92175,64.6595,-0.723594E-03
2.92236,64.6730,0.326874E-01
2.92297,64.6865,-0.178291E-01
2.92358,64.7000,0.254472E-01
2.92419,64.7135,-0.155390E-02
2.92480,64.7270,0.100947E-01
2.92542,64.7406,0.503673E-01
2.92603,64.7541,0.869446E-03
2.92664,64.7676,-0.243178E-02
2.92725,64.7811,0.721656E-02
2.92786,64.7946,0.675840E-02
2.92847,64.8081,0.282787E-01
2.92908,64.8216,-0.156418E-01
2.92969,64.8351,0.106676E-01
2.93030,64.8486,0.745495E-02
2.93091,64.8621,-0.552999E-02
2.93152,64.8756,0.700812E-03
2.93213,64.8891,0.131069E-01
2.93274,64.9026,0.883205E-03
2.93335,64.9161,0.401731E-02
2.93396,64.9297,-0.240952E-02
2.93457,64.9432,-0.240352E-02
2.93518,64.9567,-0.223414E-02
2.93579,64.9702,0.146172E-01
2.93640,64.9837,0.282181E-01
2.93701,64.9972,-0.155812E-01
2.93762,65.0107,-0.701769E-02
2.93823,65.0242,-0.256927E-02
2.93884,65.0377,0.135425E-02
2.93945,65.0512,0.526026E-02
2.94006,65.0647,0.303890E-02
2.94067,65.0782,0.148858E-01
2.94128,65.0917,-0.541644E-03
2.94189,65.1053,-0.647149E-02
2.94250,65.1188,0.343548E-02
2.94312,65.1323,0.230625E-01
2.94373,65.1458,0.596838E-02
2.94434,65.1593,-0.842885E-02
2.94495,65.1728,0.850560E-02
2.94556,65.1863,0.410576E-01
2.94617,65.1998,-0.569352E-02
2.94678,65.2133,-0.298069E-02
2.94739,65.2268,0.577223E-03
2.94800,65.2403,-0.154216E-03
2.94861,65.2538,-0.203660E-02
2.94922,65.2673,-0.544838E-02
2.94983,65.2808,-0.571429E-03
2.95044,65.2944,0.199485E-01
2.95105,65.3079,-0.122464E-02
2.95166,65.3214,-0.402753E-03
2.95227,65.3349,0.141081E-02
2.95288,65.3484,0.235582E-02
2.95349,65.3619,0.592463E-04
2.95410,65.3754,0.134324E-02
2.95471,65.3889,0.401846E-02
2.95532,65.4024,0.780350E-02
2.95593,65.4159,0.152741E-03
2.95654,65.4294,-0.369256E-03
2.95715,65.4429,-0.109746E-02
2.95776,65.4564,0.196538E-01
2.95837,65.4699,0.939163E-02
2.95898,65.4835,-0.211052E-03
2.95959,65.4970,0.881838E-05
2.96021,65.5105,-0.180955E-03
2.96082,65.5240,0.432883E-01
2.96143,65.5375,-0.695066E-02
2.96204,65.5510,0.107391E-01
2.96265,65.5645,0.158734E-02
2.96326,65.5780,-0.118866E-02
2.96387,65.5915,-0.469416E-02
2.96448,65.6050,-0.144036E-01
2.96509,65.6185,-0.940873E-02
2.96570,65.6320,0.437216E-03
2.96631,65.6455,0.219290E-01
2.96692,65.6591,0.220882E-02
2.96753,65.6726,0.641722E-02
2.96814,65.6861,-0.425380E-02
2.96875,65.6996,0.372857E-02
2.96936,65.7131,-0.554428E-03
2.96997,65.7266,0.132228E-01
2.97058,65.7401,0.651181E-02
2.97119,65.7536,-0.148124E-02
2.97180,65.7671,-0.966364E-02
2.97241,65.7806,0.109127E-01
2.97302,65.7941,0.154120E-01
2.97363,65.8076,-0.186240E-01
2.97424,65.8211,-0.300629E-01
2.97485,65.8346,0.697121E-02
2.97546,65.8482,-0.125295E-01
2.97607,65.8617,0.466737E-02
2.97668,65.8752,-0.715392E-02
2.97729,65.8887,-0.335748E-01
2.97791,65.9022,0.188818E-04
2.97852,65.9157,0.284489E-01
2.97913,65.9292,0.559408E-02
2.97974,65.9427,0.957954E-02
2.98035,65.9562,-0.280291E-01
2.98096,65.9697,0.489255E-03
2.98157,65.9832,-0.207596E-01
2.98218,65.9967,0.959181E-02
2.98279,66.0102,0.106123E-01
2.98340,66.0237,0.632559E-02
2.98401,66.0373,0.106329E-01
2.98462,66.0508,-0.262691E-03
2.98523,66.0643,0.492328E-02
2.98584,66.0778,0.749876E-02
2.98645,66.0913,0.123710E-01
2.98706,66.1048,0.103854E-03
2.98767,66.1183,-0.330284E-04
2.98828,66.1318,-0.483057E-02
2.98889,66.1453,0.149438E-02
2.98950,66.1588,-0.601008E-02
2.99011,66.1723,0.822079E-02
2.99072,66.1858,0.816817E-02
2.99133,66.1993,-0.174307E-01
2.99194,66.2129,0.653681E-03
2.99255,66.2264,0.134742E-01
2.99316,66.2399,-0.459902E-03
2.99377,66.2534,-0.974786E-03
2.99438,66.2669,0.165481E-02
2.99500,66.2804,0.305342E-02
2.99561,66.2939,-0.415996E-01
2.99622,66.3074,0.196746E-01
2.99683,66.3209,0.333241E-02
2.99744,66.3344,0.167233E-02
2.99805,66.3479,-0.177181E-02
2.99866,66.3614,-0.238366E-01
2.99927,66.3749,0.136420E-01
2.99988,66.3884,-0.153233E-01
3.00049,66.4020,0.508976E-02
3.00110,66.4155,0.714625E-01
3.00171,66.4290,-0.207374E-01
3.00232,66.4425,-0.490806E-02
3.00293,66.4560,0.309451E-02
3.00354,66.4695,0.757477E-02
3.00415,66.4830,-0.589918E-02
3.00476,66.4965,0.120681E-02
3.00537,66.5100,0.162939E-02
3.00598,66.5235,0.288048E-02
3.00659,66.5370,-0.129693E-01
3.00720,66.5505,-0.860794E-03
3.00781,66.5640,0.163167E-01
3.00842,66.5775,-0.474457E-02
3.00903,66.5911,-0.146078E-01
3.00964,66.6046,-0.661000E-02
3.01025,66.6181,0.122771E-01
3.01086,66.6316,0.276860E-01
3.01147,66.6451,-0.145725E-01
3.01208,66.6586,0.118110E-01
3.01270,66.6721,0.357242E-01
3.01331,66.6856,0.697918E-03
3.01392,66.6991,0.182626E-01
3.01453,66.7126,-0.785511E-02
3.01514,66.7261,0.222454E-01
3.01575,66.7396,-0.196354E-01
3.01636,66.7531,0.331773E-01
3.01697,66.7667,-0.155236E-01
3.01758,66.7802,0.514966E-02
3.01819,66.7937,-0.216987E-01
3.01880,66.8072,-0.275664E-01
3.01941,66.8207,-0.119997E-01
3.02002,66.8342,-0.156400E-01
3.02063,66.8477,-0.372771E-02
3.02124,66.8612,0.130382E-01
3.02185,66.8747,0.573191E-02
3.02246,66.8882,0.156132E-02
3.02307,66.9017,-0.813496E-02
3.02368,66.9152,-0.131932E-02
3.02429,66.9287,-0.202036E-02
3.02490,66.9422,0.310182E-01
3.02551,66.9558,0.847799E-02
3.02612,66.9693,0.975815E-02
3.02673,66.9828,0.154071E-01
3.02734,66.9963,0.593198E-03
3.02795,67.0098,0.380190E-02
3.02856,67.0233,-0.445426E-02
3.02917,67.0368,0.227580E-01
3.02979,67.0503,-0.299846E-03
3.03040,67.0638,0.758492E-02
3.03101,67.0773,-0.738235E-03
3.03162,67.0908,-0.472665E-02
3.03223,67.1043,-0.264642E-02
3.03284,67.1178,0.887073E-02
3.03345,67.1313,-0.757801E-02
3.03406,67.1449,-0.469638E-02
3.03467,67.1584,0.474294E-02
3.03528,67.1719,0.141357E-01
3.03589,67.1854,-0.807881E-02
3.03650,67.1989,-0.842776E-02
3.03711,67.2124,0.559610E-03
3.03772,67.2259,0.772482E-02
3.03833,67.2394,0.956956E-02
3.03894,67.2529,0.218899E-02
3.03955,67.2664,0.835848E-02
3.04016,67.2799,-0.177538E-01
3.04077,67.2934,0.188884E-01
3.04138,67.3069,-0.150970E-01
3.04199,67.3205,0.164336E-02
3.04260,67.3340,0.137041E-01
3.04321,67.3475,0.250916E-01
3.04382,67.3610,0.140535E-01
3.04443,67.3745,-0.295931E-03
3.04504,67.3880,-0.123877E-02
3.04565,67.4015,0.240887E-01
3.04626,67.4150,0.296779E-01
3.04688,67.4285,0.101271E-01
3.04749,67.4420,0.360700E-02
3.04810,67.4555,0.580632E-02
3.04871,67.4690,0.460376E-03
3.04932,67.4825,-0.860046E-02
3.04993,67.4960,0.562981E-02
3.05054,67.5096,-0.291193E-01
3.05115,67.5231,-0.225660E-03
3.05176,67.5366,-0.422442E-01
3.05237,67.5501,-0.187582E-01
3.05298,67.5636,0.309131E-02
3.05359,67.5771,-0.581999E-02
3.05420,67.5906,0.681914E-02
3.05481,67.6041,-0.108635E-02
3.05542,67.6176,0.297344E-01
3.05603,67.6311,-0.147535E-01
3.05664,67.6446,-0.145554E-01
3.05725,67.6581,-0.229016E-02
3.05786,67.6716,0.531903E-02
3.05847,67.6851,-0.809844E-02
3.05908,67.6987,0.199165E-01
3.05969,67.7122,0.920491E-03
3.06030,67.7257,0.255037E-02
3.06091,67.7392,-0.153686E-01
3.06152,67.7527,-0.229154E-02
3.06213,67.7662,0.326206E-01
3.06274,67.7797,0.140388E-02
3.06335,67.7932,-0.457231E-02
3.06396,67.8067,-0.769840E-02
3.06458,67.8202,0.268224E-01
3.06519,67.8337,-0.348988E-03
3.06580,67.8472,0.314712E-01
3.06641,67.8607,0.998086E-03
3.06702,67.8743,-0.598204E-02
3.06763,67.8878,0.166613E-02
3.06824,67.9013,-0.306216E-02
3.06885,67.9148,0.840857E-02
3.06946,67.9283,0.311041E-01
3.07007,67.9418,0.119398E-01
3.07068,67.9553,-0.649679E-02
3.07129,67.9688,0.163365E-01
3.07190,67.9823,0.341590E-01
3.07251,67.9958,-0.272561E-03
3.07312,68.0093,0.576560E-01
3.07373,68.0228,0.362584E-01
3.07434,68.0363,0.320336E-02
3.07495,68.0498,0.583976E-02
3.07556,68.0634,0.114207E-01
3.07617,68.0769,0.154819E-02
3.07678,68.0904,0.386928E-01
3.07739,68.1039,-0.984266E-04
3.07800,68.1174,-0.133530E-01
3.07861,68.1309,-0.770826E-02
3.07922,68.1444,0.780737E-02
3.07983,68.1579,-0.575027E-02
3.08044,68.1714,0.113890E-01
3.08105,68.1849,0.177095E-01
3.08167,68.1984,-0.271382E-01
3.08228,68.2119,-0.890823E-03
3.08289,68.2254,-0.109814E-01
3.08350,68.2389,0.247099E-02
3.08411,68.2525,0.127597E-01
3.08472,68.2660,-0.465284E-01
3.08533,68.2795,0.107331E-01
3.08594,68.2930,0.140027E-01
3.08655,68.3065,0.485496E-03
3.08716,68.3200,0.145303E-01
3.08777,68.3335,-0.193944E-01
3.08838,68.3470,-0.639270E-02
3.08899,68.3605,-0.651180E-02
3.08960,68.3740,0.131683E-02
3.09021,68.3875,0.124942E-01
3.09082,68.4010,-0.252125E-01
3.09143,68.4145,0.464428E-02
3.09204,68.4281,0.761635E-02
3.09265,68.4416,0.207388E-02
3.09326,68.4551,-0.295639E-02
3.09387,68.4686,-0.660899E-02
3.09448,68.4821,0.162429E-02
3.09509,68.4956,0.508804E-01
3.09570,68.5091,0.173016E-01
3.09631,68.5226,-0.180766E-01
3.09692,68.5361,0.112990E-01
3.09753,68.5496,-0.474981E-02
3.09814,68.5631,0.171359E-01
3.09875,68.5766,0.973920E-02
3.09937,68.5901,0.534161E-02
3.09998,68.6036,0.133368E-01
3.10059,68.6172,0.173707E-01
3.10120,68.6307,0.104236E-01
3.10181,68.6442,0.141685E-01
3.10242,68.6577,-0.315336E-02
3.10303,68.6712,-0.339974E-01
3.10364,68.6847,-0.116496E-01
3.10425,68.6982,-0.788250E-03
3.10486,68.7117,0.271694E-02
3.10547,68.7252,-0.117785E-01
3.10608,68.7387,0.117752E-02
3.10669,68.7522,0.133763E-01
3.10730,68.7657,0.354537E-01
3.10791,68.7792,0.175155E-01
3.10852,68.7927,-0.327488E-01
3.10913,68.8063,-0.223476E-01
3.10974,68.8198,-0.219767E-02
3.11035,68.8333,0.608212E-02
3.11096,68.8468,0.114267E-02
3.11157,68.8603,-0.246365E-02
3.11218,68.8738,-0.103198E-01
3.11279,68.8873,0.540103E-02
3.11340,68.9008,-0.264296E-01
3.11401,68.9143,-0.106707E-01
3.11462,68.9278,-0.296527E-02
3.11523,68.9413,-0.743643E-02
3.11584,68.9548,0.930584E-03
3.11646,68.9683,0.313862E-02
3.11707,68.9819,0.276887E-02
3.11768,68.9954,-0.940806E-02
3.11829,69.0089,-0.417745E-02
3.11890,69.0224,0.460358E-01
3.11951,69.0359,-0.218368E-01
3.12012,69.0494,0.484060E-01
3.12073,69.0629,0.431258E-02
3.12134,69.0764,-0.136553E-01
3.12195,69.0899,0.800852E-02
3.12256,69.1034,-0.115945E-01
3.12317,69.1169,-0.124403E-01
3.12378,69.1304,0.931950E-02
3.12439,69.1439,0.647986E-02
3.12500,69.1574,0.820836E-02
3.12561,69.1710,0.275393E-02
3.12622,69.1845,-0.589038E-03
3.12683,69.1980,0.466256E-03
3.12744,69.2115,-0.161524E-02
3.12805,69.2250,-0.555638E-02
3.12866,69.2385,-0.561071E-02
3.12927,69.2520,-0.701416E-02
3.12988,69.2655,-0.207003E-01
3.13049,69.2790,-0.140788E-02
3.13110,69.2925,0.800206E-03
3.13171,69.3060,0.979769E-02
3.13232,69.3195,0.401962E-02
3.13293,69.3330,0.114633E-01
3.13354,69.3465,0.122118E-01
3.13416,69.3601,-0.117212E-02
3.13477,69.3736,0.156703E-01
3.13538,69.3871,0.948434E-02
3.13599,69.4006,-0.313772E-01
3.13660,69.4141,-0.416484E-01
3.13721,69.4276,-0.248084E-01
3.13782,69.4411,0.121367E-01
3.13843,69.4546,-0.224158E-01
3.13904,69.4681,0.145326E-01
3.13965,69.4816,-0.548829E-02
3.14026,69.4951,-0.237693E-02
3.14087,69.5086,0.242700E-01
3.14148,69.5221,0.571465E-02
3.14209,69.5357,-0.149882E-01
3.14270,69.5492,0.120373E-01
3.14331,69.5627,0.531797E-01
3.14392,69.5762,0.620124E-02
3.14453,69.5897,-0.125637E-01
3.14514,69.6032,0.665148E-02
3.14575,69.6167,-0.110084E-01
3.14636,69.6302,-0.458143E-01
3.14697,69.6437,0.137806E-01
3.14758,69.6572,-0.901492E-02
3.14819,69.6707,0.272087E-02
3.14880,69.6842,-0.240415E-01
3.14941,69.6977,-0.269289E-01
3.15002,69.7112,0.988532E-02
3.15063,69.7248,0.366213E-02
3.15125,69.7383,0.528391E-05
3.15186,69.7518,-0.457152E-01
3.15247,69.7653,0.261272E-02
3.15308,69.7788,0.612994E-02
3.15369,69.7923,0.128907E-01
3.15430,69.8058,0.213894E-01
3.15491,69.8193,-0.214139E-01
3.15552,69.8328,0.497711E-01
3.15613,69.8463,0.234927E-02
3.15674,69.8598,-0.228654E-02
3.15735,69.8733,-0.150597E-01
3.15796,69.8868,0.678835E-02
3.15857,69.9003,0.140795E-01
3.15918,69.9139,0.927211E-02
3.15979,69.9274,-0.168998E-01
3.16040,69.9409,0.225004E-02
3.16101,69.9544,-0.967635E-03
3.16162,69.9679,0.302976E-01
3.16223,69.9814,-0.251930E-01
3.16284,69.9949,-0.117450E-01
3.16345,70.0084,0.493683E-02
3.16406,70.0219,0.122741E-01
3.16467,70.0354,0.173283E-02
3.16528,70.0489,0.137684E-01
3.16589,70.0624,-0.328270E-02
3.16650,70.0759,-0.279830E-01
3.16711,70.0895,0.188272E-02
3.16772,70.1030,0.197410E-01
3.16833,70.1165,0.117379E-01
3.16895,70.1300,0.951314E-02
3.16956,70.1435,-0.685628E-02
3.17017,70.1570,-0.277842E-01
3.17078,70.1705,0.629221E-02
3.17139,70.1840,-0.238116E-01
3.17200,70.1975,0.282425E-01
3.17261,70.2110,-0.208365E-01
3.17322,70.2245,-0.680894E-01
3.17383,70.2380,-0.439042E-01
3.17444,70.2515,0.294066E-01
3.17505,70.2650,0.417237E-02
3.17566,70.2786,-0.156939E-01
3.17627,70.2921,-0.354398E-01
3.17688,70.3056,0.101782E-01
3.17749,70.3191,-0.275980E-01
3.17810,70.3326,-0.273202E-02
3.17871,70.3461,-0.494251E-02
3.17932,70.3596,0.956938E-02
3.17993,70.3731,-0.493152E-02
3.18054,70.3866,0.509789E-02
3.18115,70.4001,0.156663E-02
3.18176,70.4136,-0.119609E-01
3.18237,70.4271,0.565792E-02
3.18298,70.4406,0.962261E-02
3.18359,70.4541,0.776076E-02
3.18420,70.4677,-0.141539E-02
3.18481,70.4812,0.866799E-02
3.18542,70.4947,0.189498E-02
3.18604,70.5082,-0.335714E-02
3.18665,70.5217,0.192653E-01
3.18726,70.5352,0.278437E-01
3.18787,70.5487,0.779216E-03
3.18848,70.5622,0.106169E-01
3.18909,70.5757,-0.204174E-01
3.18970,70.5892,0.233312E-02
3.19031,70.6027,-0.108914E-02
3.19092,70.6162,0.304280E-02
3.19153,70.6297,0.235705E-01
3.19214,70.6433,-0.695277E-02
3.19275,70.6568,0.909456E-02
3.19336,70.6703,-0.883310E-02
3.19397,70.6838,-0.450988E-02
3.19458,70.6973,-0.152313E-01
3.19519,70.7108,-0.104141E-01
3.19580,70.7243,0.146708E-01
3.19641,70.7378,0.166951E-01
3.19702,70.7513,0.232039E-03
3.19763,70.7648,-0.836018E-02
3.19824,70.7783,0.159020E-01
3.19885,70.7918,-0.191059E-01
3.19946,70.8053,0.527127E-01
3.20007,70.8188,0.210834E-01
3.20068,70.8324,-0.719580E-02
3.20129,70.8459,0.648024E-02
3.20190,70.8594,0.307750E-02
3.20251,70.8729,-0.151087E-01
3.20312,70.8864,0.321126E-01
3.20374,70.8999,-0.899778E-02
3.20435,70.9134,-0.256704E-01
3.20496,70.9269,-0.429696E-01
3.20557,70.9404,0.713048E-02
3.20618,70.9539,-0.911407E-02
3.20679,70.9674,-0.252638E-01
3.20740,70.9809,0.696180E-02
3.20801,70.9944,0.442793E-02
3.20862,71.0079,-0.110231E-01
3.20923,71.0215,-0.225010E-01
3.20984,71.0350,-0.459884E-02
3.21045,71.0485,-0.145581E-02
3.21106,71.0620,-0.149383E-01
3.21167,71.0755,0.281306E-01
3.21228,71.0890,0.574545E-01
3.21289,71.1025,-0.149845E-01
3.21350,71.1160,0.129482E-02
3.21411,71.1295,0.340844E-01
3.21472,71.1430,0.338104E-03
3.21533,71.1565,0.850970E-02
3.21594,71.1700,-0.118703E-01
3.21655,71.1835,0.120889E-01
3.21716,71.1971,-0.594181E-02
3.21777,71.2106,0.811243E-02
3.21838,71.2241,-0.391985E-01
3.21899,71.2376,-0.371163E-02
3.21960,71.2511,-0.356853E-03
3.22021,71.2646,0.363546E-03
3.22083,71.2781,0.877377E-03
3.22144,71.2916,-0.118442E-03
3.22205,71.3051,0.298925E-01
3.22266,71.3186,0.387758E-01
3.22327,71.3321,0.961530E-02
3.22388,71.3456,-0.149952E-01
3.22449,71.3591,-0.119122E-01
3.22510,71.3726,0.293058E-01
3.22571,71.3862,0.705707E-02
3.22632,71.3997,-0.246335E-02
3.22693,71.4132,-0.393644E-02
3.22754,71.4267,-0.423273E-02
3.22815,71.4402,0.423611E-02
3.22876,71.4537,-0.686477E-02
3.22937,71.4672,0.172074E-01
3.22998,71.4807,-0.199829E-01
3.23059,71.4942,0.505110E-02
3.23120,71.5077,0.185993E-02
3.23181,71.5212,0.829658E-02
3.23242,71.5347,-0.280871E-01
3.23303,71.5482,-0.195005E-01
3.23364,71.5617,-0.247850E-01
3.23425,71.5753,0.198927E-01
3.23486,71.5888,-0.137599E-01
3.23547,71.6023,-0.105772E-01
3.23608,71.6158,-0.240022E-02
3.23669,71.6293,-0.281066E-02
3.23730,71.6428,-0.644362E-02
3.23792,71.6563,-0.111078E-01
3.23853,71.6698,0.230244E-02
3.23914,71.6833,-0.210537E-01
3.23975,71.6968,-0.342983E-02
3.24036,71.7103,-0.595047E-02
3.24097,71.7238,0.494782E-02
3.24158,71.7373,0.116848E-01
3.24219,71.7509,0.815011E-02
3.24280,71.7644,-0.414057E-02
3.24341,71.7779,-0.136400E-01
3.24402,71.7914,0.933020E-02
3.24463,71.8049,0.209274E-02
3.24524,71.8184,-0.115642E-02
3.24585,71.8319,0.311818E-02
3.24646,71.8454,-0.154648E-03
3.24707,71.8589,-0.813711E-02
3.24768,71.8724,-0.340411E-02
3.24829,71.8859,-0.825814E-02
3.24890,71.8994,0.160823E-02
3.24951,71.9129,0.190741E-02
3.25012,71.9264,0.954279E-02
3.25073,71.9400,-0.381357E-01
3.25134,71.9535,0.205293E-01
3.25195,71.9670,-0.779251E-02
3.25256,71.9805,0.164164E-01
3.25317,71.9940,0.719232E-02
3.25378,72.0075,0.828985E-02
3.25439,72.0210,-0.438491E-02
3.25500,72.0345,-0.327158E-02
3.25562,72.0480,0.227434E-02
3.25623,72.0615,-0.246838E-02
3.25684,72.0750,-0.286885E-03
3.25745,72.0885,-0.120785E-01
3.25806,72.1020,-0.680979E-03
3.25867,72.1155,-0.110669E-01
3.25928,72.1291,0.324001E-03
3.25989,72.1426,0.157027E-01
3.26050,72.1561,0.278181E-02
3.26111,72.1696,-0.119067E-02
3.26172,72.1831,0.359474E-02
3.26233,72.1966,0.422492E-02
3.26294,72.2101,-0.957698E-02
3.26355,72.2236,0.164289E-01
3.26416,72.2371,-0.156134E-01
3.26477,72.2506,-0.218173E-01
3.26538,72.2641,0.989891E-04
3.26599,72.2776,0.293163E-02
3.26660,72.2911,-0.225134E-01
3.26721,72.3047,-0.870738E-02
3.26782,72.3182,0.109605E-01
3.26843,72.3317,0.999778E-02
3.26904,72.3452,0.191727E-02
3.26965,72.3587,0.820515E-03
3.27026,72.3722,-0.283990E-02
3.27087,72.3857,-0.724867E-02
3.27148,72.3992,-0.179060E-02
3.27209,72.4127,-0.327490E-02
3.27271,72.4262,0.926643E-03
3.27332,72.4397,-0.133009E-01
3.27393,72.4532,-0.517790E-02
3.27454,72.4667,0.449839E-02
3.27515,72.4802,0.115529E-01
3.27576,72.4938,0.545112E-02
3.27637,72.5073,-0.318404E-01
3.27698,72.5208,-0.241243E-01
3.27759,72.5343,-0.552755E-02
3.27820,72.5478,0.403633E-01
3.27881,72.5613,-0.145805E-02
3.27942,72.5748,-0.257301E-02
3.28003,72.5883,0.734311E-03
3.28064,72.6018,-0.709118E-02
3.28125,72.6153,-0.632720E-02
3.28186,72.6288,-0.143502E-01
3.28247,72.6423,0.395696E-02
3.28308,72.6558,-0.102628E-01
3.28369,72.6693,-0.193020E-02
3.28430,72.6829,-0.258484E-02
3.28491,72.6964,0.400877E-02
3.28552,72.7099,0.533764E-02
3.28613,72.7234,-0.300648E-01
3.28674,72.7369,-0.676126E-02
3.28735,72.7504,0.225791E-01
3.28796,72.7639,0.312720E-02
3.28857,72.7774,-0.821865E-03
3.28918,72.7909,-0.185542E-01
3.28979,72.8044,-0.241561E-02
3.29041,72.8179,0.892410E-02
3.29102,72.8314,-0.124948E-01
3.29163,72.8449,-0.210935E-03
3.29224,72.8585,0.294780E-01
3.29285,72.8720,-0.233788E-02
3.29346,72.8855,-0.678337E-02
3.29407,72.8990,-0.420781E-02
3.29468,72.9125,0.503279E-03
3.29529,72.9260,0.383127E-01
3.29590,72.9395,-0.130678E-01
3.29651,72.9530,-0.822616E-02
3.29712,72.9665,0.204353E-03
3.29773,72.9800,-0.949558E-02
3.29834,72.9935,0.908341E-02
3.29895,73.0070,0.397694E-02
3.29956,73.0205,0.296996E-02
3.30017,73.0340,-0.217864E-02
3.30078,73.0476,0.321339E-02
3.30139,73.0611,0.726577E-03
3.30200,73.0746,0.672752E-02
3.30261,73.0881,-0.707508E-02
3.30322,73.1016,0.963231E-02
3.30383,73.1151,0.580265E-02
3.30444,73.1286,0.242028E-02
3.30505,73.1421,0.893524E-02
3.30566,73.1556,-0.139767E-01
3.30627,73.1691,0.783037E-02
3.30688,73.1826,0.125731E-01
3.30750,73.1961,-0.206201E-01
3.30811,73.2096,-0.978162E-02
3.30872,73.2231,-0.928355E-02
3.30933,73.2367,0.954467E-02
3.30994,73.2502,0.204973E-01
3.31055,73.2637,-0.123563E-01
3.31116,73.2772,-0.468294E-02
3.31177,73.2907,0.206948E-01
3.31238,73.3042,0.126997E-01
3.31299,73.3177,0.375291E-01
3.31360,73.3312,0.748007E-02
3.31421,73.3447,-0.137454E-01
3.31482,73.3582,-0.315223E-02
3.31543,73.3717,0.736613E-02
3.31604,73.3852,-0.169974E-01
3.31665,73.3987,-0.105238E-02
3.31726,73.4123,0.126060E-01
3.31787,73.4258,-0.392381E-01
3.31848,73.4393,-0.216821E-01
3.31909,73.4528,0.700045E-02
3.31970,73.4663,-0.151828E-02
3.32031,73.4798,-0.136791E-02
3.32092,73.4933,0.120059E-01
3.32153,73.5068,-0.784402E-02
3.32214,73.5203,-0.211159E-02
3.32275,73.5338,-0.677632E-02
3.32336,73.5473,-0.178672E-01
3.32397,73.5608,0.234670E-02
3.32458,73.5743,0.138509E-01
3.32520,73.5878,0.424821E-02
3.32581,73.6014,-0.238056E-03
3.32642,73.6149,0.303834E-02
3.32703,73.6284,-0.240353E-01
3.32764,73.6419,-0.130944E-01
3.32825,73.6554,0.259358E-01
3.32886,73.6689,0.745636E-02
3.32947,73.6824,0.416922E-02
3.33008,73.6959,-0.208098E-03
3.33069,73.7094,-0.414048E-02
3.33130,73.7229,0.947933E-02
3.33191,73.7364,-0.115181E-01
3.33252,73.7499,0.725683E-02
3.33313,73.7634,-0.273447E-02
3.33374,73.7769,0.136786E-01
3.33435,73.7905,0.932918E-02
3.33496,73.8040,-0.242266E-01
3.33557,73.8175,-0.260986E-01
3.33618,73.8310,-0.977405E-02
3.33679,73.8445,0.757064E-02
3.33740,73.8580,-0.121683E-01
3.33801,73.8715,-0.552074E-02
3.33862,73.8850,-0.561436E-02
3.33923,73.8985,0.291440E-01
3.33984,73.9120,0.788573E-02
3.34045,73.9255,-0.263906E-02
3.34106,73.9390,-0.772942E-03
3.34167,73.9525,0.135436E-01
3.34229,73.9661,-0.214378E-02
3.34290,73.9796,0.324371E-01
3.34351,73.9931,0.394617E-01
3.34412,74.0066,0.272340E-02
3.34473,74.0201,0.301727E-01
3.34534,74.0336,-0.191087E-01
3.34595,74.0471,0.167051E-01
3.34656,74.0606,-0.225738E-01
3.34717,74.0741,0.375534E-01
3.34778,74.0876,0.193157E-01
3.34839,74.1011,0.969371E-02
3.34900,74.1146,-0.169300E-01
3.34961,74.1281,0.158799E-03
3.35022,74.1416,-0.141180E-01
3.35083,74.1552,-0.452762E-02
3.35144,74.1687,-0.933844E-03
3.35205,74.1822,-0.476133E-02
3.35266,74.1957,0.540209E-02
3.35327,74.2092,-0.220408E-01
3.35388,74.2227,0.173391E-01
3.35449,74.2362,0.116434E-01
3.35510,74.2497,-0.260865E-02
3.35571,74.2632,-0.136910E-02
3.35632,74.2767,0.210939E-01
3.35693,74.2902,0.409399E-02
3.35754,74.3037,0.440652E-01
3.35815,74.3172,0.132727E-01
3.35876,74.3307,-0.193927E-01
3.35938,74.3443,-0.141210E-02
3.35999,74.3578,-0.503120E-02
3.36060,74.3713,-0.102425E-01
3.36121,74.3848,-0.243079E-02
3.36182,74.3983,-0.818357E-02
3.36243,74.4118,0.509902E-02
3.36304,74.4253,0.126471E-01
3.36365,74.4388,0.242855E-02
3.36426,74.4523,0.130960E-01
3.36487,74.4658,0.312420E-01
3.36548,74.4793,-0.116483E-01
3.36609,74.4928,-0.307265E-01
3.36670,74.5063,-0.652208E-02
3.36731,74.5198,-0.555428E-02
3.36792,74.5334,0.681823E-02
3.36853,74.5469,-0.899120E-02
3.36914,74.5604,0.242639E-02
3.36975,74.5739,-0.369023E-02
3.37036,74.5874,0.909635E-02
3.37097,74.6009,-0.301199E-03
3.37158,74.6144,0.792752E-03
3.37219,74.6279,0.115122E-01
3.37280,74.6414,0.217907E-01
3.37341,74.6549,-0.202554E-01
3.37402,74.6684,-0.384340E-02
3.37463,74.6819,-0.129769E-02
3.37524,74.6954,-0.207456E-02
3.37585,74.7090,0.314919E-02
3.37646,74.7225,0.332635E-02
3.37708,74.7360,-0.979902E-03
3.37769,74.7495,-0.115356E-01
3.37830,74.7630,-0.193129E-01
3.37891,74.7765,0.912583E-02
3.37952,74.7900,0.368023E-01
3.38013,74.8035,-0.742466E-01
3.38074,74.8170,-0.856757E-03
3.38135,74.8305,0.227230E-02
3.38196,74.8440,0.229999E-03
3.38257,74.8575,-0.313649E-01
3.38318,74.8710,-0.382977E-03
3.38379,74.8845,-0.282892E-01
3.38440,74.8981,-0.674484E-02
3.38501,74.9116,0.126360E-01
3.38562,74.9251,-0.165196E-01
3.38623,74.9386,-0.568439E-02
3.38684,74.9521,0.555412E-02
3.38745,74.9656,-0.196229E-01
3.38806,74.9791,0.857645E-02
3.38867,74.9926,0.239780E-02
3.38928,75.0061,0.673606E-02
3.38989,75.0196,0.170450E-02
3.39050,75.0331,-0.822621E-02
3.39111,75.0466,0.388121E-01
3.39172,75.0601,0.242600E-01
3.39233,75.0736,0.678063E-03
3.39294,75.0872,-0.125341E-01
3.39355,75.1007,0.151762E-01
3.39417,75.1142,-0.247923E-01
3.39478,75.1277,0.179377E-01
3.39539,75.1412,-0.145760E-01
3.39600,75.1547,0.111921E-04
3.39661,75.1682,0.156646E-01
3.39722,75.1817,0.158770E-01
3.39783,75.1952,-0.267821E-02
3.39844,75.2087,0.551252E-02
3.39905,75.2222,-0.430749E-02
3.39966,75.2357,0.204739E-02
3.40027,75.2492,-0.276243E-02
3.40088,75.2628,-0.169746E-02
3.40149,75.2763,-0.336827E-02
3.40210,75.2898,0.153164E-01
3.40271,75.3033,0.834770E-04
3.40332,75.3168,0.280034E-03
3.40393,75.3303,-0.209869E-01
3.40454,75.3438,-0.109983E-01
3.40515,75.3573,0.211075E-01
3.40576,75.3708,-0.407348E-01
3.40637,75.3843,-0.435526E-02
3.40698,75.3978,-0.368153E-02
3.40759,75.4113,0.231020E-02
3.40820,75.4248,0.109350E-01
3.40881,75.4383,0.127293E-01
3.40942,75.4519,-0.284599E-01
3.41003,75.4654,-0.279067E-02
3.41064,75.4789,-0.131312E-01
3.41125,75.4924,0.124199E-01
3.41187,75.5059,-0.242309E-02
3.41248,75.5194,0.904244E-02
3.41309,75.5329,0.178923E-01
3.41370,75.5464,-0.103354E-02
3.41431,75.5599,-0.121100E-01
3.41492,75.5734,-0.214231E-02
3.41553,75.5869,-0.356018E-02
3.41614,75.6004,-0.411450E-02
3.41675,75.6139,0.245637E-01
3.41736,75.6274,-0.100025E-01
3.41797,75.6410,-0.217187E-01
3.41858,75.6545,0.177550E-01
3.41919,75.6680,0.679764E-02
3.41980,75.6815,-0.233647E-02
3.42041,75.6950,0.298294E-01
3.42102,75.7085,-0.139492E-01
3.42163,75.7220,-0.106022E-03
3.42224,75.7355,0.780340E-02
3.42285,75.7490,0.421764E-02
3.42346,75.7625,0.150841E-02
3.42407,75.7760,0.124564E-01
3.42468,75.7895,-0.477260E-02
3.42529,75.8030,-0.183134E-01
3.42590,75.8166,0.907948E-02
3.42651,75.8301,-0.452781E-02
3.42712,75.8436,-0.145122E-01
3.42773,75.8571,-0.107201E-01
3.42834,75.8706,0.153676E-03
3.42896,75.8841,0.497727E-01
3.42957,75.8976,0.512344E-02
3.43018,75.9111,0.186081E-01
3.43079,75.9246,0.129194E-01
3.43140,75.9381,0.684905E-02
3.43201,75.9516,0.446626E-02
3.43262,75.9651,0.323262E-01
3.43323,75.9786,0.391428E-02
3.43384,75.9921,-0.268033E-02
3.43445,76.0057,-0.962707E-02
3.43506,76.0192,0.138803E-01
3.43567,76.0327,0.345212E-02
3.43628,76.0462,-0.125798E-01
3.43689,76.0597,0.210796E-02
3.43750,76.0732,-0.330739E-01
3.43811,76.0867,-0.863884E-02
3.43872,76.1002,0.354116E-01
3.43933,76.1137,-0.149058E-02
3.43994,76.1272,-0.198178E-01
3.44055,76.1407,-0.816490E-02
3.44116,76.1542,-0.266973E-01
3.44177,76.1677,0.486908E-02
3.44238,76.1812,0.834733E-02
3.44299,76.1948,0.301166E-01
3.44360,76.2083,-0.254586E-01
3.44421,76.2218,0.152351E-01
3.44482,76.2353,-0.273823E-01
3.44543,76.2488,0.748276E-02
3.44604,76.2623,-0.334422E-02
3.44666,76.2758,0.102782E-01
3.44727,76.2893,0.440973E-02
3.44788,76.3028,0.134080E-01
3.44849,76.3163,0.128078E-01
3.44910,76.3298,-0.154914E-01
3.44971,76.3433,-0.922577E-03
3.45032,76.3568,-0.202925E-02
3.45093,76.3704,-0.196301E-01
3.45154,76.3839,-0.224529E-01
3.45215,76.3974,0.147699E-01
3.45276,76.4109,0.495300E-01
3.45337,76.4244,0.164493E-01
3.45398,76.4379,0.283671E-01
3.45459,76.4514,-0.268724E-02
3.45520,76.4649,0.226463E-02
3.45581,76.4784,0.117114E-01
3.45642,76.4919,-0.218508E-01
3.45703,76.5054,0.159947E-01
3.45764,76.5189,-0.306922E-02
3.45825,76.5324,-0.110484E-01
3.45886,76.5459,0.738086E-02
3.45947,76.5595,-0.210943E-01
3.46008,76.5730,-0.154598E-01
3.46069,76.5865,0.271454E-02
3.46130,76.6000,-0.338249E-01
3.46191,76.6135,-0.200893E-01
3.46252,76.6270,0.171979E-02
3.46313,76.6405,0.318508E-01
3.46375,76.6540,0.146412E-01
3.46436,76.6675,0.100216E-01
3.46497,76.6810,-0.314892E-01
3.46558,76.6945,-0.737556E-02
3.46619,76.7080,0.367721E-02
3.46680,76.7215,-0.103075E-01
3.46741,76.7350,0.266677E-03
3.46802,76.7486,-0.942964E-02
3.46863,76.7621,-0.451097E-02
3.46924,76.7756,-0.656736E-01
3.46985,76.7891,0.108752E-01
3.47046,76.8026,-0.389507E-02
3.47107,76.8161,0.672427E-02
3.47168,76.8296,0.354050E-01
3.47229,76.8431,-0.137466E-02
3.47290,76.8566,0.137138E-01
3.47351,76.8701,-0.430966E-01
3.47412,76.8836,0.344537E-01
3.47473,76.8971,-0.109877E-01
3.47534,76.9106,-0.556224E-02
3.47595,76.9242,-0.210574E-01
3.47656,76.9377,0.160828E-01
3.47717,76.9512,0.176776E-01
3.47778,76.9647,-0.164483E-03
3.47839,76.9782,-0.953029E-02
3.47900,76.9917,0.367620E-02
3.47961,77.0052,0.496590E-02
3.48022,77.0187,-0.501425E-02
3.48083,77.0322,0.932083E-02
3.48145,77.0457,-0.284813E-02
3.48206,77.0592,-0.256801E-02
3.48267,77.0727,-0.817219E-02
3.48328,77.0862,0.218104E-02
3.48389,77.0997,-0.604320E-02
3.48450,77.1133,0.797748E-02
3.48511,77.1268,-0.901007E-02
3.48572,77.1403,0.794456E-02
3.48633,77.1538,-0.121732E-02
3.48694,77.1673,-0.876182E-02
3.48755,77.1808,0.851757E-03
3.48816,77.1943,0.537251E-03
3.48877,77.2078,0.885765E-02
3.48938,77.2213,0.128896E-02
3.48999,77.2348,0.400085E-02
3.49060,77.2483,-0.288592E-02
3.49121,77.2618,0.891870E-02
3.49182,77.2753,0.108512E-01
3.49243,77.2888,-0.202013E-01
3.49304,77.3024,0.126117E-03
3.49365,77.3159,0.695090E-02
3.49426,77.3294,0.527189E-01
3.49487,77.3429,-0.663308E-02
3.49548,77.3564,-0.106505E-03
3.49609,77.3699,-0.697078E-02
3.49670,77.3834,0.148353E-01
3.49731,77.3969,0.689390E-02
3.49792,77.4104,0.140907E-01
3.49854,77.4239,0.306453E-01
3.49915,77.4374,-0.919199E-02
3.49976,77.4509,-0.251368E-01
3.50037,77.4644,-0.100197E-01
3.50098,77.4780,-0.895404E-02
3.50159,77.4915,0.256017E-01
3.50220,77.5050,0.803446E-03
3.50281,77.5185,-0.237283E-01
3.50342,77.5320,0.145587E-01
3.50403,77.5455,-0.118196E-01
3.50464,77.5590,-0.450354E-02
3.50525,77.5725,-0.116965E-02
3.50586,77.5860,-0.399496E-02
3.50647,77.5995,0.528449E-02
3.50708,77.6130,-0.507719E-02
3.50769,77.6265,0.147536E-02
3.50830,77.6400,-0.616332E-03
3.50891,77.6535,-0.149783E-01
3.50952,77.6671,0.153669E-01
3.51013,77.6806,0.129723E-03
3.51074,77.6941,-0.315172E-02
3.51135,77.7076,0.118498E-01
3.51196,77.7211,-0.239390E-01
3.51257,77.7346,-0.207351E-01
3.51318,77.7481,0.151338E-01
3.51379,77.7616,0.127481E-01
3.51440,77.7751,-0.175772E-01
3.51501,77.7886,-0.810207E-02
3.51562,77.8021,-0.534523E-01
3.51624,77.8156,-0.952685E-02
3.51685,77.8291,0.329316E-02
3.51746,77.8426,0.311982E-01
3.51807,77.8562,-0.685624E-02
3.51868,77.8697,0.118729E-01
3.51929,77.8832,-0.510007E-02
3.51990,77.8967,-0.101061E-01
3.52051,77.9102,-0.497652E-02
3.52112,77.9237,-0.663233E-04
3.52173,77.9372,0.276436E-02
3.52234,77.9507,-0.424953E-02
3.52295,77.9642,0.390966E-01
3.52356,77.9777,0.739761E-02
3.52417,77.9912,0.137005E-01
3.52478,78.0047,0.209697E-02
3.52539,78.0182,0.187250E-02
3.52600,78.0318,-0.134907E-01
3.52661,78.0453,0.272364E-01
3.52722,78.0588,0.212180E-01
3.52783,78.0723,-0.132657E-01
3.52844,78.0858,0.170042E-01
3.52905,78.0993,-0.193685E-02
3.52966,78.1128,-0.102054E-02
3.53027,78.1263,0.345530E-01
3.53088,78.1398,-0.266768E-02
3.53149,78.1533,-0.247541E-02
3.53210,78.1668,-0.400618E-02
3.53271,78.1803,-0.307760E-02
3.53333,78.1938,0.519687E-03
3.53394,78.2073,0.287826E-01
3.53455,78.2209,-0.897167E-03
3.53516,78.2344,0.112629E-01
3.53577,78.2479,-0.200761E-02
3.53638,78.2614,0.173051E-01
3.53699,78.2749,-0.458211E-03
3.53760,78.2884,-0.157722E-01
3.53821,78.3019,0.113554E-01
3.53882,78.3154,0.647145E-01
3.53943,78.3289,-0.641349E-02
3.54004,78.3424,-0.671015E-02
3.54065,78.3559,0.606445E-02
3.54126,78.3694,0.136851E-01
3.54187,78.3829,-0.149876E-01
3.54248,78.3964,0.364039E-01
3.54309,78.4100,-0.463948E-02
3.54370,78.4235,0.256946E-01
3.54431,78.4370,-0.112443E-01
3.54492,78.4505,-0.752357E-02
3.54553,78.4640,0.247113E-01
3.54614,78.4775,0.291237E-02
3.54675,78.4910,-0.579159E-04
3.54736,78.5045,-0.154762E-01
3.54797,78.5180,-0.371965E-01
3.54858,78.5315,-0.102228E-02
3.54919,78.5450,-0.134709E-01
3.54980,78.5585,-0.120361E-01
3.55042,78.5720,-0.147513E-01
3.55103,78.5856,0.553027E-03
3.55164,78.5991,-0.635488E-02
3.55225,78.6126,-0.171858E-02
3.55286,78.6261,0.594553E-02
3.55347,78.6396,0.394325E-02
3.55408,78.6531,-0.691827E-02
3.55469,78.6666,0.126090E-02
3.55530,78.6801,-0.142271E-02
3.55591,78.6936,-0.104457E-01
3.55652,78.7071,0.142877E-01
3.55713,78.7206,0.681017E-03
3.55774,78.7341,-0.390179E-01
3.55835,78.7476,-0.736732E-02
3.55896,78.7611,-0.540361E-02
3.55957,78.7747,0.477930E-02
3.56018,78.7882,-0.116720E-01
3.56079,78.8017,-0.272195E-02
3.56140,78.8152,0.787153E-02
3.56201,78.8287,-0.195520E-02
3.56262,78.8422,-0.346584E-01
3.56323,78.8557,0.172219E-01
3.56384,78.8692,-0.286623E-01
3.56445,78.8827,-0.257556E-01
3.56506,78.8962,-0.102487E-02
3.56567,78.9097,0.164970E-02
3.56628,78.9232,0.116890E-01
3.56689,78.9367,0.477638E-02
3.56750,78.9502,0.341353E-02
3.56812,78.9638,0.359697E-01
3.56873,78.9773,-0.427114E-02
3.56934,78.9908,0.532068E-02
3.56995,79.0043,-0.101766E-01
3.57056,79.0178,-0.717051E-03
3.57117,79.0313,-0.729069E-02
3.57178,79.0448,0.602223E-03
3.57239,79.0583,0.809101E-04
3.57300,79.0718,0.687433E-02
3.57361,79.0853,0.108113E-01
3.57422,79.0988,-0.295053E-02
3.57483,79.1123,-0.492866E-03
3.57544,79.1258,0.550605E-02
3.57605,79.1394,-0.599376E-02
3.57666,79.1529,-0.671504E-03
3.57727,79.1664,-0.187099E-02
3.57788,79.1799,0.668705E-02
3.57849,79.1934,0.700213E-02
3.57910,79.2069,-0.108557E-01
3.57971,79.2204,-0.209310E-02
3.58032,79.2339,-0.232636E-01
3.58093,79.2474,0.734908E-02
3.58154,79.2609,0.211801E-01
3.58215,79.2744,0.547341E-02
3.58276,79.2879,0.218517E-01
3.58337,79.3014,0.322874E-01
3.58398,79.3149,0.643097E-02
3.58459,79.3285,-0.281328E-02
3.58521,79.3420,-0.164232E-01
3.58582,79.3555,-0.341899E-02
3.58643,79.3690,-0.266618E-02
3.58704,79.3825,0.645713E-02
3.58765,79.3960,-0.132650E-01
3.58826,79.4095,-0.244325E-01
3.58887,79.4230,0.220743E-01
3.58948,79.4365,0.130714E-02
3.59009,79.4500,-0.155612E-01
3.59070,79.4635,0.195791E-02
3.59131,79.4770,-0.116457E-01
3.59192,79.4905,-0.949063E-03
3.59253,79.5040,-0.448045E-02
3.59314,79.5176,0.297060E-01
3.59375,79.5311,-0.164290E-01
3.59436,79.5446,0.114427E-01
3.59497,79.5581,0.965346E-02
3.59558,79.5716,-0.748106E-02
3.59619,79.5851,0.270126E-02
3.59680,79.5986,0.145726E-01
3.59741,79.6121,0.268437E-02
3.59802,79.6256,0.558403E-03
3.59863,79.6391,0.258135E-02
3.59924,79.6526,0.234757E-01
3.59985,79.6661,0.126866E-01
3.60046,79.6796,-0.255733E-02
3.60107,79.6932,-0.983407E-02
3.60168,79.7067,-0.187139E-01
3.60229,79.7202,0.808698E-01
3.60291,79.7337,0.380352E-02
3.60352,79.7472,-0.887961E-02
3.60413,79.7607,0.178279E-01
3.60474,79.7742,0.665661E-02
3.60535,79.7877,0.134887E-01
3.60596,79.8012,0.168489E-01
3.60657,79.8147,0.961423E-02
3.60718,79.8282,0.401230E-02
3.60779,79.8417,0.751691E-02
3.60840,79.8552,0.202760E-01
3.60901,79.8687,0.804483E-02
3.60962,79.8823,0.177300E-01
3.61023,79.8958,0.401462E-03
3.61084,79.9093,0.825255E-03
3.61145,79.9228,0.216255E-01
3.61206,79.9363,0.125380E-01
3.61267,79.9498,-0.327421E-02
3.61328,79.9633,-0.216504E-02
3.61389,79.9768,0.472955E-02
3.61450,79.9903,-0.100466E-03
3.61511,80.0038,0.178098E-04
3.61572,80.0173,-0.247703E-01
3.61633,80.0308,0.164112E-02
3.61694,80.0443,0.118949E-01
3.61755,80.0578,-0.201587E-01
3.61816,80.0714,0.387093E-02
3.61877,80.0849,-0.328704E-01
3.61938,80.0984,0.256604E-01
3.62000,80.1119,0.131946E-01
3.62061,80.1254,0.751399E-02
3.62122,80.1389,0.128942E-01
3.62183,80.1524,0.332135E-02
3.62244,80.1659,-0.887776E-02
3.62305,80.1794,0.133478E-01
3.62366,80.1929,-0.593527E-02
3.62427,80.2064,0.387063E-03
3.62488,80.2199,0.153521E-01
3.62549,80.2334,-0.477536E-02
3.62610,80.2470,0.258780E-02
3.62671,80.2605,-0.226538E-01
3.62732,80.2740,-0.363482E-01
3.62793,80.2875,0.158312E-01
3.62854,80.3010,-0.369657E-01
3.62915,80.3145,0.764225E-02
3.62976,80.3280,0.137654E-01
3.63037,80.3415,-0.635998E-02
3.63098,80.3550,-0.134286E-01
3.63159,80.3685,0.980157E-02
3.63220,80.3820,-0.148334E-01
3.63281,80.3955,0.609471E-02
3.63342,80.4090,0.210194E-02
3.63403,80.4225,0.285971E-01
3.63464,80.4361,-0.218744E-01
3.63525,80.4496,-0.657623E-04
3.63586,80.4631,-0.224818E-01
3.63647,80.4766,0.633629E-02
3.63708,80.4901,0.779420E-02
3.63770,80.5036,-0.448276E-02
3.63831,80.5171,-0.230889E-01
3.63892,80.5306,-0.201406E-02
3.63953,80.5441,0.591992E-02
3.64014,80.5576,-0.596978E-01
3.64075,80.5711,0.446615E-01
3.64136,80.5846,-0.179374E-02
3.64197,80.5981,0.162724E-01
3.64258,80.6116,0.140957E-01
3.64319,80.6252,-0.413016E-01
3.64380,80.6387,-0.182559E-02
3.64441,80.6522,0.586694E-02
3.64502,80.6657,-0.237794E-02
3.64563,80.6792,-0.144151E-03
3.64624,80.6927,-0.132119E-01
3.64685,80.7062,-0.866003E-02
3.64746,80.7197,-0.151292E-02
3.64807,80.7332,0.170352E-01
3.64868,80.7467,-0.365916E-01
3.64929,80.7602,0.138608E-01
3.64990,80.7737,0.122598E-01
3.65051,80.7872,0.923790E-02
3.65112,80.8008,-0.419467E-02
3.65173,80.8143,0.189942E-01
3.65234,80.8278,0.130502E-01
3.65295,80.8413,-0.413513E-02
3.65356,80.8548,-0.254860E-02
3.65417,80.8683,-0.194349E-02
3.65479,80.8818,0.173719E-02
3.65540,80.8953,0.483282E-01
3.65601,80.9088,-0.154808E-01
3.65662,80.9223,0.777409E-02
3.65723,80.9358,-0.119661E-01
3.65784,80.9493,0.199492E-02
3.65845,80.9628,0.156784E-01
3.65906,80.9763,-0.113655E-02
3.65967,80.9899,-0.738088E-02
3.66028,81.0034,0.867938E-02
3.66089,81.0169,-0.149827E-01
3.66150,81.0304,-0.262715E-02
3.66211,81.0439,0.161322E-01
3.66272,81.0574,-0.390840E-02
3.66333,81.0709,0.126914E-01
3.66394,81.0844,0.545612E-02
3.66455,81.0979,0.177459E-01
3.66516,81.1114,0.255283E-01
3.66577,81.1249,0.236418E-01
3.66638,81.1384,0.696857E-01
3.66699,81.1519,0.217055E-01
3.66760,81.1654,-0.881039E-02
3.66821,81.1790,-0.822097E-02
3.66882,81.1925,-0.119617E-01
3.66943,81.2060,-0.105022E-01
3.67004,81.2195,-0.124252E-01
3.67065,81.2330,0.225130E-02
3.67126,81.2465,0.541922E-02
3.67188,81.2600,-0.777090E-02
3.67249,81.2735,0.161082E-01
3.67310,81.2870,-0.169051E-02
3.67371,81.3005,-0.473240E-02
3.67432,81.3140,-0.125191E-01
3.67493,81.3275,-0.218355E-03
3.67554,81.3410,-0.111767E-01
3.67615,81.3546,-0.815531E-02
3.67676,81.3681,0.134842E-01
3.67737,81.3816,-0.101516E-01
3.67798,81.3951,0.693611E-02
3.67859,81.4086,-0.336771E-01
3.67920,81.4221,-0.492801E-02
3.67981,81.4356,0.438944E-02
3.68042,81.4491,0.747913E-02
3.68103,81.4626,-0.774716E-02
3.68164,81.4761,0.415627E-02
3.68225,81.4896,0.203806E-02
3.68286,81.5031,0.419220E-02
3.68347,81.5166,-0.103311E-02
3.68408,81.5301,-0.272756E-02
3.68469,81.5437,-0.118027E-02
3.68530,81.5572,-0.678589E-02
3.68591,81.5707,-0.325627E-02
3.68652,81.5842,0.921208E-03
3.68713,81.5977,0.742388E-02
3.68774,81.6112,0.144628E-02
3.68835,81.6247,0.296488E-01
3.68896,81.6382,-0.142118E-03
3.68958,81.6517,-0.691715E-03
3.69019,81.6652,-0.205845E-01
3.69080,81.6787,0.152418E-01
3.69141,81.6922,-0.711506E-02
3.69202,81.7057,-0.299359E-02
3.69263,81.7192,-0.507053E-03
3.69324,81.7328,-0.658354E-03
3.69385,81.7463,0.928150E-03
3.69446,81.7598,0.114853E-01
3.69507,81.7733,-0.587613E-02
3.69568,81.7868,0.581114E-02
3.69629,81.8003,0.105135E-02
3.69690,81.8138,0.111281E-01
3.69751,81.8273,-0.979002E-02
3.69812,81.8408,-0.822113E-02
3.69873,81.8543,0.521591E-02
3.69934,81.8678,0.120258E-01
3.69995,81.8813,0.243853E-03
3.70056,81.8948,0.101205E-01
3.70117,81.9084,0.501423E-01
3.70178,81.9219,-0.403645E-02
3.70239,81.9354,0.736073E-02
3.70300,81.9489,0.320431E-02
3.70361,81.9624,0.140641E-02
3.70422,81.9759,-0.220576E-01
3.70483,81.9894,0.210319E-02
3.70544,82.0029,-0.425056E-02
3.70605,82.0164,0.236824E-01
3.70667,82.0299,0.112485E-02
3.70728,82.0434,-0.657850E-02
3.70789,82.0569,0.147224E-02
3.70850,82.0704,0.234460E-02
3.70911,82.0839,0.173440E-01
3.70972,82.0975,-0.417631E-02
3.71033,82.1110,0.288618E-02
3.71094,82.1245,-0.105893E-01
3.71155,82.1380,0.138412E-01
3.71216,82.1515,-0.161939E-01
3.71277,82.1650,-0.554034E-02
3.71338,82.1785,0.494166E-02
3.71399,82.1920,-0.144059E-01
3.71460,82.2055,0.276181E-02
3.71521,82.2190,0.291773E-02
3.71582,82.2325,-0.629389E-02
3.71643,82.2460,-0.132562E-01
3.71704,82.2595,0.713552E-02
3.71765,82.2730,-0.154465E-01
3.71826,82.2866,-0.110264E-02
3.71887,82.3001,-0.410104E-03
3.71948,82.3136,-0.127312E-02
3.72009,82.3271,0.682920E-02
3.72070,82.3406,-0.166899E-01
3.72131,82.3541,0.105172E-01
3.72192,82.3676,0.125294E-02
3.72253,82.3811,0.370329E-02
3.72314,82.3946,0.652468E-02
3.72375,82.4081,0.448706E-02
3.72437,82.4216,0.833835E-02
3.72498,82.4351,0.857861E-03
3.72559,82.4486,-0.165936E-03
3.72620,82.4622,0.121697E-03
3.72681,82.4757,0.212907E-01
3.72742,82.4892,0.463810E-02
3.72803,82.5027,0.135640E-01
3.72864,82.5162,-0.102953E-01
3.72925,82.5297,0.194119E-01
3.72986,82.5432,-0.933583E-02
3.73047,82.5567,-0.375663E-03
3.73108,82.5702,-0.123820E-03
3.73169,82.5837,0.335307E-02
3.73230,82.5972,-0.292990E-02
3.73291,82.6107,-0.121459E-01
3.73352,82.6242,0.161313E-02
3.73413,82.6377,0.493038E-02
3.73474,82.6513,0.353967E-01
3.73535,82.6648,0.131082E-01
3.73596,82.6783,0.103535E-02
3.73657,82.6918,-0.568638E-02
3.73718,82.7053,0.126210E-01
3.73779,82.7188,0.489378E-02
3.73840,82.7323,0.287428E-01
3.73901,82.7458,-0.358250E-02
3.73962,82.7593,0.174312E-01
3.74023,82.7728,0.162371E-01
3.74084,82.7863,-0.196943E-01
3.74146,82.7998,-0.183692E-02
3.74207,82.8133,0.330190E-02
3.74268,82.8268,0.559315E-02
3.74329,82.8404,0.108584E-01
3.74390,82.8539,-0.951341E-02
3.74451,82.8674,-0.104262E-02
3.74512,82.8809,0.124227E-02
3.74573,82.8944,0.162429E-02
3.74634,82.9079,-0.651710E-02
3.74695,82.9214,0.206873E-02
3.74756,82.9349,-0.669318E-02
3.74817,82.9484,-0.101304E-02
3.74878,82.9619,0.132411E-02
3.74939,82.9754,0.708660E-02
3.75000,82.9889,0.493908E-02
3.75061,83.0024,-0.252141E-01
3.75122,83.0160,-0.189065E-01
3.75183,83.0295,-0.118660E-01
3.75244,83.0430,-0.281769E-01
3.75305,83.0565,-0.622526E-02
3.75366,83.0700,0.477618E-02
3.75427,83.0835,-0.251010E-01
3.75488,83.0970,-0.412232E-03
3.75549,83.1105,-0.212372E-02
3.75610,83.1240,0.280042E-02
3.75671,83.1375,0.388375E-03
3.75732,83.1510,-0.797784E-03
3.75793,83.1645,0.119862E-01
3.75854,83.1780,0.115169E-01
3.75916,83.1915,0.268558E-02
3.75977,83.2051,-0.421577E-02
3.76038,83.2186,0.576483E-02
3.76099,83.2321,0.879777E-03
3.76160,83.2456,-0.106196E-02
3.76221,83.2591,0.190832E-01
3.76282,83.2726,-0.857970E-02
3.76343,83.2861,-0.128691E-02
3.76404,83.2996,0.272252E-01
3.76465,83.3131,-0.546895E-02
3.76526,83.3266,0.148779E-02
3.76587,83.3401,-0.111872E-01
3.76648,83.3536,0.122022E-02
3.76709,83.3671,-0.828630E-02
3.76770,83.3806,-0.560943E-03
3.76831,83.3942,0.736778E-02
3.76892,83.4077,0.365611E-01
3.76953,83.4212,-0.281951E-01
3.77014,83.4347,-0.367142E-02
3.77075,83.4482,0.238668E-01
3.77136,83.4617,-0.579484E-02
3.77197,83.4752,0.181131E-01
3.77258,83.4887,-0.972988E-03
3.77319,83.5022,0.961895E-02
3.77380,83.5157,-0.354024E-01
3.77441,83.5292,-0.190716E-01
3.77502,83.5427,-0.261106E-01
3.77563,83.5562,0.132884E-01
3.77625,83.5698,-0.214926E-01
3.77686,83.5833,0.511378E-02
3.77747,83.5968,0.116260E-01
3.77808,83.6103,-0.582124E-03
3.77869,83.6238,0.735730E-02
3.77930,83.6373,0.584134E-02
3.77991,83.6508,0.886781E-03
3.78052,83.6643,-0.445233E-02
3.78113,83.6778,0.534505E-02
3.78174,83.6913,-0.467786E-02
3.78235,83.7048,0.180379E-01
3.78296,83.7183,0.231228E-01
3.78357,83.7318,-0.762430E-04
3.78418,83.7453,-0.268714E-01
3.78479,83.7589,-0.579770E-02
3.78540,83.7724,0.190874E-01
3.78601,83.7859,-0.847847E-02
3.78662,83.7994,-0.142094E-01
3.78723,83.8129,0.203376E-01
3.78784,83.8264,-0.972951E-02
3.78845,83.8399,0.780057E-02
3.78906,83.8534,0.212385E-01
3.78967,83.8669,0.411767E-02
3.79028,83.8804,0.571557E-02
3.79089,83.8939,-0.215291E-01
3.79150,83.9074,0.217370E-01
3.79211,83.9209,-0.424509E-01
3.79272,83.9344,-0.468824E-02
3.79333,83.9480,0.200110E-02
3.79395,83.9615,0.185636E-02
3.79456,83.9750,-0.130772E-02
3.79517,83.9885,0.348043E-02
3.79578,84.0020,-0.727781E-03
3.79639,84.0155,0.804631E-03
3.79700,84.0290,-0.126435E-01
3.79761,84.0425,0.117076E-01
3.79822,84.0560,0.409218E-01
3.79883,84.0695,0.171994E-01
3.79944,84.0830,-0.106746E-01
3.80005,84.0965,0.524765E-01
3.80066,84.1100,0.100290E-01
3.80127,84.1235,-0.149001E-02
3.80188,84.1371,0.355194E-02
3.80249,84.1506,-0.458095E-02
3.80310,84.1641,0.309721E-02
3.80371,84.1776,0.151415E-01
3.80432,84.1911,-0.213799E-02
3.80493,84.2046,-0.256812E-02
3.80554,84.2181,0.259678E-02
3.80615,84.2316,0.275565E-02
3.80676,84.2451,-0.209082E-02
3.80737,84.2586,0.101738E-01
3.80798,84.2721,-0.118037E-01
3.80859,84.2856,-0.767165E-02
3.80920,84.2991,0.806796E-02
3.80981,84.3127,-0.876951E-02
3.81042,84.3262,0.140905E-01
3.81104,84.3397,-0.121067E-01
3.81165,84.3532,-0.169968E-01
3.81226,84.3667,-0.229128E-02
3.81287,84.3802,0.673375E-03
3.81348,84.3937,-0.155089E-01
3.81409,84.4072,0.185562E-01
3.81470,84.4207,-0.764130E-02
3.81531,84.4342,0.343992E-01
3.81592,84.4477,-0.439660E-02
3.81653,84.4612,-0.325014E-02
3.81714,84.4747,0.196828E-01
3.81775,84.4882,0.953764E-02
3.81836,84.5018,0.196383E-01
3.81897,84.5153,0.100676E-01
3.81958,84.5288,-0.279131E-02
3.82019,84.5423,-0.116709E-01
3.82080,84.5558,-0.265071E-01
3.82141,84.5693,0.285834E-01
3.82202,84.5828,-0.161342E-01
3.82263,84.5963,-0.923876E-02
3.82324,84.6098,0.400848E-01
3.82385,84.6233,0.221120E-03
3.82446,84.6368,0.276161E-01
3.82507,84.6503,-0.208593E-01
3.82568,84.6638,-0.987868E-02
3.82629,84.6773,0.125357E-02
3.82690,84.6909,0.137780E-02
3.82751,84.7044,-0.367142E-01
3.82812,84.7179,0.114895E-01
3.82874,84.7314,-0.220316E-03
3.82935,84.7449,-0.558201E-03
3.82996,84.7584,0.528239E-02
3.83057,84.7719,0.126777E-01
3.83118,84.7854,0.111189E-01
3.83179,84.7989,0.106928E-01
3.83240,84.8124,0.611033E-02
3.83301,84.8259,0.577839E-02
3.83362,84.8394,-0.191340E-01
3.83423,84.8529,0.344018E-03
3.83484,84.8665,0.133268E-01
3.83545,84.8800,0.356753E-02
3.83606,84.8935,0.125693E-02
3.83667,84.9070,0.360125E-01
3.83728,84.9205,-0.164958E-01
3.83789,84.9340,-0.465023E-02
3.83850,84.9475,-0.227498E-01
3.83911,84.9610,-0.508208E-01
3.83972,84.9745,-0.418273E-03
3.84033,84.9880,0.225821E-01
3.84094,85.0015,0.272396E-02
3.84155,85.0150,-0.647468E-02
3.84216,85.0285,-0.408605E-02
3.84277,85.0420,-0.112570E-01
3.84338,85.0556,-0.275028E-01
3.84399,85.0691,-0.221180E-02
3.84460,85.0826,0.763127E-02
3.84521,85.0961,0.211097E-02
3.84583,85.1096,-0.343026E-01
3.84644,85.1231,0.695447E-02
3.84705,85.1366,0.586790E-02
3.84766,85.1501,0.220214E-01
3.84827,85.1636,0.320757E-01
3.84888,85.1771,0.729188E-03
3.84949,85.1906,0.366191E-02
3.85010,85.2041,0.533570E-02
3.85071,85.2176,0.349815E-03
3.85132,85.2311,0.362640E-01
3.85193,85.2447,0.132918E-02
3.85254,85.2582,0.553594E-02
3.85315,85.2717,0.196353E-01
3.85376,85.2852,-0.179500E-01
3.85437,85.2987,0.918559E-02
3.85498,85.3122,-0.755661E-02
3.85559,85.3257,-0.138704E-01
3.85620,85.3392,-0.314581E-01
3.85681,85.3527,0.451223E-02
3.85742,85.3662,-0.978874E-02
3.85803,85.3797,-0.118502E-02
3.85864,85.3932,0.784359E-03
3.85925,85.4067,0.325360E-02
3.85986,85.4203,-0.318468E-01
3.86047,85.4338,-0.106669E-01
3.86108,85.4473,0.341090E-02
3.86169,85.4608,-0.137253E-01
3.86230,85.4743,-0.224036E-02
3.86292,85.4878,-0.118498E-02
3.86353,85.5013,0.730268E-02
3.86414,85.5148,0.229556E-02
3.86475,85.5283,-0.112766E-02
3.86536,85.5418,-0.292460E-02
3.86597,85.5553,0.269036E-01
3.86658,85.5688,-0.116550E-02
3.86719,85.5823,-0.245367E-02
3.86780,85.5958,0.181466E-01
3.86841,85.6094,-0.208062E-03
3.86902,85.6229,-0.776544E-02
3.86963,85.6364,0.919731E-02
3.87024,85.6499,-0.151153E-01
3.87085,85.6634,0.489466E-02
3.87146,85.6769,-0.119090E-02
3.87207,85.6904,0.431781E-02
3.87268,85.7039,-0.884129E-02
3.87329,85.7174,-0.224341E-02
3.87390,85.7309,0.339154E-01
3.87451,85.7444,-0.333000E-02
3.87512,85.7579,0.303191E-02
3.87573,85.7714,0.872903E-02
3.87634,85.7849,0.904551E-02
3.87695,85.7985,-0.695923E-02
3.87756,85.8120,-0.189002E-01
3.87817,85.8255,0.296856E-02
3.87878,85.8390,0.179858E-01
3.87939,85.8525,0.246180E-02
3.88000,85.8660,0.930023E-02
3.88062,85.8795,-0.883539E-03
3.88123,85.8930,-0.672135E-03
3.88184,85.9065,-0.147947E-01
3.88245,85.9200,0.196284E-01
3.88306,85.9335,-0.238621E-01
3.88367,85.9470,0.628419E-03
3.88428,85.9605,0.178390E-02
3.88489,85.9741,0.693073E-02
3.88550,85.9876,0.546421E-02
3.88611,86.0011,0.519101E-02
3.88672,86.0146,-0.145473E-01
3.88733,86.0281,0.256434E-03
3.88794,86.0416,-0.147997E-01
3.88855,86.0551,-0.112485E-01
3.88916,86.0686,-0.793121E-02
3.88977,86.0821,-0.118334E-01
3.89038,86.0956,0.111953E-01
3.89099,86.1091,0.320696E-02
3.89160,86.1226,0.229705E-01
3.89221,86.1361,-0.398965E-02
3.89282,86.1496,0.176406E-01
3.89343,86.1632,0.635634E-02
3.89404,86.1767,-0.906700E-02
3.89465,86.1902,-0.984957E-02
3.89526,86.2037,0.540277E-02
3.89587,86.2172,0.156424E-02
3.89648,86.2307,-0.114071E-01
3.89709,86.2442,-0.174512E-01
3.89771,86.2577,-0.135567E-02
3.89832,86.2712,-0.145387E-01
3.89893,86.2847,-0.140868E-02
3.89954,86.2982,0.257216E-01
3.90015,86.3117,-0.672473E-02
3.90076,86.3252,-0.182260E-01
3.90137,86.3387,-0.327838E-03
3.90198,86.3523,0.311695E-02
3.90259,86.3658,-0.322762E-03
3.90320,86.3793,0.963067E-02
3.90381,86.3928,-0.897955E-02
3.90442,86.4063,0.386389E-02
3.90503,86.4198,0.306998E-01
3.90564,86.4333,0.802151E-02
3.90625,86.4468,0.261477E-01
3.90686,86.4603,-0.522202E-02
3.90747,86.4738,0.122075E-02
3.90808,86.4873,0.598457E-02
3.90869,86.5008,0.779716E-03
3.90930,86.5143,0.168961E-01
3.90991,86.5279,-0.138703E-01
3.91052,86.5414,-0.589804E-02
3.91113,86.5549,0.851659E-02
3.91174,86.5684,0.886458E-02
3.91235,86.5819,-0.198024E-04
3.91296,86.5954,-0.191057E-01
3.91357,86.6089,-0.323262E-01
3.91418,86.6224,-0.200233E-01
3.91479,86.6359,0.106329E-01
3.91541,86.6494,0.193630E-01
3.91602,86.6629,0.446794E-02
3.91663,86.6764,0.242657E-02
3.91724,86.6899,0.191172E-02
3.91785,86.7034,-0.102933E-01
3.91846,86.7170,0.152018E-01
3.91907,86.7305,-0.549190E-02
3.91968,86.7440,0.214315E-02
3.92029,86.7575,-0.833523E-02
3.92090,86.7710,-0.156525E-01
3.92151,86.7845,-0.575060E-02
3.92212,86.7980,-0.450293E-02
3.92273,86.8115,-0.319761E-02
3.92334,86.8250,-0.628284E-03
3.92395,86.8385,0.822183E-03
3.92456,86.8520,0.109218E-01
3.92517,86.8655,0.516172E-05
3.92578,86.8790,0.164745E-02
3.92639,86.8925,0.378636E-03
3.92700,86.9061,0.274777E-01
3.92761,86.9196,-0.600489E-02
3.92822,86.9331,-0.166057E-01
3.92883,86.9466,-0.120148E-01
3.92944,86.9601,-0.140956E-02
3.93005,86.9736,0.158134E-02
3.93066,86.9871,-0.379664E-01
3.93127,87.0006,-0.873557E-02
3.93188,87.0141,-0.970770E-02
3.93250,87.0276,-0.660721E-03
3.93311,87.0411,-0.381970E-01
3.93372,87.0546,-0.721482E-03
3.93433,87.0681,-0.124664E-01
3.93494,87.0817,0.183815E-02
3.93555,87.0952,0.163003E-02
3.93616,87.1087,-0.377032E-02
3.93677,87.1222,-0.157705E-01
3.93738,87.1357,0.476736E-02
3.93799,87.1492,-0.381111E-01
3.93860,87.1627,-0.334597E-03
3.93921,87.1762,0.192066E-01
3.93982,87.1897,0.100670E-01
3.94043,87.2032,0.784060E-02
3.94104,87.2167,0.156613E-01
3.94165,87.2302,0.966576E-02
3.94226,87.2437,-0.171518E-01
3.94287,87.2572,-0.252858E-02
3.94348,87.2708,0.597479E-02
3.94409,87.2843,0.104375E-01
3.94470,87.2978,-0.675671E-02
3.94531,87.3113,0.609096E-02
3.94592,87.3248,-0.436576E-02
3.94653,87.3383,-0.265631E-02
3.94714,87.3518,0.161095E-01
3.94775,87.3653,0.477447E-02
3.94836,87.3788,-0.143130E-01
3.94897,87.3923,0.206694E-01
3.94958,87.4058,-0.409578E-02
3.95020,87.4193,-0.284485E-01
3.95081,87.4328,0.228651E-01
3.95142,87.4463,0.154244E-01
3.95203,87.4599,0.150096E-02
3.95264,87.4734,0.238051E-02
3.95325,87.4869,-0.533473E-02
3.95386,87.5004,0.132480E-04
3.95447,87.5139,0.226749E-02
3.95508,87.5274,0.127338E-01
3.95569,87.5409,-0.103861E-01
3.95630,87.5544,0.844522E-02
3.95691,87.5679,-0.250948E-01
3.95752,87.5814,-0.155073E-01
3.95813,87.5949,0.503346E-02
3.95874,87.6084,-0.246506E-01
3.95935,87.6219,-0.379703E-01
3.95996,87.6355,0.640057E-02
3.96057,87.6490,-0.114376E-01
3.96118,87.6625,0.960309E-02
3.96179,87.6760,-0.358772E-04
3.96240,87.6895,-0.313707E-01
3.96301,87.7030,0.275600E-01
3.96362,87.7165,-0.744770E-02
3.96423,87.7300,-0.470504E-02
3.96484,87.7435,0.830536E-02
3.96545,87.7570,-0.835178E-02
3.96606,87.7705,-0.249054E-01
3.96667,87.7840,0.397986E-02
3.96729,87.7975,0.150092E-01
3.96790,87.8110,0.228847E-01
3.96851,87.8246,-0.146251E-01
3.96912,87.8381,0.215278E-01
3.96973,87.8516,-0.625113E-02
3.97034,87.8651,-0.759058E-02
3.97095,87.8786,0.577052E-02
3.97156,87.8921,0.513729E-01
3.97217,87.9056,-0.385335E-02
3.97278,87.9191,-0.244703E-01
3.97339,87.9326,0.567082E-02
3.97400,87.9461,-0.332491E-03
3.97461,87.9596,0.209086E-02
3.97522,87.9731,0.337129E-02
3.97583,87.9866,0.938900E-02
3.97644,88.0001,-0.140454E-01
3.97705,88.0137,0.117965E-01
3.97766,88.0272,-0.746720E-02
3.97827,88.0407,-0.211249E-03
3.97888,88.0542,-0.598088E-03
3.97949,88.0677,-0.172056E-01
3.98010,88.0812,-0.813421E-02
3.98071,88.0947,0.161709E-02
3.98132,88.1082,0.198795E-03
3.98193,88.1217,-0.139449E-02
3.98254,88.1352,-0.103694E-01
3.98315,88.1487,0.910104E-02
3.98376,88.1622,-0.189152E-01
3.98438,88.1757,0.883404E-02
3.98499,88.1893,0.225083E-01
3.98560,88.2028,-0.111455E-01
3.98621,88.2163,-0.105437E-01
3.98682,88.2298,0.714327E-02
3.98743,88.2433,-0.900751E-02
3.98804,88.2568,0.198570E-01
3.98865,88.2703,0.163648E-02
3.98926,88.2838,0.295762E-01
3.98987,88.2973,0.138084E-01
3.99048,88.3108,0.283684E-01
3.99109,88.3243,-0.204882E-02
3.99170,88.3378,-0.192530E-03
3.99231,88.3513,0.106142E-01
3.99292,88.3648,0.103687E-01
3.99353,88.3784,0.276675E-01
3.99414,88.3919,0.170144E-02
3.99475,88.4054,0.721380E-02
3.99536,88.4189,0.236762E-01
3.99597,88.4324,0.668593E-03
3.99658,88.4459,0.468363E-02
3.99719,88.4594,-0.901515E-02
3.99780,88.4729,0.204204E-01
3.99841,88.4864,-0.243090E-01
3.99902,88.4999,-0.101555E-01
3.99963,88.5134,-0.216281E-02
4.00024,88.5269,0.149905E-01
4.00085,88.5404,-0.254361E-01
4.00146,88.5539,-0.260417E-02
4.00208,88.5675,0.253888E-01
4.00269,88.5810,-0.472546E-02
4.00330,88.5945,-0.184941E-01
4.00391,88.6080,0.311077E-02
4.00452,88.6215,-0.141814E-01
4.00513,88.6350,0.431832E-02
4.00574,88.6485,0.128558E-02
4.00635,88.6620,-0.318760E-02
4.00696,88.6755,-0.168370E-01
4.00757,88.6890,-0.812963E-02
4.00818,88.7025,-0.300955E-02
4.00879,88.7160,0.150180E-01
4.00940,88.7295,0.286067E-01
4.01001,88.7431,-0.655731E-02
4.01062,88.7566,0.400141E-02
4.01123,88.7701,-0.105311E-02
4.01184,88.7836,0.913332E-02
4.01245,88.7971,-0.107799E-01
4.01306,88.8106,-0.139364E-01
4.01367,88.8241,-0.272183E-01
4.01428,88.8376,-0.222728E-02
4.01489,88.8511,-0.405855E-01
4.01550,88.8646,0.600616E-02
4.01611,88.8781,-0.954518E-02
4.01672,88.8916,0.394718E-02
4.01733,88.9051,-0.201386E-01
4.01794,88.9186,-0.328296E-02
4.01855,88.9322,0.188487E-02
4.01917,88.9457,0.438208E-01
4.01978,88.9592,0.395283E-02
4.02039,88.9727,0.177842E-01
4.02100,88.9862,-0.304093E-02
4.02161,88.9997,0.752635E-02
4.02222,89.0132,0.476379E-02
4.02283,89.0267,0.349108E-01
4.02344,89.0402,-0.234017E-03
4.02405,89.0537,-0.227189E-01
4.02466,89.0672,-0.968059E-02
4.02527,89.0807,-0.880590E-02
4.02588,89.0942,0.445840E-02
4.02649,89.1077,0.172066E-01
4.02710,89.1213,-0.657281E-02
4.02771,89.1348,-0.246249E-02
4.02832,89.1483,0.361546E-01
4.02893,89.1618,0.121524E-01
4.02954,89.1753,-0.100040E-01
4.03015,89.1888,0.181176E-02
4.03076,89.2023,0.813992E-01
4.03137,89.2158,-0.164767E-01
4.03198,89.2293,0.522157E-02
4.03259,89.2428,-0.408331E-02
4.03320,89.2563,-0.138000E-01
4.03381,89.2698,-0.337425E-02
4.03442,89.2833,-0.948267E-03
4.03503,89.2969,-0.187258E-03
4.03564,89.3104,-0.111691E-01
4.03625,89.3239,0.161181E-01
4.03687,89.3374,0.465973E-01
4.03748,89.3509,0.153151E-01
4.03809,89.3644,0.152158E-01
4.03870,89.3779,-0.265748E-02
4.03931,89.3914,-0.126344E-02
4.03992,89.4049,-0.326556E-01
4.04053,89.4184,0.127804E-01
4.04114,89.4319,0.100195E-01
4.04175,89.4454,-0.377116E-02
4.04236,89.4589,-0.142866E-01
4.04297,89.4724,-0.936666E-02
4.04358,89.4860,0.337276E-02
4.04419,89.4995,0.143398E-01
4.04480,89.5130,-0.104095E-01
4.04541,89.5265,0.196026E-01
4.04602,89.5400,-0.395786E-02
4.04663,89.5535,0.252223E-02
4.04724,89.5670,0.744993E-02
4.04785,89.5805,-0.201838E-01
4.04846,89.5940,-0.391466E-01
4.04907,89.6075,-0.696969E-02
4.04968,89.6210,-0.237830E-02
4.05029,89.6345,0.812156E-02
4.05090,89.6480,-0.409667E-02
4.05151,89.6615,0.118360E-02
4.05212,89.6751,0.407899E-03
4.05273,89.6886,0.790715E-02
4.05334,89.7021,0.104692E-01
4.05396,89.7156,-0.164307E-02
4.05457,89.7291,0.189281E-02
4.05518,89.7426,-0.444389E-02
4.05579,89.7561,-0.935021E-03
4.05640,89.7696,0.763571E-02
4.05701,89.7831,0.212711E-01
4.05762,89.7966,0.945431E-02
4.05823,89.8101,-0.699109E-03
4.05884,89.8236,0.333176E-03
4.05945,89.8371,-0.977354E-02
4.06006,89.8507,-0.113880E-02
4.06067,89.8642,0.826500E-02
4.06128,89.8777,-0.226124E-02
4.06189,89.8912,0.116332E-02
4.06250,89.9047,-0.241207E-02
4.06311,89.9182,-0.132541E-01
4.06372,89.9317,0.439502E-02
4.06433,89.9452,-0.181246E-01
4.06494,89.9587,0.406544E-02
4.06555,89.9722,-0.403102E-02
4.06616,89.9857,-0.353551E-02
4.06677,89.9992,0.271278E-01
4.06738,90.0127,0.154798E-01
4.06799,90.0262,-0.775089E-02
4.06860,90.0398,-0.155731E-01
4.06921,90.0533,-0.106601E-02
4.06982,90.0668,-0.540271E-02
4.07043,90.0803,-0.477227E-02
4.07104,90.0938,0.356292E-02
4.07166,90.1073,0.181367E-01
4.07227,90.1208,0.715870E-02
4.07288,90.1343,0.214297E-01
4.07349,90.1478,-0.711203E-02
4.07410,90.1613,-0.165106E-03
4.07471,90.1748,-0.883257E-02
4.07532,90.1883,0.127876E-01
4.07593,90.2018,-0.296307E-02
4.07654,90.2153,-0.155353E-02
4.07715,90.2289,0.128413E-01
4.07776,90.2424,0.764143E-03
4.07837,90.2559,0.508850E-02
4.07898,90.2694,0.261097E-01
4.07959,90.2829,0.851776E-02
4.08020,90.2964,0.591496E-02
4.08081,90.3099,-0.661637E-02
4.08142,90.3234,0.769039E-02
4.08203,90.3369,0.138784E-01
4.08264,90.3504,0.181790E-01
4.08325,90.3639,-0.189433E-01
4.08386,90.3774,-0.195125E-02
4.08447,90.3909,-0.211696E-02
4.08508,90.4045,-0.258589E-03
4.08569,90.4180,0.287861E-02
4.08630,90.4315,-0.143706E-02
4.08691,90.4450,0.310145E-01
4.08752,90.4585,0.547361E-02
4.08813,90.4720,0.339484E-01
4.08875,90.4855,-0.110987E-01
4.08936,90.4990,-0.180481E-01
4.08997,90.5125,0.178322E-01
4.09058,90.5260,0.205812E-01
4.09119,90.5395,-0.170056E-01
4.09180,90.5530,-0.218631E-01
4.09241,90.5665,-0.196639E-01
4.09302,90.5800,0.153649E-01
4.09363,90.5936,0.434814E-02
4.09424,90.6071,-0.908964E-02
4.09485,90.6206,0.139150E-01
4.09546,90.6341,0.147090E-01
4.09607,90.6476,0.186303E-01
4.09668,90.6611,0.138395E-01
4.09729,90.6746,-0.524357E-04
4.09790,90.6881,0.183530E-02
4.09851,90.7016,0.281329E-01
4.09912,90.7151,-0.154040E-02
4.09973,90.7286,0.162043E-01
4.10034,90.7421,0.613748E-02
4.10095,90.7556,0.340284E-01
4.10156,90.7691,0.334152E-02
4.10217,90.7827,-0.148810E-01
4.10278,90.7962,0.771118E-03
4.10339,90.8097,0.587199E-02
4.10400,90.8232,-0.112500E-01
4.10461,90.8367,0.328909E-01
4.10522,90.8502,0.234042E-02
4.10583,90.8637,-0.124494E-01
4.10645,90.8772,0.223845E-01
4.10706,90.8907,-0.433899E-01
4.10767,90.9042,0.112618E-01
4.10828,90.9177,0.381649E-01
4.10889,90.9312,-0.160956E-01
4.10950,90.9447,0.303704E-01
4.11011,90.9583,-0.312968E-02
4.11072,90.9718,-0.201959E-01
4.11133,90.9853,0.120895E-02
4.11194,90.9988,-0.258863E-03
4.11255,91.0123,-0.721387E-02
4.11316,91.0258,0.536443E-02
4.11377,91.0393,-0.632960E-02
4.11438,91.0528,-0.511951E-03
4.11499,91.0663,-0.596188E-02
4.11560,91.0798,-0.222943E-01
4.11621,91.0933,-0.385367E-01
4.11682,91.1068,0.305661E-01
4.11743,91.1203,0.653372E-02
4.11804,91.1338,0.275990E-02
4.11865,91.1474,0.638664E-02
4.11926,91.1609,0.773017E-02
4.11987,91.1744,0.299970E-02
4.12048,91.1879,0.105112E-01
4.12109,91.2014,0.969829E-02
4.12170,91.2149,0.187267E-01
4.12231,91.2284,-0.213236E-02
4.12292,91.2419,-0.294635E-02
4.12354,91.2554,0.158951E-02
4.12415,91.2689,-0.591935E-02
4.12476,91.2824,-0.170966E-02
4.12537,91.2959,-0.227165E-01
4.12598,91.3094,-0.359079E-02
4.12659,91.3229,0.492600E-02
4.12720,91.3365,-0.933490E-03
4.12781,91.3500,-0.259976E-01
4.12842,91.3635,0.777635E-02
4.12903,91.3770,0.160621E-02
4.12964,91.3905,-0.680176E-02
4.13025,91.4040,-0.840763E-02
4.13086,91.4175,0.257731E-01
4.13147,91.4310,0.102805E-02
4.13208,91.4445,0.104372E-01
4.13269,91.4580,0.166091E-01
4.13330,91.4715,0.802162E-03
4.13391,91.4850,0.922149E-02
4.13452,91.4985,0.102475E-01
4.13513,91.5121,-0.139882E-01
4.13574,91.5256,0.142508E-01
4.13635,91.5391,-0.357000E-02
4.13696,91.5526,-0.127804E-02
4.13757,91.5661,-0.264982E-01
4.13818,91.5796,-0.203903E-01
4.13879,91.5931,-0.291214E-02
4.13940,91.6066,-0.541893E-02
4.14001,91.6201,-0.423915E-01
4.14062,91.6336,0.416964E-01
4.14124,91.6471,-0.122860E-02
4.14185,91.6606,0.447568E-02
4.14246,91.6741,0.744977E-02
4.14307,91.6876,0.257029E-02
4.14368,91.7012,-0.375224E-01
4.14429,91.7147,0.688191E-02
4.14490,91.7282,0.237879E-02
4.14551,91.7417,-0.140095E-01
4.14612,91.7552,-0.227749E-01
4.14673,91.7687,0.136473E-02
4.14734,91.7822,0.236089E-02
4.14795,91.7957,-0.109142E-01
4.14856,91.8092,0.274514E-02
4.14917,91.8227,0.105421E-01
4.14978,91.8362,0.117334E-01
4.15039,91.8497,-0.384739E-01
4.15100,91.8632,-0.467088E-01
4.15161,91.8767,0.409875E-01
4.15222,91.8903,-0.100727E-01
4.15283,91.9038,0.508316E-02
4.15344,91.9173,0.170333E-01
4.15405,91.9308,-0.586037E-02
4.15466,91.9443,-0.106612E-01
4.15527,91.9578,-0.205513E-01
4.15588,91.9713,0.162982E-01
4.15649,91.9848,0.225680E-01
4.15710,91.9983,-0.249859E-02
4.15771,92.0118,-0.709721E-02
4.15833,92.0253,0.273295E-02
4.15894,92.0388,0.208398E-02
4.15955,92.0523,0.131508E-03
4.16016,92.0659,0.615264E-02
4.16077,92.0794,-0.101983E-02
4.16138,92.0929,-0.399921E-02
4.16199,92.1064,-0.146540E-01
4.16260,92.1199,0.535768E-02
4.16321,92.1334,-0.114703E-01
4.16382,92.1469,0.231952E-02
4.16443,92.1604,-0.323276E-01
4.16504,92.1739,0.855321E-02
4.16565,92.1874,-0.774304E-02
4.16626,92.2009,-0.359537E-03
4.16687,92.2144,0.585840E-02
4.16748,92.2279,0.149972E-01
4.16809,92.2414,0.707078E-03
4.16870,92.2550,-0.225469E-02
4.16931,92.2685,0.390391E-02
4.16992,92.2820,-0.149041E-02
4.17053,92.2955,0.682533E-02
4.17114,92.3090,0.101003E-02
4.17175,92.3225,0.302387E-02
4.17236,92.3360,0.371969E-02
4.17297,92.3495,-0.443560E-01
4.17358,92.3630,-0.340514E-02
4.17419,92.3765,0.647394E-03
4.17480,92.3900,0.136096E-02
4.17542,92.4035,-0.519695E-03
4.17603,92.4170,-0.857423E-03
4.17664,92.4305,-0.296137E-02
4.17725,92.4441,0.455878E-02
4.17786,92.4576,0.140551E-01
4.17847,92.4711,0.596811E-02
4.17908,92.4846,0.161297E-01
4.17969,92.4981,0.109480E-01
4.18030,92.5116,-0.670156E-02
4.18091,92.5251,-0.136425E-01
4.18152,92.5386,-0.147322E-01
4.18213,92.5521,-0.154986E-01
4.18274,92.5656,0.474850E-02
4.18335,92.5791,-0.688110E-03
4.18396,92.5926,-0.189615E-01
4.18457,92.6061,-0.237080E-02
4.18518,92.6197,0.241759E-01
4.18579,92.6332,0.184244E-02
4.18640,92.6467,-0.176728E-01
4.18701,92.6602,0.272123E-01
4.18762,92.6737,-0.273356E-01
4.18823,92.6872,0.161643E-01
4.18884,92.7007,0.149018E-02
4.18945,92.7142,0.190221E-02
4.19006,92.7277,0.101092E-01
4.19067,92.7412,-0.320422E-01
4.19128,92.7547,0.418039E-03
4.19189,92.7682,0.102521E-01
4.19250,92.7817,-0.223801E-01
4.19312,92.7952,0.145859E-01
4.19373,92.8088,0.480148E-02
4.19434,92.8223,0.654180E-02
4.19495,92.8358,0.191577E-01
4.19556,92.8493,-0.436040E-02
4.19617,92.8628,-0.597922E-03
4.19678,92.8763,0.109792E-01
4.19739,92.8898,0.114061E-02
4.19800,92.9033,-0.345326E-02
4.19861,92.9168,0.344010E-02
4.19922,92.9303,0.840463E-02
4.19983,92.9438,0.504551E-01
4.20044,92.9573,0.494245E-03
4.20105,92.9708,-0.122116E-01
4.20166,92.9843,-0.100527E-01
4.20227,92.9979,0.118390E-02
4.20288,93.0114,-0.233015E-01
4.20349,93.0249,0.474588E-02
4.20410,93.0384,0.298728E-02
4.20471,93.0519,-0.272415E-01
4.20532,93.0654,0.357117E-02
4.20593,93.0789,-0.131342E-01
4.20654,93.0924,0.483411E-02
4.20715,93.1059,0.309735E-01
4.20776,93.1194,0.737706E-03
4.20837,93.1329,0.341036E-02
4.20898,93.1464,0.681092E-03
4.20959,93.1599,0.778451E-02
4.21021,93.1735,-0.134049E-01
4.21082,93.1870,-0.254497E-02
4.21143,93.2005,-0.140539E-01
4.21204,93.2140,-0.262516E-03
4.21265,93.2275,-0.711745E-02
4.21326,93.2410,0.189345E-02
4.21387,93.2545,-0.356266E-02
4.21448,93.2680,0.438327E-02
4.21509,93.2815,0.852781E-02
4.21570,93.2950,0.602309E-02
4.21631,93.3085,0.101019E-01
4.21692,93.3220,0.216169E-01
4.21753,93.3355,-0.617735E-02
4.21814,93.3490,0.455776E-02
4.21875,93.3626,0.439809E-02
4.21936,93.3761,0.751676E-02
4.21997,93.3896,0.132655E-01
4.22058,93.4031,-0.410674E-02
4.22119,93.4166,0.122978E-02
4.22180,93.4301,-0.372361E-02
4.22241,93.4436,0.291388E-02
4.22302,93.4571,-0.296099E-01
4.22363,93.4706,0.891537E-02
4.22424,93.4841,0.298269E-01
4.22485,93.4976,-0.254086E-01
4.22546,93.5111,-0.553009E-03
4.22607,93.5246,-0.414737E-02
4.22668,93.5381,-0.573335E-02
4.22729,93.5517,-0.172932E-01
4.22791,93.5652,0.258837E-02
4.22852,93.5787,0.285396E-01
4.22913,93.5922,0.108067E-01
4.22974,93.6057,-0.190371E-02
4.23035,93.6192,-0.682060E-02
4.23096,93.6327,0.197730E-01
4.23157,93.6462,-0.966825E-02
4.23218,93.6597,-0.733736E-03
4.23279,93.6732,0.132696E-01
4.23340,93.6867,0.252917E-02
4.23401,93.7002,0.181944E-01
4.23462,93.7137,0.111643E-01
4.23523,93.7273,-0.182218E-01
4.23584,93.7408,-0.115052E-01
4.23645,93.7543,0.250954E-02
4.23706,93.7678,0.198289E-03
4.23767,93.7813,-0.811561E-02
4.23828,93.7948,-0.232252E-01
4.23889,93.8083,0.329895E-02
4.23950,93.8218,-0.646196E-02
4.24011,93.8353,0.196217E-02
4.24072,93.8488,-0.337293E-01
4.24133,93.8623,0.880948E-03
4.24194,93.8758,-0.158629E-01
4.24255,93.8893,-0.485400E-02
4.24316,93.9028,0.648568E-02
4.24377,93.9164,0.960712E-02
4.24438,93.9299,-0.457623E-02
4.24500,93.9434,0.220210E-01
4.24561,93.9569,-0.445411E-02
4.24622,93.9704,-0.394530E-01
4.24683,93.9839,0.101416E-02
4.24744,93.9974,-0.799180E-04
4.24805,94.0109,0.226508E-01
4.24866,94.0244,0.320279E-01
4.24927,94.0379,-0.227414E-01
4.24988,94.0514,0.576231E-02
4.25049,94.0649,0.171717E-01
4.25110,94.0784,-0.472137E-01
4.25171,94.0919,0.261448E-01
4.25232,94.1055,-0.113251E-01
4.25293,94.1190,-0.409547E-02
4.25354,94.1325,0.171965E-01
4.25415,94.1460,0.944630E-02
4.25476,94.1595,-0.346869E-02
4.25537,94.1730,-0.145849E-02
4.25598,94.1865,0.340417E-01
4.25659,94.2000,0.417090E-02
4.25720,94.2135,-0.382479E-02
4.25781,94.2270,-0.205082E-01
4.25842,94.2405,-0.250550E-01
4.25903,94.2540,0.739208E-02
4.25964,94.2675,-0.166866E-02
4.26025,94.2810,0.366533E-02
4.26086,94.2946,-0.480996E-02
4.26147,94.3081,-0.217053E-01
4.26208,94.3216,0.475383E-02
4.26270,94.3351,0.255394E-02
4.26331,94.3486,0.158870E-01
4.26392,94.3621,-0.472933E-02
4.26453,94.3756,0.358102E-03
4.26514,94.3891,-0.100319E-01
4.26575,94.4026,-0.786436E-02
4.26636,94.4161,-0.320695E-01
4.26697,94.4296,0.170394E-01
4.26758,94.4431,-0.874555E-02
4.26819,94.4566,0.139817E-01
4.26880,94.4702,-0.101284E-01
4.26941,94.4837,-0.848236E-02
4.27002,94.4972,0.160324E-01
4.27063,94.5107,-0.277874E-03
4.27124,94.5242,-0.615554E-01
4.27185,94.5377,0.176233E-01
4.27246,94.5512,0.459878E-02
4.27307,94.5647,-0.176924E-01
4.27368,94.5782,0.123471E-01
4.27429,94.5917,0.105929E-01
4.27490,94.6052,0.268938E-02
4.27551,94.6187,-0.771265E-02
4.27612,94.6322,-0.216549E-02
4.27673,94.6457,-0.238804E-02
4.27734,94.6593,0.835678E-02
4.27795,94.6728,-0.232601E-01
4.27856,94.6863,0.112348E-01
4.27917,94.6998,-0.303678E-02
4.27979,94.7133,0.399184E-02
4.28040,94.7268,0.843696E-02
4.28101,94.7403,-0.185587E-01
4.28162,94.7538,0.109636E-01
4.28223,94.7673,0.227541E-01
4.28284,94.7808,0.655753E-02
4.28345,94.7943,-0.167193E-01
4.28406,94.8078,-0.483406E-03
4.28467,94.8213,-0.113281E-01
4.28528,94.8348,-0.636288E-02
4.28589,94.8484,-0.927176E-02
4.28650,94.8619,-0.992378E-02
4.28711,94.8754,0.771882E-02
4.28772,94.8889,-0.211057E-02
4.28833,94.9024,0.169041E-01
4.28894,94.9159,0.199965E-01
4.28955,94.9294,0.258378E-01
4.29016,94.9429,0.139160E-01
4.29077,94.9564,0.782435E-03
4.29138,94.9699,0.427417E-02
4.29199,94.9834,-0.909830E-02
4.29260,94.9969,-0.153895E-02
4.29321,95.0104,-0.808552E-02
4.29382,95.0240,0.494267E-01
4.29443,95.0375,0.733385E-02
4.29504,95.0510,-0.102314E-02
4.29565,95.0645,0.840535E-02
4.29626,95.0780,-0.779600E-02
4.29688,95.0915,0.727330E-02
4.29749,95.1050,0.179564E-01
4.29810,95.1185,0.230036E-01
4.29871,95.1320,-0.143647E-01
4.29932,95.1455,-0.804618E-02
4.29993,95.1590,0.312775E-01
4.30054,95.1725,0.452089E-02
4.30115,95.1860,0.152424E-01
4.30176,95.1995,0.144463E-01
4.30237,95.2131,-0.737642E-03
4.30298,95.2266,0.291265E-02
4.30359,95.2401,0.144233E-02
4.30420,95.2536,-0.497407E-02
4.30481,95.2671,-0.426623E-03
4.30542,95.2806,-0.282902E-02
4.30603,95.2941,-0.301880E-02
4.30664,95.3076,0.253558E-01
4.30725,95.3211,-0.472673E-03
4.30786,95.3346,-0.939462E-02
4.30847,95.3481,-0.265630E-02
4.30908,95.3616,0.218875E-04
4.30969,95.3751,-0.106426E-01
4.31030,95.3886,-0.503169E-02
4.31091,95.4022,-0.816671E-02
4.31152,95.4157,-0.139382E-02
4.31213,95.4292,-0.135280E-03
4.31274,95.4427,0.226706E-01
4.31335,95.4562,-0.403635E-02
4.31396,95.4697,0.715231E-02
4.31458,95.4832,-0.449632E-01
4.31519,95.4967,-0.102891E-01
4.31580,95.5102,0.428933E-02
4.31641,95.5237,-0.391015E-02
4.31702,95.5372,0.361174E-03
4.31763,95.5507,0.834618E-02
4.31824,95.5642,0.199498E-01
4.31885,95.5778,-0.230285E-01
4.31946,95.5913,0.499166E-02
4.32007,95.6048,-0.338377E-02
4.32068,95.6183,0.187500E-01
4.32129,95.6318,0.805784E-02
4.32190,95.6453,0.320971E-02
4.32251,95.6588,0.821060E-02
4.32312,95.6723,-0.321991E-02
4.32373,95.6858,0.456060E-02
4.32434,95.6993,0.197423E-01
4.32495,95.7128,-0.932952E-02
4.32556,95.7263,0.492714E-02
4.32617,95.7398,0.120442E-02
4.32678,95.7533,0.260503E-01
4.32739,95.7669,0.156460E-01
4.32800,95.7804,0.318809E-02
4.32861,95.7939,0.931533E-03
4.32922,95.8074,-0.168002E-01
4.32983,95.8209,-0.100913E-01
4.33044,95.8344,-0.648651E-02
4.33105,95.8479,0.591425E-02
4.33167,95.8614,0.121830E-01
4.33228,95.8749,0.484995E-01
4.33289,95.8884,-0.921896E-02
4.33350,95.9019,0.369288E-02
4.33411,95.9154,0.269850E-01
4.33472,95.9289,0.104566E-01
4.33533,95.9424,-0.828721E-03
4.33594,95.9560,0.147906E-01
4.33655,95.9695,-0.819916E-03
4.33716,95.9830,0.573828E-02
4.33777,95.9965,0.419761E-02
4.33838,96.0100,0.758600E-02
4.33899,96.0235,0.109045E-01
4.33960,96.0370,0.142370E-02
4.34021,96.0505,-0.715483E-02
4.34082,96.0640,-0.344678E-02
4.34143,96.0775,-0.144015E-01
4.34204,96.0910,0.290220E-01
4.34265,96.1045,-0.589418E-01
4.34326,96.1180,0.151392E-01
4.34387,96.1316,0.420589E-01
4.34448,96.1451,0.656865E-02
4.34509,96.1586,-0.144460E-02
4.34570,96.1721,-0.183469E-01
4.34631,96.1856,-0.117079E-01
4.34692,96.1991,0.929537E-03
4.34753,96.2126,0.557278E-02
4.34814,96.2261,0.142766E-01
4.34875,96.2396,-0.595169E-02
4.34937,96.2531,0.475246E-02
4.34998,96.2666,-0.108174E-02
4.35059,96.2801,0.547576E-02
4.35120,96.2936,-0.110250E-02
4.35181,96.3071,0.677429E-02
4.35242,96.3207,0.112645E-01
4.35303,96.3342,0.108022E-02
4.35364,96.3477,-0.142719E-01
4.35425,96.3612,0.153395E-01
4.35486,96.3747,-0.354716E-02
4.35547,96.3882,0.426938E-02
4.35608,96.4017,-0.376750E-02
4.35669,96.4152,-0.363852E-03
4.35730,96.4287,0.376002E-01
4.35791,96.4422,-0.128533E-01
4.35852,96.4557,-0.309898E-02
4.35913,96.4692,0.501356E-03
4.35974,96.4827,-0.184225E-02
4.36035,96.4962,0.251370E-01
4.36096,96.5098,0.930560E-02
4.36157,96.5233,-0.427039E-02
4.36218,96.5368,0.124817E-01
4.36279,96.5503,0.107628E-01
4.36340,96.5638,0.219188E-01
4.36401,96.5773,0.901410E-02
4.36462,96.5908,0.959313E-02
4.36523,96.6043,-0.433811E-02
4.36584,96.6178,-0.134246E-02
4.36646,96.6313,-0.315695E-01
4.36707,96.6448,-0.233095E-01
4.36768,96.6583,-0.397398E-03
4.36829,96.6718,-0.112868E-01
4.36890,96.6854,-0.814196E-03
4.36951,96.6989,-0.198875E-01
4.37012,96.7124,0.147860E-01
4.37073,96.7259,-0.161602E-02
4.37134,96.7394,0.421880E-01
4.37195,96.7529,0.229232E-01
4.37256,96.7664,-0.814778E-03
4.37317,96.7799,0.138345E-01
4.37378,96.7934,0.111904E-01
4.37439,96.8069,0.962344E-02
4.37500,96.8204,-0.219633E-02
4.37561,96.8339,-0.177946E-02
4.37622,96.8474,0.243882E-01
4.37683,96.8609,-0.772076E-02
4.37744,96.8745,-0.533295E-02
4.37805,96.8880,-0.380878E-03
4.37866,96.9015,0.348767E-02
4.37927,96.9150,0.437443E-02
4.37988,96.9285,-0.172326E-01
4.38049,96.9420,0.382685E-02
4.38110,96.9555,0.546030E-02
4.38171,96.9690,0.184763E-01
4.38232,96.9825,-0.996034E-03
4.38293,96.9960,0.234704E-02
4.38354,97.0095,-0.111458E-01
4.38416,97.0230,0.240292E-01
4.38477,97.0365,0.120349E-01
4.38538,97.0500,0.164448E-01
4.38599,97.0636,-0.511967E-02
4.38660,97.0771,-0.122424E-01
4.38721,97.0906,0.211575E-01
4.38782,97.1041,0.250043E-01
4.38843,97.1176,-0.338745E-02
4.38904,97.1311,-0.125946E-01
4.38965,97.1446,0.328963E-01
4.39026,97.1581,-0.107612E-02
4.39087,97.1716,0.457363E-01
4.39148,97.1851,0.804891E-02
4.39209,97.1986,-0.146223E-02
4.39270,97.2121,0.527996E-03
4.39331,97.2256,-0.200450E-01
4.39392,97.2392,0.144200E-02
4.39453,97.2527,-0.313044E-02
4.39514,97.2662,-0.337719E-02
4.39575,97.2797,-0.217842E-02
4.39636,97.2932,-0.107342E-01
4.39697,97.3067,0.398168E-02
4.39758,97.3202,-0.113394E-01
4.39819,97.3337,-0.500870E-02
4.39880,97.3472,0.187259E-01
4.39941,97.3607,0.178784E-02
4.40002,97.3742,-0.538320E-03
4.40063,97.3877,0.811583E-02
4.40125,97.4012,-0.230931E-01
4.40186,97.4147,-0.300359E-02
4.40247,97.4283,0.136402E-01
4.40308,97.4418,0.157718E-02
4.40369,97.4553,-0.963448E-02
4.40430,97.4688,-0.124343E-01
4.40491,97.4823,-0.483819E-02
4.40552,97.4958,-0.963528E-03
4.40613,97.5093,0.242964E-01
4.40674,97.5228,-0.222913E-01
4.40735,97.5363,0.842966E-02
4.40796,97.5498,-0.274188E-01
4.40857,97.5633,-0.759387E-02
4.40918,97.5768,-0.931560E-02
4.40979,97.5903,0.363623E-01
4.41040,97.6038,0.234614E-02
4.41101,97.6174,-0.702497E-02
4.41162,97.6309,-0.615146E-02
4.41223,97.6444,-0.115247E-01
4.41284,97.6579,0.692347E-02
4.41345,97.6714,-0.157359E-02
4.41406,97.6849,-0.504860E-02
4.41467,97.6984,-0.875179E-02
4.41528,97.7119,0.201925E-01
4.41589,97.7254,-0.666690E-03
4.41650,97.7389,0.429665E-04
4.41711,97.7524,-0.152515E-02
4.41772,97.7659,0.271383E-02
4.41833,97.7794,0.188631E-01
4.41895,97.7930,-0.118900E-01
4.41956,97.8065,0.267473E-01
4.42017,97.8200,-0.126260E-01
4.42078,97.8335,-0.191504E-02
4.42139,97.8470,0.152509E-02
4.42200,97.8605,0.103512E-01
4.42261,97.8740,0.888236E-02
4.42322,97.8875,0.169906E-02
4.42383,97.9010,-0.198873E-01
4.42444,97.9145,-0.178033E-02
4.42505,97.9280,0.437840E-02
4.42566,97.9415,-0.116212E-02
4.42627,97.9550,-0.867801E-02
4.42688,97.9685,-0.284073E-01
4.42749,97.9821,-0.782620E-03
4.42810,97.9956,0.648322E-02
4.42871,98.0091,0.424215E-02
4.42932,98.0226,0.397841E-01
4.42993,98.0361,-0.347394E-01
4.43054,98.0496,0.200600E-01
4.43115,98.0631,-0.556571E-02
4.43176,98.0766,-0.144201E-01
4.43237,98.0901,0.518651E-02
4.43298,98.1036,-0.109288E-01
4.43359,98.1171,0.604789E-02
4.43420,98.1306,0.187528E-01
4.43481,98.1441,-0.113103E-01
4.43542,98.1576,0.167632E-01
4.43604,98.1712,-0.357550E-01
4.43665,98.1847,-0.172310E-01
4.43726,98.1982,-0.222820E-01
4.43787,98.2117,0.248990E-01
4.43848,98.2252,0.109051E-02
4.43909,98.2387,0.725053E-02
4.43970,98.2522,-0.596216E-02
4.44031,98.2657,-0.239201E-01
4.44092,98.2792,0.214938E-01
4.44153,98.2927,0.242518E-01
4.44214,98.3062,0.193250E-01
4.44275,98.3197,-0.184705E-01
4.44336,98.3332,-0.107408E-01
4.44397,98.3468,0.968291E-02
4.44458,98.3603,0.192523E-02
4.44519,98.3738,0.112432E-02
4.44580,98.3873,0.176861E-01
4.44641,98.4008,-0.327157E-02
4.44702,98.4143,0.191282E-01
4.44763,98.4278,-0.440556E-03
4.44824,98.4413,0.327544E-02
4.44885,98.4548,0.260441E-01
4.44946,98.4683,0.362696E-02
4.45007,98.4818,0.823715E-02
4.45068,98.4953,0.122481E-01
4.45129,98.5088,-0.727935E-02
4.45190,98.5223,-0.188918E-01
4.45251,98.5359,-0.861197E-02
4.45312,98.5494,0.303042E-02
4.45374,98.5629,0.461301E-03
4.45435,98.5764,0.804813E-03
4.45496,98.5899,0.737565E-02
4.45557,98.6034,-0.640725E-04
4.45618,98.6169,0.100070E-02
4.45679,98.6304,0.109546E-01
4.45740,98.6439,-0.147247E-02
4.45801,98.6574,0.333362E-02
4.45862,98.6709,-0.284202E-02
4.45923,98.6844,-0.472051E-03
4.45984,98.6979,0.429287E-02
4.46045,98.7114,-0.547585E-02
4.46106,98.7250,0.374536E-02
4.46167,98.7385,-0.118965E-01
4.46228,98.7520,-0.224077E-02
4.46289,98.7655,0.114663E-01
4.46350,98.7790,-0.115735E-02
4.46411,98.7925,-0.504801E-02
4.46472,98.8060,-0.268104E-02
4.46533,98.8195,-0.804563E-02
4.46594,98.8330,0.206401E-02
4.46655,98.8465,-0.155707E-01
4.46716,98.8600,-0.357709E-02
4.46777,98.8735,0.337678E-03
4.46838,98.8870,0.191500E-02
4.46899,98.9006,0.384363E-02
4.46960,98.9141,-0.281583E-02
4.47021,98.9276,0.128239E-01
4.47083,98.9411,0.867849E-03
4.47144,98.9546,-0.166953E-02
4.47205,98.9681,-0.403893E-02
4.47266,98.9816,0.200570E-01
4.47327,98.9951,-0.260452E-01
4.47388,99.0086,0.184385E-01
4.47449,99.0221,-0.120885E-02
4.47510,99.0356,0.239368E-02
4.47571,99.0491,-0.337204E-03
4.47632,99.0626,-0.538612E-02
4.47693,99.0761,-0.470297E-02
4.47754,99.0897,0.178863E-01
4.47815,99.1032,-0.417394E-02
4.47876,99.1167,-0.658140E-02
4.47937,99.1302,-0.939971E-02
4.47998,99.1437,-0.139939E-01
4.48059,99.1572,-0.165821E-01
4.48120,99.1707,0.908972E-02
4.48181,99.1842,-0.498754E-02
4.48242,99.1977,-0.909183E-02
4.48303,99.2112,0.746731E-03
4.48364,99.2247,0.663232E-03
4.48425,99.2382,0.330039E-02
4.48486,99.2517,0.677452E-02
4.48547,99.2652,0.379105E-02
4.48608,99.2788,0.113919E-01
4.48669,99.2923,-0.433786E-02
4.48730,99.3058,0.479212E-02
4.48792,99.3193,-0.173204E-01
4.48853,99.3328,-0.687159E-03
4.48914,99.3463,-0.232290E-01
4.48975,99.3598,-0.278330E-01
4.49036,99.3733,0.242473E-01
4.49097,99.3868,-0.496911E-02
4.49158,99.4003,0.154551E-02
4.49219,99.4138,-0.827855E-01
4.49280,99.4273,0.116404E-01
4.49341,99.4408,-0.456552E-02
4.49402,99.4544,-0.303151E-01
4.49463,99.4679,0.338062E-01
4.49524,99.4814,-0.316548E-01
4.49585,99.4949,-0.157465E-01
4.49646,99.5084,0.463156E-03
4.49707,99.5219,0.808499E-02
4.49768,99.5354,-0.412492E-02
4.49829,99.5489,0.100445E-01
4.49890,99.5624,0.270372E-02
4.49951,99.5759,-0.102697E-01
4.50012,99.5894,-0.982557E-02
4.50073,99.6029,0.368892E-01
4.50134,99.6164,-0.189703E-02
4.50195,99.6299,-0.682408E-02
4.50256,99.6435,-0.289157E-02
4.50317,99.6570,0.221646E-01
4.50378,99.6705,0.107924E-01
4.50439,99.6840,0.296072E-02
4.50500,99.6975,-0.768665E-02
4.50562,99.7110,0.191559E-01
4.50623,99.7245,-0.196898E-01
4.50684,99.7380,0.388148E-02
4.50745,99.7515,0.908173E-02
4.50806,99.7650,0.100705E-01
4.50867,99.7785,0.368346E-02
4.50928,99.7920,0.417078E-01
4.50989,99.8055,-0.104761E-01
4.51050,99.8190,-0.342641E-02
4.51111,99.8326,0.174729E-01
4.51172,99.8461,-0.114675E-01
4.51233,99.8596,-0.182689E-02
4.51294,99.8731,0.297942E-01
4.51355,99.8866,0.467350E-02
4.51416,99.9001,0.837214E-02
4.51477,99.9136,-0.429557E-02
4.51538,99.9271,0.196889E-02
4.51599,99.9406,-0.478042E-02
4.51660,99.9541,-0.382405E-02
4.51721,99.9676,-0.156910E-01
4.51782,99.9811,0.944557E-02
4.51843,99.9946,-0.924726E-03
4.51904,100.008,0.460025E-02
4.51965,100.022,0.120738E-01
4.52026,100.035,0.160057E-01
4.52087,100.049,0.252615E-01
4.52148,100.062,0.135235E-01
4.52209,100.076,-0.134299E-01
4.52271,100.089,-0.751170E-02
4.52332,100.103,0.121754E-01
4.52393,100.116,0.921949E-03
4.52454,100.130,-0.271541E-01
4.52515,100.143,0.129266E-01
4.52576,100.157,0.548368E-02
4.52637,100.170,0.392335E-02
4.52698,100.184,0.519345E-02
4.52759,100.197,-0.217565E-02
4.52820,100.211,-0.728737E-02
4.52881,100.224,-0.525260E-03
4.52942,100.238,-0.618164E-02
4.53003,100.251,-0.668748E-02
4.53064,100.265,-0.260305E-02
4.53125,100.278,0.151448E-01
4.53186,100.292,0.225565E-02
4.53247,100.305,0.169826E-03
4.53308,100.319,-0.269606E-01
4.53369,100.332,-0.157352E-01
4.53430,100.346,-0.184328E-01
4.53491,100.359,0.103147E-01
4.53552,100.373,-0.490520E-02
4.53613,100.386,0.736588E-02
4.53674,100.400,0.336769E-02
4.53735,100.413,0.148997E-02
4.53796,100.427,-0.844224E-02
4.53857,100.440,-0.203458E-01
4.53918,100.454,0.167320E-01
4.53979,100.467,-0.113465E-01
4.54041,100.481,0.265271E-01
4.54102,100.494,0.140022E-01
4.54163,100.508,0.523531E-01
4.54224,100.521,-0.524305E-01
4.54285,100.535,-0.658746E-02
4.54346,100.548,-0.501507E-02
4.54407,100.562,-0.363381E-02
4.54468,100.575,0.742141E-02
4.54529,100.589,0.433871E-01
4.54590,100.602,0.107946E-01
4.54651,100.616,0.337772E-02
4.54712,100.629,-0.548238E-02
4.54773,100.643,0.761968E-02
4.54834,100.657,-0.131164E-01
4.54895,100.670,0.211862E-02
4.54956,100.684,0.665127E-02
4.55017,100.697,-0.284442E-01
4.55078,100.711,0.102617E-02
4.55139,100.724,0.332632E-02
4.55200,100.738,-0.950737E-02
4.55261,100.751,0.170546E-01
4.55322,100.765,-0.881424E-02
4.55383,100.778,-0.707225E-03
4.55444,100.792,0.102598E-02
4.55505,100.805,-0.626694E-02
4.55566,100.819,0.520886E-03
4.55627,100.832,0.342650E-02
4.55688,100.846,-0.121932E-01
4.55750,100.859,-0.844896E-03
4.55811,100.873,-0.397131E-02
4.55872,100.886,-0.134662E-01
4.55933,100.900,0.401330E-02
4.55994,100.913,-0.799824E-02
4.56055,100.927,0.433089E-02
4.56116,100.940,-0.158598E-01
4.56177,100.954,0.334832E-02
4.56238,100.967,-0.129679E-03
4.56299,100.981,-0.135682E-02
4.56360,100.994,0.135372E-01
4.56421,101.008,0.381285E-02
4.56482,101.021,-0.128537E-01
4.56543,101.035,-0.136171E-01
4.56604,101.048,-0.125800E-03
4.56665,101.062,0.128642E-01
4.56726,101.075,-0.623486E-02
4.56787,101.089,0.726607E-02
4.56848,101.102,-0.446315E-02
4.56909,101.116,-0.221568E-02
4.56970,101.129,-0.705278E-02
4.57031,101.143,0.825766E-02
4.57092,101.156,-0.243233E-01
4.57153,101.170,0.117196E-01
4.57214,101.183,0.216215E-01
4.57275,101.197,0.146581E-01
4.57336,101.210,0.198061E-01
4.57397,101.224,0.165126E-02
4.57458,101.237,0.208457E-02
4.57520,101.251,-0.432573E-02
4.57581,101.264,0.255257E-02
4.57642,101.278,-0.128266E-01
4.57703,101.291,-0.211671E-01
4.57764,101.305,0.380660E-02
4.57825,101.318,0.982933E-03
4.57886,101.332,-0.222301E-01
4.57947,101.345,0.170022E-01
4.58008,101.359,-0.129806E-01
4.58069,101.372,0.380756E-01
4.58130,101.386,-0.180931E-02
4.58191,101.399,0.178661E-01
4.58252,101.413,-0.239809E-02
4.58313,101.426,0.140551E-01
4.58374,101.440,-0.140374E-01
4.58435,101.453,-0.696229E-02
4.58496,101.467,0.382748E-03
4.58557,101.480,0.114237E-01
4.58618,101.494,-0.335633E-01
4.58679,101.507,0.139897E-01
4.58740,101.521,0.241745E-01
4.58801,101.534,-0.542239E-02
4.58862,101.548,0.474430E-02
4.58923,101.561,0.244610E-01
4.58984,101.575,-0.378026E-02
4.59045,101.589,0.155715E-01
4.59106,101.602,0.162232E-01
4.59167,101.616,-0.142270E-01
4.59229,101.629,-0.471200E-02
4.59290,101.643,0.629267E-02
4.59351,101.656,-0.879720E-02
4.59412,101.670,-0.458586E-02
4.59473,101.683,0.186173E-02
4.59534,101.697,0.213318E-02
4.59595,101.710,0.907201E-03
4.59656,101.724,0.935861E-02
4.59717,101.737,0.470315E-02
4.59778,101.751,-0.143133E-02
4.59839,101.764,-0.826562E-02
4.59900,101.778,0.471364E-02
4.59961,101.791,0.322469E-02
4.60022,101.805,0.193393E-01
4.60083,101.818,0.141902E-01
4.60144,101.832,0.652630E-02
4.60205,101.845,-0.108891E-01
4.60266,101.859,-0.569593E-02
4.60327,101.872,0.430904E-02
4.60388,101.886,-0.164465E-01
4.60449,101.899,0.665111E-01
4.60510,101.913,-0.206588E-01
4.60571,101.926,-0.157663E-02
4.60632,101.940,-0.314124E-01
4.60693,101.953,0.643269E-02
4.60754,101.967,-0.402514E-02
4.60815,101.980,0.198004E-01
4.60876,101.994,0.213750E-02
4.60938,102.007,0.272726E-02
4.60999,102.021,0.181848E-02
4.61060,102.034,0.800458E-02
4.61121,102.048,0.470930E-02
4.61182,102.061,-0.559237E-03
4.61243,102.075,0.233310E-01
4.61304,102.088,0.752105E-02
4.61365,102.102,-0.335457E-02
4.61426,102.115,0.709701E-03
4.61487,102.129,0.294890E-01
4.61548,102.142,-0.116250E-01
4.61609,102.156,-0.845473E-02
4.61670,102.169,0.160120E-01
4.61731,102.183,-0.325855E-02
4.61792,102.196,0.190699E-01
4.61853,102.210,0.101205E-01
4.61914,102.223,0.107997E-01
4.61975,102.237,-0.164243E-01
4.62036,102.250,0.964876E-02
4.62097,102.264,-0.184970E-02
4.62158,102.277,-0.125863E-02
4.62219,102.291,0.992561E-02
4.62280,102.304,0.106124E-01
4.62341,102.318,-0.467460E-03
4.62402,102.331,-0.140347E-02
4.62463,102.345,0.600640E-02
4.62524,102.358,0.233757E-01
4.62585,102.372,-0.462485E-01
4.62646,102.385,-0.317635E-01
4.62708,102.399,-0.159183E-01
4.62769,102.412,0.633478E-02
4.62830,102.426,0.213500E-01
4.62891,102.439,-0.275576E-01
4.62952,102.453,-0.754527E-02
4.63013,102.466,-0.337245E-03
4.63074,102.480,-0.338050E-01
4.63135,102.493,0.123242E-01
4.63196,102.507,0.137464E-02
4.63257,102.521,0.338091E-02
4.63318,102.534,0.426127E-02
4.63379,102.548,0.221008E-01
4.63440,102.561,0.249935E-01
4.63501,102.575,0.983496E-02
4.63562,102.588,0.804384E-02
4.63623,102.602,0.133009E-01
4.63684,102.615,-0.565923E-03
4.63745,102.629,-0.365462E-02
4.63806,102.642,-0.707931E-02
4.63867,102.656,-0.330243E-02
4.63928,102.669,-0.747633E-02
4.63989,102.683,-0.222936E-01
4.64050,102.696,0.592744E-02
4.64111,102.710,0.149992E-01
4.64172,102.723,0.128390E-01
4.64233,102.737,0.963799E-02
4.64294,102.750,-0.215362E-01
4.64355,102.764,0.938093E-02
4.64417,102.777,0.156945E-02
4.64478,102.791,0.404935E-02
4.64539,102.804,0.134667E-01
4.64600,102.818,-0.761705E-02
4.64661,102.831,0.955862E-02
4.64722,102.845,0.126693E-01
4.64783,102.858,0.154019E-02
4.64844,102.872,0.331300E-02
4.64905,102.885,-0.883409E-02
4.64966,102.899,0.983386E-02
4.65027,102.912,0.397917E-01
4.65088,102.926,-0.850242E-02
4.65149,102.939,-0.102050E-01
4.65210,102.953,-0.190446E-03
4.65271,102.966,0.567484E-02
4.65332,102.980,-0.444484E-02
4.65393,102.993,0.993389E-03
4.65454,103.007,-0.280742E-02
4.65515,103.020,0.258407E-03
4.65576,103.034,-0.543465E-02
4.65637,103.047,0.407685E-02
4.65698,103.061,-0.265883E-01
4.65759,103.074,0.265986E-02
4.65820,103.088,0.482373E-02
4.65881,103.101,0.629010E-02
4.65942,103.115,0.276182E-02
4.66003,103.128,-0.113713E-01
4.66064,103.142,0.190193E-01
4.66125,103.155,0.572113E-03
4.66187,103.169,0.174114E-01
4.66248,103.182,-0.138584E-01
4.66309,103.196,-0.706802E-02
4.66370,103.209,-0.223940E-01
4.66431,103.223,0.662035E-03
4.66492,103.236,-0.139229E-03
4.66553,103.250,0.452079E-02
4.66614,103.263,-0.113319E-01
4.66675,103.277,-0.175798E-01
4.66736,103.290,-0.621184E-02
4.66797,103.304,0.589788E-02
4.66858,103.317,-0.741192E-02
4.66919,103.331,-0.989158E-03
4.66980,103.344,-0.306509E-01
4.67041,103.358,0.103159E-01
4.67102,103.371,0.210210E-02
4.67163,103.385,-0.104804E-01
4.67224,103.398,-0.533408E-03
4.67285,103.412,0.131463E-02
4.67346,103.426,-0.159759E-02
4.67407,103.439,0.826479E-02
4.67468,103.453,0.369475E-01
4.67529,103.466,-0.131768E-01
4.67590,103.480,0.308383E-01
4.67651,103.493,0.129243E-01
4.67712,103.507,0.200787E-02
4.67773,103.520,0.260985E-01
4.67834,103.534,0.156410E-01
4.67896,103.547,0.123023E-01
4.67957,103.561,0.326228E-01
4.68018,103.574,-0.157263E-01
4.68079,103.588,-0.227004E-02
4.68140,103.601,-0.575239E-02
4.68201,103.615,-0.114128E-01
4.68262,103.628,0.107799E-01
4.68323,103.642,0.126623E-01
4.68384,103.655,-0.183878E-02
4.68445,103.669,-0.386085E-02
4.68506,103.682,0.499284E-02
4.68567,103.696,-0.134857E-01
4.68628,103.709,0.113232E-01
4.68689,103.723,0.266338E-02
4.68750,103.736,-0.180189E-01
4.68811,103.750,-0.112511E-02
4.68872,103.763,0.500626E-02
4.68933,103.777,-0.119885E-01
4.68994,103.790,0.123525E-01
4.69055,103.804,-0.142546E-02
4.69116,103.817,-0.143003E-02
4.69177,103.831,0.398829E-01
4.69238,103.844,-0.288891E-01
4.69299,103.858,0.200308E-01
4.69360,103.871,-0.158678E-01
4.69421,103.885,-0.530208E-02
4.69482,103.898,-0.138197E-01
4.69543,103.912,0.150159E-01
4.69604,103.925,-0.541377E-02
4.69666,103.939,-0.127833E-01
4.69727,103.952,-0.203536E-02
4.69788,103.966,0.972206E-02
4.69849,103.979,0.154506E-01
4.69910,103.993,-0.388791E-01
4.69971,104.006,-0.895054E-02
4.70032,104.020,-0.208042E-02
4.70093,104.033,0.399661E-02
4.70154,104.047,0.163994E-01
4.70215,104.060,0.877228E-02
4.70276,104.074,0.116932E-01
4.70337,104.087,-0.497019E-02
4.70398,104.101,-0.113952E-01
4.70459,104.114,-0.900258E-03
4.70520,104.128,0.480096E-01
4.70581,104.141,-0.135070E-01
4.70642,104.155,-0.105929E-01
4.70703,104.168,-0.330691E-01
4.70764,104.182,0.207584E-01
4.70825,104.195,0.337891E-02
4.70886,104.209,-0.129700E-01
4.70947,104.222,0.552758E-02
4.71008,104.236,-0.266940E-01
4.71069,104.249,0.306261E-01
4.71130,104.263,-0.132766E-02
4.71191,104.276,-0.284848E-02
4.71252,104.290,-0.110617E-02
4.71313,104.303,0.457428E-01
4.71375,104.317,0.246061E-02
4.71436,104.330,0.521959E-02
4.71497,104.344,-0.136146E-01
4.71558,104.358,0.271653E-01
4.71619,104.371,-0.213707E-01
4.71680,104.385,-0.151093E-01
4.71741,104.398,0.923942E-02
4.71802,104.412,0.170843E-01
4.71863,104.425,-0.922789E-03
4.71924,104.439,0.482750E-02
4.71985,104.452,0.106147E-01
4.72046,104.466,0.479190E-02
4.72107,104.479,0.100185E-01
4.72168,104.493,-0.957373E-02
4.72229,104.506,-0.239008E-01
4.72290,104.520,0.117719E-01
4.72351,104.533,-0.140456E-02
4.72412,104.547,0.104878E-01
4.72473,104.560,-0.164108E-01
4.72534,104.574,-0.151396E-02
4.72595,104.587,-0.141528E-01
4.72656,104.601,0.355456E-01
4.72717,104.614,0.662029E-02
4.72778,104.628,-0.206674E-01
4.72839,104.641,0.618154E-02
4.72900,104.655,0.564939E-02
4.72961,104.668,0.511108E-02
4.73022,104.682,0.211559E-02
4.73083,104.695,0.182501E-01
4.73145,104.709,0.537374E-02
4.73206,104.722,0.206756E-01
4.73267,104.736,0.178633E-01
4.73328,104.749,0.328539E-02
4.73389,104.763,0.484438E-03
4.73450,104.776,0.319784E-02
4.73511,104.790,-0.561810E-02
4.73572,104.803,0.940397E-02
4.73633,104.817,-0.170351E-02
4.73694,104.830,0.365522E-02
4.73755,104.844,-0.268021E-02
4.73816,104.857,0.155037E-01
4.73877,104.871,-0.139652E-01
4.73938,104.884,0.754156E-02
4.73999,104.898,0.237038E-01
4.74060,104.911,-0.263408E-03
4.74121,104.925,-0.346515E-02
4.74182,104.938,-0.377151E-01
4.74243,104.952,0.209120E-02
4.74304,104.965,0.199698E-01
4.74365,104.979,-0.107819E-01
4.74426,104.992,-0.418652E-03
4.74487,105.006,0.136590E-03
4.74548,105.019,0.438700E-03
4.74609,105.033,-0.532595E-02
4.74670,105.046,0.138418E-02
4.74731,105.060,-0.599259E-02
4.74792,105.073,-0.174083E-01
4.74854,105.087,0.277858E-01
4.74915,105.100,-0.119704E-03
4.74976,105.114,0.251998E-02
4.75037,105.127,0.728001E-02
4.75098,105.141,0.279071E-02
4.75159,105.154,-0.466290E-02
4.75220,105.168,0.565454E-02
4.75281,105.181,-0.355875E-02
4.75342,105.195,-0.254458E-02
4.75403,105.208,0.133119E-02
4.75464,105.222,0.575432E-02
4.75525,105.235,-0.154001E-01
4.75586,105.249,0.537504E-02
4.75647,105.262,0.560124E-02
4.75708,105.276,0.805832E-02
4.75769,105.290,0.133990E-01
4.75830,105.303,-0.277103E-02
4.75891,105.317,0.139881E-01
4.75952,105.330,-0.586537E-02
4.76013,105.344,0.393062E-01
4.76074,105.357,0.187181E-01
4.76135,105.371,-0.339368E-02
4.76196,105.384,-0.802365E-02
4.76257,105.398,0.207898E-01
4.76318,105.411,0.402181E-02
4.76379,105.425,-0.675755E-03
4.76440,105.438,0.127363E-01
4.76501,105.452,-0.144482E-01
4.76562,105.465,0.237290E-02
4.76624,105.479,-0.438825E-02
4.76685,105.492,-0.125797E-01
4.76746,105.506,-0.347746E-03
4.76807,105.519,0.657401E-02
4.76868,105.533,0.283017E-01
4.76929,105.546,0.403632E-02
4.76990,105.560,-0.819252E-02
4.77051,105.573,-0.274763E-01
4.77112,105.587,0.205808E-02
4.77173,105.600,-0.116392E-01
4.77234,105.614,0.833393E-02
4.77295,105.627,-0.177071E-01
4.77356,105.641,0.148927E-01
4.77417,105.654,0.371134E-02
4.77478,105.668,-0.530029E-02
4.77539,105.681,0.201377E-01
4.77600,105.695,0.192676E-02
4.77661,105.708,-0.370644E-02
4.77722,105.722,0.151947E-02
4.77783,105.735,0.521475E-02
4.77844,105.749,-0.922437E-02
4.77905,105.762,-0.119050E-01
4.77966,105.776,-0.380424E-02
4.78027,105.789,-0.118983E-01
4.78088,105.803,0.142987E-01
4.78149,105.816,-0.103884E-02
4.78210,105.830,0.231906E-02
4.78271,105.843,-0.289868E-02
4.78333,105.857,0.782579E-02
4.78394,105.870,-0.125534E-01
4.78455,105.884,-0.119374E-01
4.78516,105.897,0.425713E-01
4.78577,105.911,0.165501E-01
4.78638,105.924,0.506411E-02
4.78699,105.938,0.109069E-01
4.78760,105.951,-0.378835E-02
4.78821,105.965,0.165919E-02
4.78882,105.978,0.513411E-03
4.78943,105.992,0.116573E-01
4.79004,106.005,-0.101873E-02
4.79065,106.019,0.177536E-02
4.79126,106.032,0.501278E-02
4.79187,106.046,0.501168E-02
4.79248,106.059,-0.135319E-01
4.79309,106.073,0.527858E-02
4.79370,106.086,0.266087E-02
4.79431,106.100,0.236639E-01
4.79492,106.113,0.114611E-02
4.79553,106.127,0.340117E-02
4.79614,106.140,-0.191802E-01
4.79675,106.154,0.211863E-01
4.79736,106.167,-0.198484E-02
4.79797,106.181,0.325476E-02
4.79858,106.195,-0.111285E-01
4.79919,106.208,0.822068E-02
4.79980,106.222,-0.465946E-02
4.80042,106.235,0.441795E-01
4.80103,106.249,-0.229898E-02
4.80164,106.262,0.746205E-02
4.80225,106.276,-0.367106E-02
4.80286,106.289,-0.146421E-02
4.80347,106.303,-0.467581E-02
4.80408,106.316,-0.111293E-01
4.80469,106.330,-0.363470E-02
4.80530,106.343,0.738865E-02
4.80591,106.357,-0.322918E-01
4.80652,106.370,-0.102298E-02
4.80713,106.384,0.287096E-01
4.80774,106.397,0.855455E-02
4.80835,106.411,0.272003E-01
4.80896,106.424,-0.958106E-02
4.80957,106.438,0.252893E-02
4.81018,106.451,-0.394969E-02
4.81079,106.465,-0.201268E-02
4.81140,106.478,-0.179015E-01
4.81201,106.492,0.211193E-01
4.81262,106.505,0.610523E-02
4.81323,106.519,0.157977E-01
4.81384,106.532,-0.102531E-01
4.81445,106.546,-0.216150E-01
4.81506,106.559,-0.604257E-02
4.81567,106.573,0.266183E-02
4.81628,106.586,-0.148305E-01
4.81689,106.600,-0.118528E-01
4.81750,106.613,-0.153411E-01
4.81812,106.627,-0.329376E-01
4.81873,106.640,0.215663E-02
4.81934,106.654,-0.149723E-01
4.81995,106.667,0.377752E-01
4.82056,106.681,-0.376473E-04
4.82117,106.694,0.939062E-04
4.82178,106.708,0.146854E-01
4.82239,106.721,-0.119932E-02
4.82300,106.735,0.994291E-02
4.82361,106.748,0.295662E-02
4.82422,106.762,0.923623E-02
4.82483,106.775,-0.471697E-02
4.82544,106.789,-0.270522E-02
4.82605,106.802,-0.257361E-01
4.82666,106.816,0.130654E-01
4.82727,106.829,-0.699969E-03
4.82788,106.843,0.295523E-01
4.82849,106.856,0.137160E-01
4.82910,106.870,0.328086E-01
4.82971,106.883,0.890461E-03
4.83032,106.897,-0.449776E-01
4.83093,106.910,0.358375E-03
4.83154,106.924,-0.974321E-02
4.83215,106.937,0.115050E-01
4.83276,106.951,-0.149940E-02
4.83337,106.964,-0.956868E-02
4.83398,106.978,0.843083E-02
4.83459,106.991,0.391649E-02
4.83521,107.005,0.313420E-01
4.83582,107.018,0.110548E-01
4.83643,107.032,0.544790E-02
4.83704,107.045,0.685109E-02
4.83765,107.059,-0.146312E-01
4.83826,107.072,0.127655E-01
4.83887,107.086,0.812033E-02
4.83948,107.099,0.841362E-03
4.84009,107.113,-0.127481E-01
4.84070,107.127,-0.119711E-02
4.84131,107.140,0.126473E-02
4.84192,107.154,-0.612981E-02
4.84253,107.167,-0.259500E-01
4.84314,107.181,-0.220664E-01
4.84375,107.194,-0.298997E-01
4.84436,107.208,0.108965E-01
4.84497,107.221,-0.233977E-02
4.84558,107.235,0.281696E-02
4.84619,107.248,-0.248978E-01
4.84680,107.262,0.136528E-03
4.84741,107.275,-0.647537E-02
4.84802,107.289,-0.436835E-04
4.84863,107.302,0.233547E-02
4.84924,107.316,0.134491E-02
4.84985,107.329,-0.425976E-02
4.85046,107.343,0.137736E-02
4.85107,107.356,-0.979372E-02
4.85168,107.370,0.801761E-02
4.85229,107.383,-0.158405E-03
4.85291,107.397,-0.173625E-01
4.85352,107.410,0.921799E-02
4.85413,107.424,0.981159E-02
4.85474,107.437,-0.818930E-02
4.85535,107.451,0.661982E-02
4.85596,107.464,-0.924115E-02
4.85657,107.478,0.329572E-02
4.85718,107.491,0.198527E-03
4.85779,107.505,-0.104578E-02
4.85840,107.518,0.123019E-01
4.85901,107.532,-0.198498E-01
4.85962,107.545,-0.222659E-01
4.86023,107.559,-0.106150E-01
4.86084,107.572,0.307960E-01
4.86145,107.586,0.374998E-02
4.86206,107.599,0.953438E-02
4.86267,107.613,0.318512E-01
4.86328,107.626,-0.367021E-02
4.86389,107.640,-0.131165E-02
4.86450,107.653,-0.122614E-01
4.86511,107.667,-0.174342E-01
4.86572,107.680,-0.185310E-02
4.86633,107.694,0.870663E-02
4.86694,107.707,0.895408E-02
4.86755,107.721,-0.501002E-01
4.86816,107.734,-0.227621E-01
4.86877,107.748,0.229762E-02
4.86938,107.761,-0.386208E-02
4.87000,107.775,-0.173182E-01
4.87061,107.788,-0.332202E-02
4.87122,107.802,0.259202E-02
4.87183,107.815,0.731153E-02
4.87244,107.829,0.182041E-01
4.87305,107.842,-0.290534E-01
4.87366,107.856,-0.579942E-02
4.87427,107.869,-0.151101E-01
4.87488,107.883,-0.265114E-02
4.87549,107.896,0.120190E-02
4.87610,107.910,0.332285E-02
4.87671,107.923,0.463661E-01
4.87732,107.937,-0.206811E-02
4.87793,107.950,-0.391252E-02
4.87854,107.964,0.354185E-02
4.87915,107.977,-0.196524E-01
4.87976,107.991,0.115221E-01
4.88037,108.004,0.480786E-02
4.88098,108.018,0.341572E-01
4.88159,108.031,-0.459131E-01
4.88220,108.045,-0.269939E-01
4.88281,108.059,-0.186464E-01
4.88342,108.072,-0.539343E-02
4.88403,108.086,0.608316E-02
4.88464,108.099,-0.300341E-02
4.88525,108.113,-0.150083E-02
4.88586,108.126,0.957680E-02
4.88647,108.140,-0.342920E-02
4.88708,108.153,0.446058E-02
4.88770,108.167,-0.105236E-02
4.88831,108.180,-0.206482E-01
4.88892,108.194,0.306785E-02
4.88953,108.207,-0.167861E-01
4.89014,108.221,0.212012E-01
4.89075,108.234,-0.215544E-01
4.89136,108.248,0.674751E-01
4.89197,108.261,-0.135824E-02
4.89258,108.275,0.212996E-01
4.89319,108.288,0.326389E-01
4.89380,108.302,-0.220317E-02
4.89441,108.315,0.475985E-01
4.89502,108.329,-0.556524E-01
4.89563,108.342,0.985447E-02
4.89624,108.356,-0.814997E-02
4.89685,108.369,-0.476288E-01
4.89746,108.383,0.821316E-02
4.89807,108.396,0.270495E-01
4.89868,108.410,0.278287E-01
4.89929,108.423,-0.200047E-01
4.89990,108.437,-0.276744E-03
4.90051,108.450,-0.170141E-01
4.90112,108.464,0.146099E-01
4.90173,108.477,-0.159630E-01
4.90234,108.491,-0.105229E-01
4.90295,108.504,0.614369E-02
4.90356,108.518,-0.653812E-02
4.90417,108.531,-0.169560E-01
4.90479,108.545,0.118536E-01
4.90540,108.558,-0.483375E-02
4.90601,108.572,0.859455E-02
4.90662,108.585,0.502542E-02
4.90723,108.599,0.488007E-01
4.90784,108.612,-0.345310E-02
4.90845,108.626,0.173858E-01
4.90906,108.639,-0.109782E-01
4.90967,108.653,-0.780280E-03
4.91028,108.666,0.106264E-02
4.91089,108.680,0.172927E-01
4.91150,108.693,0.649814E-02
4.91211,108.707,0.145265E-02
4.91272,108.720,0.715967E-03
4.91333,108.734,0.164746E-01
4.91394,108.747,0.832919E-02
4.91455,108.761,-0.199952E-02
4.91516,108.774,-0.839994E-02
4.91577,108.788,0.329692E-02
4.91638,108.801,-0.978534E-02
4.91699,108.815,-0.811225E-02
4.91760,108.828,-0.372229E-02
4.91821,108.842,0.824059E-02
4.91882,108.855,0.168007E-01
4.91943,108.869,0.138322E-01
4.92004,108.882,0.841431E-02
4.92065,108.896,0.730249E-02
4.92126,108.909,0.442888E-02
4.92188,108.923,0.173170E-02
4.92249,108.936,-0.256223E-01
4.92310,108.950,-0.208585E-01
4.92371,108.963,-0.658291E-03
4.92432,108.977,-0.532940E-02
4.92493,108.991,-0.295236E-02
4.92554,109.004,0.160369E-01
4.92615,109.018,-0.257224E-01
4.92676,109.031,0.561661E-03
4.92737,109.045,0.659346E-02
4.92798,109.058,-0.167059E-01
4.92859,109.072,0.177221E-04
4.92920,109.085,0.185096E-02
4.92981,109.099,-0.117675E-01
4.93042,109.112,-0.135164E-01
4.93103,109.126,0.946561E-03
4.93164,109.139,0.813603E-02
4.93225,109.153,0.431268E-02
4.93286,109.166,-0.461651E-02
4.93347,109.180,-0.132863E-02
4.93408,109.193,0.352184E-02
4.93469,109.207,0.178625E-01
4.93530,109.220,0.584594E-02
4.93591,109.234,0.233867E-01
4.93652,109.247,-0.118684E-01
4.93713,109.261,-0.454377E-01
4.93774,109.274,0.121441E-01
4.93835,109.288,-0.959443E-02
4.93896,109.301,0.440347E-02
4.93958,109.315,0.269421E-01
4.94019,109.328,-0.299389E-01
4.94080,109.342,-0.100174E-01
4.94141,109.355,-0.120090E-01
4.94202,109.369,-0.307147E-02
4.94263,109.382,0.272008E-01
4.94324,109.396,-0.174759E-02
4.94385,109.409,-0.206982E-01
4.94446,109.423,-0.149366E-01
4.94507,109.436,0.176427E-01
4.94568,109.450,0.225435E-01
4.94629,109.463,0.753496E-03
4.94690,109.477,-0.122632E-02
4.94751,109.490,0.284597E-02
4.94812,109.504,-0.565888E-02
4.94873,109.517,0.611618E-02
4.94934,109.531,0.162192E-01
4.94995,109.544,0.234337E-03
4.95056,109.558,0.795910E-02
4.95117,109.571,0.144610E-01
4.95178,109.585,0.566913E-02
4.95239,109.598,-0.156197E-01
4.95300,109.612,-0.202729E-01
4.95361,109.625,0.182937E-01
4.95422,109.639,0.169527E-01
4.95483,109.652,-0.662323E-02
4.95544,109.666,-0.229222E-02
4.95605,109.679,-0.135340E-02
4.95667,109.693,-0.398701E-02
4.95728,109.706,0.819208E-03
4.95789,109.720,0.346759E-01
4.95850,109.733,-0.732991E-03
4.95911,109.747,0.539475E-02
4.95972,109.760,0.851708E-02
4.96033,109.774,0.144929E-01
4.96094,109.787,0.573199E-01
4.96155,109.801,-0.130846E-01
4.96216,109.814,-0.149886E-01
4.96277,109.828,0.649992E-02
4.96338,109.841,-0.528510E-02
4.96399,109.855,0.207930E-01
4.96460,109.868,0.113295E-01
4.96521,109.882,0.628223E-02
4.96582,109.896,0.966639E-02
4.96643,109.909,0.406767E-02
4.96704,109.923,0.110361E-01
4.96765,109.936,0.118718E-02
4.96826,109.950,-0.574260E-02
4.96887,109.963,0.298268E-02
4.96948,109.977,0.768034E-05
4.97009,109.990,-0.659213E-01
4.97070,110.004,0.141638E-01
4.97131,110.017,-0.203425E-01
4.97192,110.031,0.630245E-02
4.97253,110.044,0.408427E-01
4.97314,110.058,0.222350E-01
4.97375,110.071,0.463388E-04
4.97437,110.085,0.135095E-02
4.97498,110.098,0.802718E-02
4.97559,110.112,-0.530364E-03
4.97620,110.125,0.240315E-01
4.97681,110.139,0.189865E-02
4.97742,110.152,0.199963E-01
4.97803,110.166,0.268367E-02
4.97864,110.179,0.896363E-02
4.97925,110.193,0.198977E-01
4.97986,110.206,0.334849E-01
4.98047,110.220,-0.645291E-02
4.98108,110.233,0.195761E-01
4.98169,110.247,-0.486763E-01
4.98230,110.260,-0.524055E-02
4.98291,110.274,0.682768E-02
4.98352,110.287,0.578170E-02
4.98413,110.301,-0.655248E-03
4.98474,110.314,0.974782E-02
4.98535,110.328,-0.260819E-01
4.98596,110.341,-0.294346E-02
4.98657,110.355,-0.127447E-01
4.98718,110.368,0.157472E-01
4.98779,110.382,0.225742E-01
4.98840,110.395,-0.200413E-01
4.98901,110.409,0.125188E-04
4.98962,110.422,0.777317E-02
4.99023,110.436,-0.978739E-02
4.99084,110.449,-0.383665E-02
4.99146,110.463,0.107290E-01
4.99207,110.476,0.106783E-01
4.99268,110.490,0.122980E-01
4.99329,110.503,0.111099E-01
4.99390,110.517,0.141599E-01
4.99451,110.530,-0.124648E-01
4.99512,110.544,0.601520E-02
4.99573,110.557,0.624333E-02
4.99634,110.571,0.101779E-01
4.99695,110.584,-0.258766E-02
4.99756,110.598,-0.170569E-01
4.99817,110.611,-0.245201E-02
4.99878,110.625,0.767182E-02
4.99939,110.638,0.935769E-03
5.00000,110.652,-0.802442E-02
