Full_(co)spectra
----------------
natural_frequency_[Hz]_->_from_[1/_averaging_interval]_to_[acquisition_frequency_/_2]
normalized_frequency_[#]->_natural_frequency_*_measuring_height_/_wind_speed
y-axis_->_natural_frequency_*_(co)spectrum_/_(co)variance
acquisition_frequency_[Hz]_=_ 10.000
measuring_height_(z-d)_[m]_=_  3.990
wind_speed_[m+1s-1]_=_  0.514
averaging_interval_[min]_=_     30
tapering_window_=_SQUARED_(no_tapering_forced_by_EddyPro._Tapering_is_only_applied_for_binned_(co)spectra)
,,cov(w_ts)
,,1.6180228914868960E-003
natural_frequency,normalized_frequency,f_nat*cospec(w_ts)
0.610352E-03,0.473728E-02,0.587040E-01
0.122070E-02,0.947455E-02,0.161160
0.183105E-02,0.142118E-01,0.705923E-02
0.244141E-02,0.189491E-01,0.446220
0.305176E-02,0.236864E-01,-0.551866E-01
0.366211E-02,0.284237E-01,0.123702
0.427246E-02,0.331609E-01,0.153122E-01
0.488281E-02,0.378982E-01,-0.116308E-03
0.549316E-02,0.426355E-01,-0.546476E-01
0.610352E-02,0.473728E-01,0.191947E-01
0.671387E-02,0.521100E-01,0.901206E-01
0.732422E-02,0.568473E-01,0.638812E-01
0.793457E-02,0.615846E-01,0.261603
0.854492E-02,0.663219E-01,0.648145E-01
0.915527E-02,0.710591E-01,0.776558E-01
0.976562E-02,0.757964E-01,0.227918E-01
0.103760E-01,0.805337E-01,0.307225
0.109863E-01,0.852710E-01,0.846377
0.115967E-01,0.900082E-01,0.224082
0.122070E-01,0.947455E-01,0.678166
0.128174E-01,0.994828E-01,0.132663E-01
0.134277E-01,0.104220,0.576771E-01
0.140381E-01,0.108957,0.159303E-01
0.146484E-01,0.113695,0.776621E-01
0.152588E-01,0.118432,-0.801671E-01
0.158691E-01,0.123169,0.861693
0.164795E-01,0.127906,0.520994
0.170898E-01,0.132644,-0.368640E-01
0.177002E-01,0.137381,0.187484
0.183105E-01,0.142118,0.150151
0.189209E-01,0.146856,-0.263276E-01
0.195312E-01,0.151593,0.196535
0.201416E-01,0.156330,0.443106E-01
0.207520E-01,0.161067,-0.901899E-01
0.213623E-01,0.165805,0.449489
0.219727E-01,0.170542,-0.513950E-01
0.225830E-01,0.175279,0.193212
0.231934E-01,0.180016,0.174301
0.238037E-01,0.184754,1.58872
0.244141E-01,0.189491,0.513273E-01
0.250244E-01,0.194228,0.170021
0.256348E-01,0.198966,0.454837
0.262451E-01,0.203703,0.513355
0.268555E-01,0.208440,-0.117207
0.274658E-01,0.213177,0.313488E-01
0.280762E-01,0.217915,0.947647
0.286865E-01,0.222652,0.505473E-01
0.292969E-01,0.227389,-0.589492E-01
0.299072E-01,0.232126,0.984760E-01
0.305176E-01,0.236864,0.385607
0.311279E-01,0.241601,0.132350E-01
0.317383E-01,0.246338,-0.629158E-01
0.323486E-01,0.251076,0.297651
0.329590E-01,0.255813,0.283219
0.335693E-01,0.260550,0.241676
0.341797E-01,0.265287,0.376343E-01
0.347900E-01,0.270025,0.945361E-01
0.354004E-01,0.274762,0.175563
0.360107E-01,0.279499,0.218542
0.366211E-01,0.284237,0.116061
0.372314E-01,0.288974,0.681544E-01
0.378418E-01,0.293711,0.148415
0.384521E-01,0.298448,0.312725
0.390625E-01,0.303186,0.877167E-01
0.396729E-01,0.307923,0.105476
0.402832E-01,0.312660,1.26136
0.408936E-01,0.317397,0.135663
0.415039E-01,0.322135,0.510144
0.421143E-01,0.326872,0.637154E-02
0.427246E-01,0.331609,1.27798
0.433350E-01,0.336347,0.496015E-01
0.439453E-01,0.341084,0.100146
0.445557E-01,0.345821,0.500924
0.451660E-01,0.350558,0.159355E-01
0.457764E-01,0.355296,0.322047
0.463867E-01,0.360033,0.246057E-01
0.469971E-01,0.364770,0.730080E-01
0.476074E-01,0.369507,-0.796435E-01
0.482178E-01,0.374245,0.299955
0.488281E-01,0.378982,0.103849
0.494385E-01,0.383719,0.670215E-01
0.500488E-01,0.388457,0.174673
0.506592E-01,0.393194,0.279455
0.512695E-01,0.397931,0.293269
0.518799E-01,0.402668,0.144458E-01
0.524902E-01,0.407406,0.244800
0.531006E-01,0.412143,0.205709
0.537109E-01,0.416880,0.198209E-01
0.543213E-01,0.421618,0.280822E-01
0.549316E-01,0.426355,0.336750
0.555420E-01,0.431092,0.342193E-01
0.561523E-01,0.435829,0.208905
0.567627E-01,0.440567,0.233758E-02
0.573730E-01,0.445304,0.148190
0.579834E-01,0.450041,0.201196
0.585938E-01,0.454778,0.115816
0.592041E-01,0.459516,0.931039E-01
0.598145E-01,0.464253,-0.675876E-01
0.604248E-01,0.468990,0.949734E-01
0.610352E-01,0.473728,-0.240200
0.616455E-01,0.478465,0.221986E-02
0.622559E-01,0.483202,0.356737
0.628662E-01,0.487939,-0.248639E-02
0.634766E-01,0.492677,0.222100
0.640869E-01,0.497414,0.296304
0.646973E-01,0.502151,-0.496030E-01
0.653076E-01,0.506888,0.144818
0.659180E-01,0.511626,0.260010E-01
0.665283E-01,0.516363,0.877516E-01
0.671387E-01,0.521100,0.751775E-01
0.677490E-01,0.525838,-0.407361E-02
0.683594E-01,0.530575,0.314541E-01
0.689697E-01,0.535312,0.416228
0.695801E-01,0.540049,0.213569E-01
0.701904E-01,0.544787,0.244715
0.708008E-01,0.549524,0.703390
0.714111E-01,0.554261,0.621923E-01
0.720215E-01,0.558998,0.363570
0.726318E-01,0.563736,0.735679E-01
0.732422E-01,0.568473,0.196383
0.738525E-01,0.573210,0.161695E-01
0.744629E-01,0.577948,0.184938
0.750732E-01,0.582685,0.381326
0.756836E-01,0.587422,0.375776E-01
0.762939E-01,0.592159,0.541732
0.769043E-01,0.596897,0.100838
0.775146E-01,0.601634,0.174697E-02
0.781250E-01,0.606371,0.120670
0.787354E-01,0.611109,0.167139
0.793457E-01,0.615846,0.201453
0.799561E-01,0.620583,-0.311929E-03
0.805664E-01,0.625320,0.480981
0.811768E-01,0.630058,0.583065
0.817871E-01,0.634795,-0.118632
0.823975E-01,0.639532,0.154556
0.830078E-01,0.644269,0.191689
0.836182E-01,0.649007,0.536960E-01
0.842285E-01,0.653744,0.380357
0.848389E-01,0.658481,-0.169296E-01
0.854492E-01,0.663219,0.492349E-01
0.860596E-01,0.667956,0.179983E-01
0.866699E-01,0.672693,0.282045
0.872803E-01,0.677430,-0.502752E-01
0.878906E-01,0.682168,0.716595
0.885010E-01,0.686905,0.311999E-01
0.891113E-01,0.691642,0.406891E-01
0.897217E-01,0.696379,0.501016E-01
0.903320E-01,0.701117,0.556693E-01
0.909424E-01,0.705854,0.321225
0.915527E-01,0.710591,0.135079
0.921631E-01,0.715329,0.254498
0.927734E-01,0.720066,-0.458406E-02
0.933838E-01,0.724803,-0.345572E-01
0.939941E-01,0.729540,0.347849
0.946045E-01,0.734278,0.453413E-01
0.952148E-01,0.739015,0.156940
0.958252E-01,0.743752,1.17678
0.964355E-01,0.748490,-0.159612E-01
0.970459E-01,0.753227,0.546202E-01
0.976562E-01,0.757964,0.618003E-01
0.982666E-01,0.762701,0.197646
0.988770E-01,0.767439,-0.335779E-01
0.994873E-01,0.772176,-0.826622E-01
0.100098,0.776913,-0.107796
0.100708,0.781650,0.447854
0.101318,0.786388,-0.185344
0.101929,0.791125,0.544706E-02
0.102539,0.795862,0.589404
0.103149,0.800600,0.428904
0.103760,0.805337,0.865677
0.104370,0.810074,0.372350E-01
0.104980,0.814811,0.300856
0.105591,0.819549,0.413766
0.106201,0.824286,0.232887
0.106812,0.829023,0.310337E-01
0.107422,0.833760,-0.192620
0.108032,0.838498,0.589676
0.108643,0.843235,0.273769
0.109253,0.847972,0.351514
0.109863,0.852710,0.451456
0.110474,0.857447,0.213623
0.111084,0.862184,0.193537
0.111694,0.866921,-0.625081E-02
0.112305,0.871659,0.196650
0.112915,0.876396,0.345940
0.113525,0.881133,-0.683356E-01
0.114136,0.885870,0.205532E-01
0.114746,0.890608,0.114244
0.115356,0.895345,0.822027E-02
0.115967,0.900082,0.225116E-01
0.116577,0.904820,0.217398E-01
0.117188,0.909557,0.615727E-02
0.117798,0.914294,-0.897704E-01
0.118408,0.919031,0.491903
0.119019,0.923769,0.298238
0.119629,0.928506,0.157523E-01
0.120239,0.933243,0.207828
0.120850,0.937981,0.247353
0.121460,0.942718,0.516031E-01
0.122070,0.947455,0.323348
0.122681,0.952192,0.357097
0.123291,0.956930,-0.155802E-01
0.123901,0.961667,0.737919E-01
0.124512,0.966404,0.776548E-02
0.125122,0.971141,0.241331
0.125732,0.975879,0.462135E-01
0.126343,0.980616,0.453949E-02
0.126953,0.985353,-0.120361E-01
0.127563,0.990091,0.217240
0.128174,0.994828,0.835708E-01
0.128784,0.999565,0.560099E-01
0.129395,1.00430,0.933132E-01
0.130005,1.00904,0.135593
0.130615,1.01378,-0.230436
0.131226,1.01851,0.100172
0.131836,1.02325,0.486325E-02
0.132446,1.02799,0.856229E-02
0.133057,1.03273,-0.421470E-01
0.133667,1.03746,0.902450E-01
0.134277,1.04220,-0.991971E-01
0.134888,1.04694,0.109469
0.135498,1.05168,0.111458E-01
0.136108,1.05641,-0.155069E-01
0.136719,1.06115,0.305964
0.137329,1.06589,0.392059
0.137939,1.07062,-0.342152E-01
0.138550,1.07536,0.139584
0.139160,1.08010,0.717612E-01
0.139771,1.08484,0.153496
0.140381,1.08957,0.495767E-01
0.140991,1.09431,0.167908
0.141602,1.09905,0.449104
0.142212,1.10379,0.399776E-02
0.142822,1.10852,0.518777E-01
0.143433,1.11326,0.124343
0.144043,1.11800,-0.180004E-01
0.144653,1.12273,-0.297048E-01
0.145264,1.12747,0.858631E-01
0.145874,1.13221,0.327341
0.146484,1.13695,0.204331
0.147095,1.14168,0.160131
0.147705,1.14642,0.559834
0.148315,1.15116,0.198225
0.148926,1.15590,-0.549782E-01
0.149536,1.16063,-0.396297E-01
0.150146,1.16537,0.254871
0.150757,1.17011,0.159040
0.151367,1.17484,0.676057E-01
0.151978,1.17958,0.181170
0.152588,1.18432,-0.570945E-02
0.153198,1.18906,0.451399
0.153809,1.19379,-0.318731E-02
0.154419,1.19853,-0.773960E-01
0.155029,1.20327,0.855335E-01
0.155640,1.20801,0.459048E-01
0.156250,1.21274,0.669729E-01
0.156860,1.21748,-0.160375E-02
0.157471,1.22222,0.127356
0.158081,1.22695,0.605346E-01
0.158691,1.23169,-0.913116E-01
0.159302,1.23643,-0.821454E-01
0.159912,1.24117,0.104137
0.160522,1.24590,-0.104898
0.161133,1.25064,0.163321E-01
0.161743,1.25538,-0.305526E-01
0.162354,1.26012,0.201436E-01
0.162964,1.26485,0.104926
0.163574,1.26959,0.200094E-01
0.164185,1.27433,0.325020
0.164795,1.27906,0.138031
0.165405,1.28380,0.184220
0.166016,1.28854,0.457092
0.166626,1.29328,0.732012E-01
0.167236,1.29801,0.350430
0.167847,1.30275,0.193444
0.168457,1.30749,0.640987
0.169067,1.31223,0.314677E-01
0.169678,1.31696,0.786018E-01
0.170288,1.32170,0.135108
0.170898,1.32644,0.994316E-01
0.171509,1.33117,-0.543896E-01
0.172119,1.33591,-0.181013E-01
0.172729,1.34065,0.245634
0.173340,1.34539,0.714818E-01
0.173950,1.35012,0.420892E-01
0.174561,1.35486,0.204797
0.175171,1.35960,0.180315
0.175781,1.36434,0.146379
0.176392,1.36907,0.547622E-01
0.177002,1.37381,0.595339E-01
0.177612,1.37855,-0.323296E-01
0.178223,1.38328,-0.580823E-02
0.178833,1.38802,-0.338154E-01
0.179443,1.39276,-0.204981E-02
0.180054,1.39750,-0.310033E-01
0.180664,1.40223,0.750033E-01
0.181274,1.40697,-0.352710E-01
0.181885,1.41171,0.106962
0.182495,1.41645,0.426371
0.183105,1.42118,0.329793
0.183716,1.42592,0.259630E-01
0.184326,1.43066,0.919425E-01
0.184937,1.43539,0.371996
0.185547,1.44013,0.440731E-01
0.186157,1.44487,0.212769
0.186768,1.44961,0.447291E-02
0.187378,1.45434,-0.578389E-01
0.187988,1.45908,-0.264420E-01
0.188599,1.46382,-0.407975E-01
0.189209,1.46856,-0.387665E-01
0.189819,1.47329,0.591943E-01
0.190430,1.47803,0.273349
0.191040,1.48277,0.135798
0.191650,1.48750,0.891770E-01
0.192261,1.49224,0.289611
0.192871,1.49698,0.771272E-01
0.193481,1.50172,0.931656E-01
0.194092,1.50645,0.314580E-01
0.194702,1.51119,0.185893E-01
0.195312,1.51593,0.165343E-01
0.195923,1.52067,0.426478
0.196533,1.52540,-0.187587E-01
0.197144,1.53014,0.150076
0.197754,1.53488,0.986444E-02
0.198364,1.53961,0.665136E-01
0.198975,1.54435,-0.577308E-02
0.199585,1.54909,0.164433
0.200195,1.55383,0.527811
0.200806,1.55856,0.223674
0.201416,1.56330,-0.482464E-01
0.202026,1.56804,0.682604E-01
0.202637,1.57278,0.445426
0.203247,1.57751,-0.540298E-01
0.203857,1.58225,0.275396
0.204468,1.58699,0.402374E-01
0.205078,1.59172,-0.685158E-02
0.205688,1.59646,-0.689226E-01
0.206299,1.60120,0.169520
0.206909,1.60594,0.163365
0.207520,1.61067,0.195464E-01
0.208130,1.61541,-0.795167E-02
0.208740,1.62015,-0.444203E-01
0.209351,1.62489,0.594297E-01
0.209961,1.62962,0.188704
0.210571,1.63436,0.895827E-01
0.211182,1.63910,0.287024E-01
0.211792,1.64383,0.188781
0.212402,1.64857,0.369431E-02
0.213013,1.65331,0.951557E-03
0.213623,1.65805,0.362315E-01
0.214233,1.66278,0.487891E-03
0.214844,1.66752,-0.195389E-01
0.215454,1.67226,0.433403E-01
0.216064,1.67700,0.233231
0.216675,1.68173,0.348344E-01
0.217285,1.68647,0.155509
0.217896,1.69121,0.250893E-01
0.218506,1.69594,0.235389
0.219116,1.70068,0.433559E-01
0.219727,1.70542,0.828236E-01
0.220337,1.71016,0.111011
0.220947,1.71489,-0.927638E-01
0.221558,1.71963,0.136427
0.222168,1.72437,0.113946
0.222778,1.72911,-0.562504E-01
0.223389,1.73384,0.220155E-01
0.223999,1.73858,0.141279
0.224609,1.74332,-0.516407E-02
0.225220,1.74805,0.705289E-02
0.225830,1.75279,0.319118E-01
0.226440,1.75753,-0.673894E-02
0.227051,1.76227,0.222559
0.227661,1.76700,-0.587019E-01
0.228271,1.77174,-0.266230E-01
0.228882,1.77648,0.573310E-01
0.229492,1.78122,0.113637
0.230103,1.78595,0.144648
0.230713,1.79069,-0.194092
0.231323,1.79543,0.257949E-01
0.231934,1.80016,0.106020E-01
0.232544,1.80490,0.368314E-02
0.233154,1.80964,-0.110166
0.233765,1.81438,0.339763E-01
0.234375,1.81911,0.448844
0.234985,1.82385,0.112974
0.235596,1.82859,0.682252E-01
0.236206,1.83333,0.104958
0.236816,1.83806,0.108554
0.237427,1.84280,0.266399
0.238037,1.84754,0.690921E-02
0.238647,1.85227,0.864346E-01
0.239258,1.85701,0.257390
0.239868,1.86175,0.149590E-01
0.240479,1.86649,0.535486E-01
0.241089,1.87122,-0.937138E-01
0.241699,1.87596,0.318422
0.242310,1.88070,0.153905
0.242920,1.88544,0.275574E-01
0.243530,1.89017,0.104987
0.244141,1.89491,-0.462603E-01
0.244751,1.89965,-0.866887E-02
0.245361,1.90438,0.952190E-01
0.245972,1.90912,0.271853E-01
0.246582,1.91386,-0.393894E-01
0.247192,1.91860,0.186714
0.247803,1.92333,0.207102
0.248413,1.92807,0.167479
0.249023,1.93281,0.107478
0.249634,1.93755,0.115775
0.250244,1.94228,-0.768567E-01
0.250854,1.94702,0.185295
0.251465,1.95176,0.209310
0.252075,1.95649,-0.659494E-01
0.252686,1.96123,0.794304E-01
0.253296,1.96597,0.140410
0.253906,1.97071,0.395423E-01
0.254517,1.97544,0.597277E-01
0.255127,1.98018,0.148988
0.255737,1.98492,0.471240E-01
0.256348,1.98966,0.403366E-01
0.256958,1.99439,0.217845
0.257568,1.99913,0.132471
0.258179,2.00387,-0.454302E-01
0.258789,2.00860,-0.937694E-01
0.259399,2.01334,0.306713
0.260010,2.01808,0.516733E-01
0.260620,2.02282,0.490417E-01
0.261230,2.02755,0.155478E-01
0.261841,2.03229,-0.938440E-01
0.262451,2.03703,-0.123483
0.263062,2.04177,0.986000E-01
0.263672,2.04650,-0.159136
0.264282,2.05124,0.184765E-01
0.264893,2.05598,0.297782E-01
0.265503,2.06071,0.246268
0.266113,2.06545,0.319929
0.266724,2.07019,-0.739401E-01
0.267334,2.07493,0.317016E-01
0.267944,2.07966,0.365784E-01
0.268555,2.08440,0.278491
0.269165,2.08914,0.250586E-01
0.269775,2.09388,0.155389
0.270386,2.09861,0.987988E-01
0.270996,2.10335,0.668252E-01
0.271606,2.10809,-0.411691E-01
0.272217,2.11282,-0.247222E-03
0.272827,2.11756,0.136433
0.273438,2.12230,0.534169E-01
0.274048,2.12704,0.246194E-01
0.274658,2.13177,0.117111E-02
0.275269,2.13651,-0.120788E-01
0.275879,2.14125,0.164600
0.276489,2.14599,0.143759
0.277100,2.15072,0.636374
0.277710,2.15546,0.246780
0.278320,2.16020,-0.730474E-02
0.278931,2.16493,0.982861E-01
0.279541,2.16967,0.302225E-01
0.280151,2.17441,0.648417E-01
0.280762,2.17915,-0.418634E-01
0.281372,2.18388,0.251910
0.281982,2.18862,0.602566E-01
0.282593,2.19336,0.540372E-01
0.283203,2.19810,0.949005E-03
0.283813,2.20283,-0.488286E-01
0.284424,2.20757,0.597947E-01
0.285034,2.21231,0.371606E-02
0.285645,2.21704,0.327788E-01
0.286255,2.22178,0.164425E-03
0.286865,2.22652,-0.190253
0.287476,2.23126,0.804075E-01
0.288086,2.23599,0.408752E-01
0.288696,2.24073,0.122131
0.289307,2.24547,0.717767E-01
0.289917,2.25021,0.146368
0.290527,2.25494,0.216248
0.291138,2.25968,0.363322E-01
0.291748,2.26442,0.167141
0.292358,2.26915,0.298721
0.292969,2.27389,0.976765E-01
0.293579,2.27863,0.115901
0.294189,2.28337,0.499623E-02
0.294800,2.28810,0.314439E-03
0.295410,2.29284,0.725716
0.296021,2.29758,0.263682E-02
0.296631,2.30232,0.443248E-01
0.297241,2.30705,-0.162324E-01
0.297852,2.31179,-0.150604E-01
0.298462,2.31653,0.195193E-01
0.299072,2.32126,0.855376E-01
0.299683,2.32600,0.796855E-02
0.300293,2.33074,-0.160623E-01
0.300903,2.33548,-0.364643E-01
0.301514,2.34021,0.231061E-01
0.302124,2.34495,-0.223359E-02
0.302734,2.34969,-0.485314E-02
0.303345,2.35443,0.192141
0.303955,2.35916,0.258825
0.304565,2.36390,0.272285
0.305176,2.36864,0.482992
0.305786,2.37337,0.153356
0.306396,2.37811,0.652925E-01
0.307007,2.38285,0.131016
0.307617,2.38759,0.375989
0.308228,2.39232,0.553074E-01
0.308838,2.39706,-0.371883E-01
0.309448,2.40180,0.378083E-01
0.310059,2.40654,0.120084
0.310669,2.41127,-0.125403E-01
0.311279,2.41601,0.218173E-01
0.311890,2.42075,0.132875E-01
0.312500,2.42548,0.770599E-01
0.313110,2.43022,0.400075E-02
0.313721,2.43496,0.271776E-01
0.314331,2.43970,0.637593E-01
0.314941,2.44443,0.541062E-01
0.315552,2.44917,0.880723E-02
0.316162,2.45391,0.686359E-01
0.316772,2.45865,0.115579
0.317383,2.46338,0.643680E-01
0.317993,2.46812,-0.103238E-01
0.318604,2.47286,0.147778
0.319214,2.47760,0.317671E-01
0.319824,2.48233,0.691046E-01
0.320435,2.48707,0.349508E-01
0.321045,2.49181,0.234020
0.321655,2.49654,0.595590E-01
0.322266,2.50128,-0.151004E-01
0.322876,2.50602,0.373558
0.323486,2.51076,0.533761E-01
0.324097,2.51549,-0.599765E-01
0.324707,2.52023,-0.145827E-01
0.325317,2.52497,0.562209E-01
0.325928,2.52971,0.165922E-01
0.326538,2.53444,0.409937
0.327148,2.53918,0.501936E-01
0.327759,2.54392,-0.220882E-01
0.328369,2.54865,0.309933
0.328979,2.55339,-0.635066E-02
0.329590,2.55813,-0.529159E-02
0.330200,2.56287,0.916311E-01
0.330811,2.56760,0.152921E-01
0.331421,2.57234,0.200135E-01
0.332031,2.57708,0.363913
0.332642,2.58182,0.104702
0.333252,2.58655,0.190738E-01
0.333862,2.59129,0.217603E-01
0.334473,2.59603,0.125188
0.335083,2.60076,0.204451E-01
0.335693,2.60550,0.631883E-01
0.336304,2.61024,0.134904
0.336914,2.61498,0.311029E-01
0.337524,2.61971,-0.418607E-01
0.338135,2.62445,-0.426694E-02
0.338745,2.62919,0.444030E-02
0.339355,2.63393,0.156800
0.339966,2.63866,0.531589E-01
0.340576,2.64340,-0.347916E-01
0.341187,2.64814,-0.108244
0.341797,2.65287,-0.972379E-01
0.342407,2.65761,0.423431E-01
0.343018,2.66235,0.526052E-01
0.343628,2.66709,-0.145306E-01
0.344238,2.67182,0.750969E-01
0.344849,2.67656,0.920621E-01
0.345459,2.68130,-0.474205E-01
0.346069,2.68604,0.644155E-01
0.346680,2.69077,0.124640
0.347290,2.69551,0.773155E-02
0.347900,2.70025,-0.212181E-01
0.348511,2.70498,0.564998E-01
0.349121,2.70972,0.841435E-01
0.349731,2.71446,0.438317
0.350342,2.71920,0.375047E-02
0.350952,2.72393,0.467533E-01
0.351562,2.72867,0.595135E-01
0.352173,2.73341,-0.103105
0.352783,2.73815,0.200131
0.353394,2.74288,0.295265E-01
0.354004,2.74762,0.529702E-01
0.354614,2.75236,0.176642
0.355225,2.75709,0.125586
0.355835,2.76183,0.215435E-01
0.356445,2.76657,0.720829E-01
0.357056,2.77131,0.179188E-02
0.357666,2.77604,-0.381138E-02
0.358276,2.78078,0.229682E-02
0.358887,2.78552,0.482416E-01
0.359497,2.79026,0.249420
0.360107,2.79499,-0.360407E-01
0.360718,2.79973,-0.451857E-02
0.361328,2.80447,0.452411E-01
0.361938,2.80920,-0.270528E-01
0.362549,2.81394,0.180670
0.363159,2.81868,0.581242E-01
0.363770,2.82342,0.723138E-01
0.364380,2.82815,-0.401710E-03
0.364990,2.83289,0.346720E-01
0.365601,2.83763,-0.171877
0.366211,2.84237,0.130393
0.366821,2.84710,0.117137E-01
0.367432,2.85184,0.398174E-01
0.368042,2.85658,0.117506
0.368652,2.86131,-0.396515E-01
0.369263,2.86605,0.714808E-01
0.369873,2.87079,0.343619E-01
0.370483,2.87553,-0.515019E-02
0.371094,2.88026,0.210837E-02
0.371704,2.88500,-0.113403E-01
0.372314,2.88974,0.127742
0.372925,2.89448,0.120061
0.373535,2.89921,-0.345231E-01
0.374146,2.90395,0.303455
0.374756,2.90869,0.295710E-02
0.375366,2.91342,0.931043E-01
0.375977,2.91816,0.490328E-01
0.376587,2.92290,-0.373769E-01
0.377197,2.92764,0.680123E-01
0.377808,2.93237,0.215974
0.378418,2.93711,-0.849252E-02
0.379028,2.94185,0.259545E-01
0.379639,2.94659,-0.150493E-01
0.380249,2.95132,0.916421E-01
0.380859,2.95606,0.218472
0.381470,2.96080,-0.778100E-01
0.382080,2.96553,0.290373
0.382690,2.97027,-0.524770E-01
0.383301,2.97501,0.316009E-01
0.383911,2.97975,0.117318
0.384521,2.98448,0.228521E-02
0.385132,2.98922,0.306591E-01
0.385742,2.99396,0.468015E-01
0.386353,2.99870,-0.211233E-01
0.386963,3.00343,0.152296
0.387573,3.00817,0.199051E-01
0.388184,3.01291,0.134716E-01
0.388794,3.01764,-0.601053E-02
0.389404,3.02238,0.757443E-02
0.390015,3.02712,0.110565
0.390625,3.03186,-0.455445E-02
0.391235,3.03659,-0.391516E-01
0.391846,3.04133,0.158381
0.392456,3.04607,0.316394
0.393066,3.05081,0.161930
0.393677,3.05554,-0.174375E-01
0.394287,3.06028,0.117942
0.394897,3.06502,0.201828
0.395508,3.06975,0.285090E-01
0.396118,3.07449,0.300320E-01
0.396729,3.07923,0.162403E-01
0.397339,3.08397,0.595912E-01
0.397949,3.08870,0.208005
0.398560,3.09344,0.215403
0.399170,3.09818,0.224281E-01
0.399780,3.10292,0.117471
0.400391,3.10765,-0.960593E-01
0.401001,3.11239,-0.119225
0.401611,3.11713,0.614637E-01
0.402222,3.12186,0.485251E-01
0.402832,3.12660,0.131087
0.403442,3.13134,-0.548528E-01
0.404053,3.13608,0.117496
0.404663,3.14081,-0.424680E-02
0.405273,3.14555,-0.395563E-02
0.405884,3.15029,-0.750859E-02
0.406494,3.15503,-0.926125E-02
0.407104,3.15976,-0.123501
0.407715,3.16450,-0.314091E-01
0.408325,3.16924,0.223629
0.408936,3.17397,0.105508
0.409546,3.17871,0.187154E-01
0.410156,3.18345,0.262919
0.410767,3.18819,0.253530
0.411377,3.19292,0.204515E-01
0.411987,3.19766,0.156228
0.412598,3.20240,-0.186919E-01
0.413208,3.20714,-0.283229E-01
0.413818,3.21187,0.585186E-01
0.414429,3.21661,-0.578100E-01
0.415039,3.22135,-0.362809E-01
0.415649,3.22608,0.133755
0.416260,3.23082,0.285086
0.416870,3.23556,-0.109455E-01
0.417480,3.24030,0.119694
0.418091,3.24503,0.262120
0.418701,3.24977,0.161240E-03
0.419312,3.25451,0.104826
0.419922,3.25925,0.175316E-01
0.420532,3.26398,0.263797E-01
0.421143,3.26872,0.117903
0.421753,3.27346,0.160488
0.422363,3.27819,0.550006E-01
0.422974,3.28293,0.328968
0.423584,3.28767,0.170739E-02
0.424194,3.29241,0.130806
0.424805,3.29714,0.580280E-01
0.425415,3.30188,0.667520E-02
0.426025,3.30662,-0.450435E-02
0.426636,3.31136,0.178188
0.427246,3.31609,0.351704E-01
0.427856,3.32083,-0.252050E-02
0.428467,3.32557,0.527216E-02
0.429077,3.33030,0.163444
0.429688,3.33504,-0.157182E-01
0.430298,3.33978,-0.140521
0.430908,3.34452,-0.362416E-01
0.431519,3.34925,-0.335836E-01
0.432129,3.35399,0.472252E-03
0.432739,3.35873,0.102177
0.433350,3.36347,-0.151873
0.433960,3.36820,-0.497899E-02
0.434570,3.37294,0.771821E-02
0.435181,3.37768,-0.235039E-02
0.435791,3.38241,0.348377E-01
0.436401,3.38715,0.723706E-01
0.437012,3.39189,0.998243E-02
0.437622,3.39663,-0.366488E-01
0.438232,3.40136,0.133305E-01
0.438843,3.40610,0.252818E-01
0.439453,3.41084,0.498666
0.440063,3.41558,0.122048
0.440674,3.42031,-0.119677E-01
0.441284,3.42505,-0.120782E-02
0.441895,3.42979,0.622370E-01
0.442505,3.43452,0.555778E-01
0.443115,3.43926,0.103869
0.443726,3.44400,0.113655E-01
0.444336,3.44874,-0.445051E-02
0.444946,3.45347,-0.251638E-01
0.445557,3.45821,0.143426
0.446167,3.46295,0.115654
0.446777,3.46769,-0.219253E-01
0.447388,3.47242,0.747289E-01
0.447998,3.47716,0.221071E-02
0.448608,3.48190,0.206341E-01
0.449219,3.48663,0.255988E-01
0.449829,3.49137,0.110064E-01
0.450439,3.49611,0.370393E-01
0.451050,3.50085,-0.287490E-01
0.451660,3.50558,0.167679
0.452271,3.51032,0.360726E-01
0.452881,3.51506,0.173271
0.453491,3.51980,-0.749479E-01
0.454102,3.52453,0.683181E-01
0.454712,3.52927,-0.621129E-01
0.455322,3.53401,-0.101001E-02
0.455933,3.53874,0.555540E-02
0.456543,3.54348,0.963397E-01
0.457153,3.54822,0.551169E-01
0.457764,3.55296,0.128591
0.458374,3.55769,0.134669
0.458984,3.56243,0.355133E-01
0.459595,3.56717,0.217611E-03
0.460205,3.57191,0.539800E-02
0.460815,3.57664,0.921788E-01
0.461426,3.58138,0.377401E-01
0.462036,3.58612,0.290410E-01
0.462646,3.59085,0.463857E-02
0.463257,3.59559,0.763085E-01
0.463867,3.60033,0.782219E-01
0.464478,3.60507,0.193655E-01
0.465088,3.60980,0.106727
0.465698,3.61454,0.145126E-01
0.466309,3.61928,0.109066E-01
0.466919,3.62402,0.490229E-01
0.467529,3.62875,0.581741E-01
0.468140,3.63349,0.791229E-01
0.468750,3.63823,-0.257121E-01
0.469360,3.64296,0.469845E-01
0.469971,3.64770,-0.256305E-01
0.470581,3.65244,-0.469133E-01
0.471191,3.65718,0.331780E-01
0.471802,3.66191,0.597960E-01
0.472412,3.66665,0.185229E-02
0.473022,3.67139,-0.576825E-01
0.473633,3.67613,0.220874
0.474243,3.68086,0.644609E-01
0.474854,3.68560,0.146904
0.475464,3.69034,0.503041E-02
0.476074,3.69507,0.998022E-01
0.476685,3.69981,0.156978E-01
0.477295,3.70455,0.164947
0.477905,3.70929,0.638099E-01
0.478516,3.71402,-0.757504E-01
0.479126,3.71876,0.183944
0.479736,3.72350,0.146676
0.480347,3.72824,0.553295E-01
0.480957,3.73297,0.688020E-02
0.481567,3.73771,0.174100E-01
0.482178,3.74245,-0.295523E-01
0.482788,3.74718,0.294130
0.483398,3.75192,-0.601954E-02
0.484009,3.75666,0.834548E-01
0.484619,3.76140,-0.335561E-02
0.485229,3.76613,0.391829E-01
0.485840,3.77087,-0.112043
0.486450,3.77561,-0.629825E-02
0.487061,3.78035,0.706518E-01
0.487671,3.78508,0.501156E-01
0.488281,3.78982,0.175651
0.488892,3.79456,0.618457E-01
0.489502,3.79929,0.230330
0.490112,3.80403,-0.299632E-01
0.490723,3.80877,0.174584E-01
0.491333,3.81351,0.781240E-01
0.491943,3.81824,0.842473E-01
0.492554,3.82298,-0.891374E-01
0.493164,3.82772,-0.106322E-02
0.493774,3.83246,0.138921
0.494385,3.83719,-0.134699
0.494995,3.84193,-0.314645E-01
0.495605,3.84667,0.166952E-01
0.496216,3.85140,0.893923E-01
0.496826,3.85614,0.183501
0.497437,3.86088,0.145528
0.498047,3.86562,0.171619
0.498657,3.87035,0.116229
0.499268,3.87509,-0.432886E-01
0.499878,3.87983,-0.483626E-01
0.500488,3.88457,-0.430019E-01
0.501099,3.88930,0.405476E-01
0.501709,3.89404,0.693896E-01
0.502319,3.89878,0.722068E-01
0.502930,3.90351,0.175205E-01
0.503540,3.90825,0.305049E-01
0.504150,3.91299,0.700188E-02
0.504761,3.91773,0.208059E-01
0.505371,3.92246,0.339798
0.505981,3.92720,0.306316E-01
0.506592,3.93194,-0.213078E-02
0.507202,3.93668,0.210263E-01
0.507812,3.94141,0.952916E-01
0.508423,3.94615,0.188252
0.509033,3.95089,-0.125065E-01
0.509644,3.95562,0.932042E-01
0.510254,3.96036,-0.516776E-01
0.510864,3.96510,-0.283710E-02
0.511475,3.96984,-0.309940E-01
0.512085,3.97457,0.161087
0.512695,3.97931,0.256677E-01
0.513306,3.98405,0.603309E-01
0.513916,3.98879,0.154991E-03
0.514526,3.99352,-0.134184E-01
0.515137,3.99826,-0.735595E-01
0.515747,4.00300,0.102240E-01
0.516357,4.00773,0.394011E-02
0.516968,4.01247,-0.146279E-01
0.517578,4.01721,-0.572033E-02
0.518188,4.02195,0.169814E-01
0.518799,4.02668,0.170951
0.519409,4.03142,0.384122E-01
0.520020,4.03616,0.213940E-01
0.520630,4.04090,0.224647E-02
0.521240,4.04563,-0.161852E-01
0.521851,4.05037,0.840334E-01
0.522461,4.05511,0.177826
0.523071,4.05984,-0.232476E-01
0.523682,4.06458,0.795968E-01
0.524292,4.06932,-0.169417E-02
0.524902,4.07406,0.107058
0.525513,4.07879,0.654036E-01
0.526123,4.08353,0.237787E-01
0.526733,4.08827,0.592053E-01
0.527344,4.09301,0.231220
0.527954,4.09774,-0.210615E-02
0.528564,4.10248,0.175542
0.529175,4.10722,-0.425893E-02
0.529785,4.11196,0.117493
0.530396,4.11669,0.368840E-01
0.531006,4.12143,0.355518E-02
0.531616,4.12617,-0.278905E-01
0.532227,4.13090,-0.214532E-01
0.532837,4.13564,0.209538E-01
0.533447,4.14038,-0.605032E-01
0.534058,4.14512,0.110321E-01
0.534668,4.14985,0.163122E-01
0.535278,4.15459,0.878897E-01
0.535889,4.15933,0.392094E-01
0.536499,4.16407,0.143668E-01
0.537109,4.16880,-0.543633E-02
0.537720,4.17354,0.623279E-01
0.538330,4.17828,0.478629E-01
0.538940,4.18301,0.685465E-01
0.539551,4.18775,-0.240015E-02
0.540161,4.19249,0.570477E-01
0.540771,4.19723,-0.296328E-01
0.541382,4.20196,0.459870E-01
0.541992,4.20670,0.126435
0.542603,4.21144,0.337475E-01
0.543213,4.21618,-0.716418E-01
0.543823,4.22091,0.708683E-01
0.544434,4.22565,-0.964678E-02
0.545044,4.23039,0.438003E-01
0.545654,4.23512,0.120927
0.546265,4.23986,0.456538E-01
0.546875,4.24460,-0.264162E-01
0.547485,4.24934,-0.120216E-01
0.548096,4.25407,-0.302313E-01
0.548706,4.25881,0.258064E-02
0.549316,4.26355,-0.219764E-01
0.549927,4.26829,0.136899
0.550537,4.27302,0.198431E-01
0.551147,4.27776,0.967973E-01
0.551758,4.28250,0.104801E-01
0.552368,4.28723,0.925934E-01
0.552979,4.29197,0.772096E-02
0.553589,4.29671,0.896921E-02
0.554199,4.30145,0.164171E-01
0.554810,4.30618,-0.328294E-01
0.555420,4.31092,0.137639E-01
0.556030,4.31566,-0.504961E-01
0.556641,4.32040,-0.228195E-01
0.557251,4.32513,0.862278E-04
0.557861,4.32987,0.587827E-02
0.558472,4.33461,0.559321E-01
0.559082,4.33934,-0.367947E-01
0.559692,4.34408,0.508639E-01
0.560303,4.34882,0.712309E-01
0.560913,4.35356,-0.285018E-02
0.561523,4.35829,0.603813E-01
0.562134,4.36303,-0.964544E-01
0.562744,4.36777,0.806991E-01
0.563354,4.37251,0.874082E-01
0.563965,4.37724,0.365353E-01
0.564575,4.38198,-0.690043E-02
0.565186,4.38672,0.118954
0.565796,4.39145,0.253588E-01
0.566406,4.39619,-0.636598E-01
0.567017,4.40093,0.152418
0.567627,4.40567,0.163605E-01
0.568237,4.41040,-0.177589E-01
0.568848,4.41514,-0.835943E-01
0.569458,4.41988,0.150107
0.570068,4.42462,0.123816
0.570679,4.42935,0.413762E-01
0.571289,4.43409,-0.322100E-01
0.571899,4.43883,0.106013
0.572510,4.44356,0.879130E-01
0.573120,4.44830,0.122404
0.573730,4.45304,0.197559E-02
0.574341,4.45778,0.102988
0.574951,4.46251,0.270717E-01
0.575562,4.46725,0.559846E-01
0.576172,4.47199,0.114061
0.576782,4.47673,0.743129E-01
0.577393,4.48146,0.113957
0.578003,4.48620,0.150360
0.578613,4.49094,-0.844488E-02
0.579224,4.49567,0.641538E-03
0.579834,4.50041,0.138973E-01
0.580444,4.50515,0.483784E-01
0.581055,4.50989,0.251501E-01
0.581665,4.51462,0.791303E-02
0.582275,4.51936,-0.517072E-01
0.582886,4.52410,-0.158801E-01
0.583496,4.52884,0.500184E-02
0.584106,4.53357,0.120878E-01
0.584717,4.53831,-0.242733E-01
0.585327,4.54305,0.250396E-01
0.585938,4.54778,0.351641E-01
0.586548,4.55252,-0.161553E-01
0.587158,4.55726,0.540093E-01
0.587769,4.56200,-0.493344E-02
0.588379,4.56673,0.790173E-02
0.588989,4.57147,-0.441510E-02
0.589600,4.57621,-0.143854E-01
0.590210,4.58095,0.816540E-02
0.590820,4.58568,0.497753E-02
0.591431,4.59042,0.119246E-01
0.592041,4.59516,0.867388E-01
0.592651,4.59989,0.212882
0.593262,4.60463,0.814001E-01
0.593872,4.60937,0.258004E-01
0.594482,4.61411,0.334317
0.595093,4.61884,0.827229E-01
0.595703,4.62358,0.132347E-01
0.596313,4.62832,-0.206524E-01
0.596924,4.63306,-0.184250E-02
0.597534,4.63779,0.110004E-01
0.598145,4.64253,-0.544268E-01
0.598755,4.64727,0.351931E-01
0.599365,4.65200,0.379472E-04
0.599976,4.65674,0.205243E-01
0.600586,4.66148,0.883083E-01
0.601196,4.66622,0.634909E-01
0.601807,4.67095,0.732673E-02
0.602417,4.67569,-0.881088E-02
0.603027,4.68043,0.481972E-01
0.603638,4.68517,-0.466652E-01
0.604248,4.68990,0.386423E-01
0.604858,4.69464,0.792079E-01
0.605469,4.69938,-0.149140E-01
0.606079,4.70411,0.528737E-01
0.606689,4.70885,-0.139068
0.607300,4.71359,0.249783E-01
0.607910,4.71833,0.953885E-01
0.608521,4.72306,0.182511
0.609131,4.72780,0.175014
0.609741,4.73254,-0.108041E-01
0.610352,4.73728,0.517366E-01
0.610962,4.74201,0.748613E-01
0.611572,4.74675,0.308233E-01
0.612183,4.75149,0.336180E-01
0.612793,4.75622,0.313094
0.613403,4.76096,0.988452E-01
0.614014,4.76570,0.162451E-01
0.614624,4.77044,0.120815E-02
0.615234,4.77517,0.703519E-01
0.615845,4.77991,-0.593961E-01
0.616455,4.78465,0.585406E-01
0.617065,4.78939,0.561562E-01
0.617676,4.79412,-0.311065E-01
0.618286,4.79886,0.167290
0.618896,4.80360,0.111923
0.619507,4.80833,0.153623
0.620117,4.81307,-0.456255E-01
0.620728,4.81781,-0.106590
0.621338,4.82255,0.701817E-02
0.621948,4.82728,-0.122766
0.622559,4.83202,0.454494E-01
0.623169,4.83676,-0.159079
0.623779,4.84150,-0.276799E-01
0.624390,4.84623,0.750557E-01
0.625000,4.85097,0.674550E-02
0.625610,4.85571,-0.296655E-01
0.626221,4.86044,-0.734297E-01
0.626831,4.86518,0.258112E-01
0.627441,4.86992,0.121206
0.628052,4.87466,0.107350
0.628662,4.87939,-0.567141E-01
0.629272,4.88413,0.717187E-01
0.629883,4.88887,-0.402502E-01
0.630493,4.89361,0.229618
0.631104,4.89834,0.145735E-01
0.631714,4.90308,0.287236E-01
0.632324,4.90782,-0.317518E-02
0.632935,4.91255,-0.127452
0.633545,4.91729,-0.558922E-01
0.634155,4.92203,0.468315E-01
0.634766,4.92677,0.182352
0.635376,4.93150,-0.184085E-01
0.635986,4.93624,0.143659
0.636597,4.94098,0.175655
0.637207,4.94572,0.282064E-01
0.637817,4.95045,-0.378227E-02
0.638428,4.95519,-0.381881E-01
0.639038,4.95993,-0.134050E-01
0.639648,4.96466,0.105564
0.640259,4.96940,0.631593E-01
0.640869,4.97414,-0.262483E-01
0.641479,4.97888,0.412102E-01
0.642090,4.98361,0.913502E-01
0.642700,4.98835,0.261822
0.643311,4.99309,-0.937805E-02
0.643921,4.99783,0.392102E-01
0.644531,5.00256,0.694217E-01
0.645142,5.00730,0.148208E-01
0.645752,5.01204,0.282534E-01
0.646362,5.01677,0.379148E-01
0.646973,5.02151,0.108923E-01
0.647583,5.02625,0.121274E-02
0.648193,5.03099,0.924973E-02
0.648804,5.03572,0.461346E-01
0.649414,5.04046,0.344629E-01
0.650024,5.04520,0.839461E-03
0.650635,5.04994,0.603636E-01
0.651245,5.05467,0.224791E-02
0.651855,5.05941,-0.759666E-02
0.652466,5.06415,-0.119273
0.653076,5.06888,0.763027E-01
0.653687,5.07362,0.423575E-01
0.654297,5.07836,0.339344E-01
0.654907,5.08310,0.111465
0.655518,5.08783,-0.678664E-01
0.656128,5.09257,-0.218310E-01
0.656738,5.09731,0.115943
0.657349,5.10205,-0.596725E-01
0.657959,5.10678,0.203355E-01
0.658569,5.11152,0.132343
0.659180,5.11626,0.130371
0.659790,5.12099,0.898625E-01
0.660400,5.12573,0.189075
0.661011,5.13047,0.528982E-01
0.661621,5.13521,-0.567759E-01
0.662231,5.13994,0.477078E-01
0.662842,5.14468,-0.233995E-02
0.663452,5.14942,0.310411E-01
0.664062,5.15416,0.560458E-01
0.664673,5.15889,-0.111824
0.665283,5.16363,0.474226E-01
0.665894,5.16837,0.318207E-01
0.666504,5.17310,-0.218042E-01
0.667114,5.17784,0.866990E-01
0.667725,5.18258,-0.493645E-02
0.668335,5.18732,0.274516E-01
0.668945,5.19205,0.547333E-02
0.669556,5.19679,-0.459836E-02
0.670166,5.20153,0.132638
0.670776,5.20627,0.203522E-01
0.671387,5.21100,0.188409
0.671997,5.21574,0.280320E-01
0.672607,5.22048,0.136147
0.673218,5.22521,0.408899E-01
0.673828,5.22995,0.720180E-01
0.674438,5.23469,0.270612E-01
0.675049,5.23943,-0.474668E-01
0.675659,5.24416,-0.168491E-01
0.676270,5.24890,-0.195023E-01
0.676880,5.25364,0.106606E-01
0.677490,5.25838,-0.148796E-01
0.678101,5.26311,0.103809E-01
0.678711,5.26785,-0.185768E-02
0.679321,5.27259,0.173135
0.679932,5.27732,0.207505E-01
0.680542,5.28206,-0.325346E-01
0.681152,5.28680,0.599721E-01
0.681763,5.29154,0.502500E-01
0.682373,5.29627,0.935162E-02
0.682983,5.30101,0.635379E-01
0.683594,5.30575,-0.704005E-02
0.684204,5.31049,-0.670732E-02
0.684814,5.31522,0.485731E-01
0.685425,5.31996,-0.667328E-01
0.686035,5.32470,0.984645E-01
0.686646,5.32943,-0.378482E-01
0.687256,5.33417,-0.490937E-02
0.687866,5.33891,0.994244E-01
0.688477,5.34365,0.208226E-01
0.689087,5.34838,0.359481E-01
0.689697,5.35312,-0.463465E-01
0.690308,5.35786,0.237214
0.690918,5.36260,0.428572E-01
0.691528,5.36733,-0.466262E-01
0.692139,5.37207,0.659399E-01
0.692749,5.37681,0.388769E-01
0.693359,5.38154,0.118428
0.693970,5.38628,0.981640E-01
0.694580,5.39102,-0.302261E-01
0.695190,5.39576,0.231761
0.695801,5.40049,0.565572E-01
0.696411,5.40523,0.230388E-01
0.697021,5.40997,0.177901E-01
0.697632,5.41471,-0.365415E-02
0.698242,5.41944,0.276073E-01
0.698853,5.42418,0.458345E-01
0.699463,5.42892,-0.274288E-01
0.700073,5.43365,0.239472E-02
0.700684,5.43839,0.115316E-01
0.701294,5.44313,0.963839E-01
0.701904,5.44787,0.616178E-01
0.702515,5.45260,0.113067E-01
0.703125,5.45734,0.103982
0.703735,5.46208,-0.225169E-02
0.704346,5.46682,0.113224E-01
0.704956,5.47155,0.215339E-01
0.705566,5.47629,0.122659
0.706177,5.48103,0.110044E-01
0.706787,5.48576,0.361638E-01
0.707397,5.49050,0.156252
0.708008,5.49524,0.629421E-01
0.708618,5.49998,0.436693E-01
0.709229,5.50471,0.922747E-01
0.709839,5.50945,-0.128744E-01
0.710449,5.51419,0.133922
0.711060,5.51893,0.836824E-02
0.711670,5.52366,0.257904E-01
0.712280,5.52840,-0.387069E-02
0.712891,5.53314,-0.189709E-01
0.713501,5.53787,0.623231E-01
0.714111,5.54261,0.874312E-01
0.714722,5.54735,-0.692540E-03
0.715332,5.55209,-0.123284E-01
0.715942,5.55682,0.554433E-01
0.716553,5.56156,-0.716701E-03
0.717163,5.56630,-0.851281E-02
0.717773,5.57104,0.100922E-01
0.718384,5.57577,0.147252E-01
0.718994,5.58051,0.227243E-01
0.719604,5.58525,0.466221E-01
0.720215,5.58998,-0.413760E-01
0.720825,5.59472,0.141890
0.721436,5.59946,0.886365E-02
0.722046,5.60420,-0.160604E-01
0.722656,5.60893,-0.319227E-02
0.723267,5.61367,0.642495E-01
0.723877,5.61841,0.626486E-01
0.724487,5.62315,0.526904E-01
0.725098,5.62788,0.780736E-02
0.725708,5.63262,0.187401
0.726318,5.63736,0.620122E-01
0.726929,5.64209,-0.339753E-01
0.727539,5.64683,0.242738E-02
0.728149,5.65157,-0.301302E-01
0.728760,5.65631,0.400249E-02
0.729370,5.66104,0.146705
0.729980,5.66578,0.102777
0.730591,5.67052,0.195143E-01
0.731201,5.67526,-0.384895E-01
0.731812,5.67999,0.136139
0.732422,5.68473,0.937703E-01
0.733032,5.68947,0.476161E-01
0.733643,5.69420,0.457271E-01
0.734253,5.69894,0.148482
0.734863,5.70368,-0.381728E-03
0.735474,5.70842,0.792969E-01
0.736084,5.71315,0.147387E-01
0.736694,5.71789,0.243725E-01
0.737305,5.72263,0.277026E-01
0.737915,5.72737,0.919554E-01
0.738525,5.73210,0.891444E-01
0.739136,5.73684,0.345317E-01
0.739746,5.74158,-0.485663E-02
0.740356,5.74631,0.451411E-01
0.740967,5.75105,-0.106176E-01
0.741577,5.75579,0.705391E-01
0.742188,5.76053,0.774500E-01
0.742798,5.76526,0.112392E-01
0.743408,5.77000,0.416323E-01
0.744019,5.77474,-0.367637E-01
0.744629,5.77948,0.135944E-01
0.745239,5.78421,0.548326E-01
0.745850,5.78895,-0.909076E-01
0.746460,5.79369,-0.403142E-01
0.747070,5.79843,0.140099E-01
0.747681,5.80316,0.249182E-02
0.748291,5.80790,-0.114537E-01
0.748901,5.81264,0.605832E-02
0.749512,5.81737,0.874509E-01
0.750122,5.82211,0.136876E-01
0.750732,5.82685,0.720946E-01
0.751343,5.83159,-0.818166E-02
0.751953,5.83632,-0.116216E-01
0.752563,5.84106,0.398974E-01
0.753174,5.84580,-0.358621E-02
0.753784,5.85054,0.363096E-01
0.754395,5.85527,-0.564881E-01
0.755005,5.86001,-0.107783E-01
0.755615,5.86475,0.256771E-01
0.756226,5.86948,0.652486E-01
0.756836,5.87422,-0.198026E-01
0.757446,5.87896,0.656442E-02
0.758057,5.88370,0.942536E-01
0.758667,5.88843,-0.487581E-01
0.759277,5.89317,0.123796
0.759888,5.89791,-0.120478E-01
0.760498,5.90265,0.356242E-02
0.761108,5.90738,0.467144E-01
0.761719,5.91212,0.860129E-01
0.762329,5.91686,0.489657E-01
0.762939,5.92159,0.439963E-02
0.763550,5.92633,0.491291E-02
0.764160,5.93107,-0.270912E-03
0.764771,5.93581,0.194348E-01
0.765381,5.94054,-0.245230E-01
0.765991,5.94528,0.421728E-01
0.766602,5.95002,0.135074E-01
0.767212,5.95476,0.254692E-01
0.767822,5.95949,-0.369932E-01
0.768433,5.96423,0.692847E-01
0.769043,5.96897,0.187489E-01
0.769653,5.97370,0.550142E-01
0.770264,5.97844,0.835727E-01
0.770874,5.98318,0.408325E-01
0.771484,5.98792,0.106363
0.772095,5.99265,0.373569E-01
0.772705,5.99739,0.185960E-01
0.773315,6.00213,0.675262E-01
0.773926,6.00687,-0.711828E-02
0.774536,6.01160,0.684681E-01
0.775146,6.01634,-0.110064E-01
0.775757,6.02108,0.913201E-02
0.776367,6.02581,-0.245506E-01
0.776978,6.03055,-0.161815E-01
0.777588,6.03529,0.370357E-02
0.778198,6.04003,0.758467E-01
0.778809,6.04476,0.190075E-01
0.779419,6.04950,-0.194060E-01
0.780029,6.05424,0.286981E-01
0.780640,6.05898,-0.208633E-01
0.781250,6.06371,0.381320E-02
0.781860,6.06845,-0.217807E-02
0.782471,6.07319,0.210362E-01
0.783081,6.07792,-0.104133
0.783691,6.08266,0.428973E-01
0.784302,6.08740,0.421244E-01
0.784912,6.09214,0.151208E-01
0.785522,6.09687,0.491033E-01
0.786133,6.10161,0.720350E-02
0.786743,6.10635,0.213916E-01
0.787354,6.11109,0.680231E-01
0.787964,6.11582,-0.209958E-01
0.788574,6.12056,-0.983131E-02
0.789185,6.12530,-0.109693E-01
0.789795,6.13003,-0.708878E-01
0.790405,6.13477,0.604296E-02
0.791016,6.13951,-0.460728E-01
0.791626,6.14425,0.755299E-01
0.792236,6.14898,0.699563E-01
0.792847,6.15372,-0.114137E-01
0.793457,6.15846,-0.320121E-02
0.794067,6.16320,0.369889E-02
0.794678,6.16793,0.568328E-02
0.795288,6.17267,-0.358551E-02
0.795898,6.17741,0.788363E-01
0.796509,6.18214,-0.107024E-01
0.797119,6.18688,0.108288E-01
0.797729,6.19162,0.168162E-01
0.798340,6.19636,0.112312
0.798950,6.20109,0.412300E-01
0.799561,6.20583,-0.130338E-01
0.800171,6.21057,0.106869
0.800781,6.21531,0.308657E-02
0.801392,6.22004,0.980026E-01
0.802002,6.22478,0.217478E-01
0.802612,6.22952,0.220694E-01
0.803223,6.23425,-0.101101
0.803833,6.23899,0.308701E-01
0.804443,6.24373,0.770947E-01
0.805054,6.24847,0.213936E-01
0.805664,6.25320,0.343113E-02
0.806274,6.25794,-0.427625E-02
0.806885,6.26268,-0.583253E-02
0.807495,6.26742,-0.189047E-01
0.808105,6.27215,0.368048E-01
0.808716,6.27689,0.115736
0.809326,6.28163,0.108808
0.809937,6.28636,0.194064E-02
0.810547,6.29110,0.969404E-02
0.811157,6.29584,0.218689E-01
0.811768,6.30058,0.113334E-01
0.812378,6.30531,0.485863E-01
0.812988,6.31005,0.145920E-01
0.813599,6.31479,0.484698E-01
0.814209,6.31953,0.392150
0.814819,6.32426,0.822910E-02
0.815430,6.32900,-0.136803E-01
0.816040,6.33374,0.141636
0.816650,6.33847,0.128324E-01
0.817261,6.34321,-0.368951E-01
0.817871,6.34795,0.296226E-02
0.818481,6.35269,0.863152E-02
0.819092,6.35742,0.121939
0.819702,6.36216,-0.144852E-01
0.820312,6.36690,-0.263696E-01
0.820923,6.37164,0.189705E-02
0.821533,6.37637,-0.606654E-01
0.822144,6.38111,0.273765E-01
0.822754,6.38585,-0.458576E-01
0.823364,6.39058,0.615638E-01
0.823975,6.39532,0.616864E-02
0.824585,6.40006,0.297038E-02
0.825195,6.40480,0.168520E-01
0.825806,6.40953,-0.224225E-01
0.826416,6.41427,0.284073E-01
0.827026,6.41901,-0.270735E-01
0.827637,6.42375,-0.104328E-02
0.828247,6.42848,0.805284E-01
0.828857,6.43322,0.207177E-01
0.829468,6.43796,0.699496E-02
0.830078,6.44269,0.111322
0.830688,6.44743,0.166203E-01
0.831299,6.45217,0.283758E-02
0.831909,6.45691,-0.182127E-01
0.832520,6.46164,0.293068E-03
0.833130,6.46638,0.360402E-01
0.833740,6.47112,0.116396
0.834351,6.47586,-0.658589E-01
0.834961,6.48059,0.380821E-01
0.835571,6.48533,0.573402E-01
0.836182,6.49007,0.748195E-01
0.836792,6.49480,-0.218141E-01
0.837402,6.49954,0.115935
0.838013,6.50428,0.399182E-01
0.838623,6.50902,0.109878
0.839233,6.51375,0.137443E-01
0.839844,6.51849,0.608742E-02
0.840454,6.52323,0.812833E-01
0.841064,6.52797,-0.649725E-01
0.841675,6.53270,0.180309E-01
0.842285,6.53744,0.237819E-01
0.842896,6.54218,-0.614056E-02
0.843506,6.54691,0.256877E-01
0.844116,6.55165,-0.199704E-01
0.844727,6.55639,-0.632502E-01
0.845337,6.56113,-0.103442E-01
0.845947,6.56586,0.794113E-02
0.846558,6.57060,0.542595E-01
0.847168,6.57534,0.342001E-01
0.847778,6.58008,0.195853E-01
0.848389,6.58481,0.668502E-01
0.848999,6.58955,0.347859E-01
0.849609,6.59429,0.139248E-01
0.850220,6.59902,-0.840635E-01
0.850830,6.60376,0.709636E-02
0.851440,6.60850,0.240728
0.852051,6.61324,0.124297
0.852661,6.61797,-0.390543E-01
0.853271,6.62271,-0.718638E-02
0.853882,6.62745,0.700437E-01
0.854492,6.63219,0.109827E-01
0.855103,6.63692,-0.308710E-01
0.855713,6.64166,0.155681E-01
0.856323,6.64640,-0.731293E-02
0.856934,6.65113,-0.505300E-02
0.857544,6.65587,0.127590
0.858154,6.66061,0.233771E-01
0.858765,6.66535,0.554385E-01
0.859375,6.67008,0.391485E-01
0.859985,6.67482,0.246979E-02
0.860596,6.67956,-0.661862E-01
0.861206,6.68430,0.264972E-01
0.861816,6.68903,-0.817781E-02
0.862427,6.69377,0.873893E-01
0.863037,6.69851,-0.175527E-01
0.863647,6.70324,0.832587E-01
0.864258,6.70798,-0.101894E-01
0.864868,6.71272,0.714848E-01
0.865479,6.71746,0.940944E-01
0.866089,6.72219,0.851463E-01
0.866699,6.72693,0.437195E-01
0.867310,6.73167,0.240175E-01
0.867920,6.73641,-0.195481E-01
0.868530,6.74114,0.131448
0.869141,6.74588,-0.357032E-01
0.869751,6.75062,0.356533E-01
0.870361,6.75535,0.399565E-01
0.870972,6.76009,0.115156
0.871582,6.76483,0.160078E-01
0.872192,6.76957,0.896949E-02
0.872803,6.77430,-0.224511E-01
0.873413,6.77904,-0.122200E-01
0.874023,6.78378,0.398436
0.874634,6.78852,0.603031E-01
0.875244,6.79325,0.448640E-01
0.875854,6.79799,0.452999E-02
0.876465,6.80273,0.458111E-01
0.877075,6.80746,0.357550E-01
0.877686,6.81220,0.436484E-01
0.878296,6.81694,0.164119E-01
0.878906,6.82168,-0.650117E-01
0.879517,6.82641,-0.280406E-01
0.880127,6.83115,0.880155E-02
0.880737,6.83589,0.815112E-02
0.881348,6.84063,0.609377E-01
0.881958,6.84536,-0.239607E-02
0.882568,6.85010,-0.342736E-01
0.883179,6.85484,0.196442
0.883789,6.85957,0.857508E-02
0.884399,6.86431,-0.270724E-01
0.885010,6.86905,-0.237662E-01
0.885620,6.87379,0.360419E-01
0.886230,6.87852,0.464502E-01
0.886841,6.88326,0.186183E-01
0.887451,6.88800,0.263355E-01
0.888062,6.89274,0.546340E-02
0.888672,6.89747,0.349031E-01
0.889282,6.90221,0.835218E-01
0.889893,6.90695,-0.196901E-03
0.890503,6.91168,0.822601E-01
0.891113,6.91642,0.903959E-02
0.891724,6.92116,0.301007E-01
0.892334,6.92590,0.131392E-02
0.892944,6.93063,0.675578E-01
0.893555,6.93537,0.834954E-01
0.894165,6.94011,0.712401E-01
0.894775,6.94485,-0.964592E-02
0.895386,6.94958,0.633288E-02
0.895996,6.95432,0.448254E-01
0.896606,6.95906,0.592511E-01
0.897217,6.96379,-0.688316E-01
0.897827,6.96853,-0.606723E-01
0.898438,6.97327,0.797607E-02
0.899048,6.97801,0.111959
0.899658,6.98274,-0.780557E-02
0.900269,6.98748,0.628106E-01
0.900879,6.99222,0.218052E-01
0.901489,6.99696,0.145946
0.902100,7.00169,0.301088E-01
0.902710,7.00643,0.850336E-02
0.903320,7.01117,0.824363E-01
0.903931,7.01590,0.417476E-01
0.904541,7.02064,-0.378333E-01
0.905151,7.02538,0.676080E-01
0.905762,7.03012,0.598584E-01
0.906372,7.03485,-0.760391E-02
0.906982,7.03959,0.362862E-01
0.907593,7.04433,0.122598E-01
0.908203,7.04907,0.378090E-01
0.908813,7.05380,0.232581E-01
0.909424,7.05854,0.138947
0.910034,7.06328,0.474829E-01
0.910645,7.06801,-0.294510E-01
0.911255,7.07275,0.177825E-01
0.911865,7.07749,0.123413
0.912476,7.08223,-0.108415E-01
0.913086,7.08696,-0.632700E-01
0.913696,7.09170,0.716786E-01
0.914307,7.09644,0.945793E-01
0.914917,7.10118,0.241443E-01
0.915527,7.10591,0.567054E-01
0.916138,7.11065,-0.163449E-02
0.916748,7.11539,0.257893E-01
0.917358,7.12012,0.232789E-01
0.917969,7.12486,-0.358364E-01
0.918579,7.12960,0.126921E-01
0.919189,7.13434,0.601631E-01
0.919800,7.13907,0.786357E-01
0.920410,7.14381,0.387606E-01
0.921021,7.14855,0.880546E-02
0.921631,7.15329,-0.104840
0.922241,7.15802,0.675576E-01
0.922852,7.16276,-0.109535E-01
0.923462,7.16750,-0.674511E-02
0.924072,7.17223,-0.116499E-02
0.924683,7.17697,0.115381
0.925293,7.18171,0.930473E-01
0.925903,7.18645,0.610646E-01
0.926514,7.19118,0.912461E-03
0.927124,7.19592,-0.648602E-03
0.927734,7.20066,0.125065E-01
0.928345,7.20540,0.300069E-01
0.928955,7.21013,0.317825E-01
0.929565,7.21487,-0.362766E-01
0.930176,7.21961,0.119552E-01
0.930786,7.22434,0.219714E-01
0.931396,7.22908,0.214039E-02
0.932007,7.23382,0.484095E-01
0.932617,7.23856,-0.244520E-01
0.933228,7.24329,0.162820E-01
0.933838,7.24803,0.453384E-02
0.934448,7.25277,0.323463E-01
0.935059,7.25751,-0.354026E-01
0.935669,7.26224,-0.444562E-01
0.936279,7.26698,0.268243E-01
0.936890,7.27172,0.685336E-01
0.937500,7.27645,-0.772156E-02
0.938110,7.28119,0.716425E-02
0.938721,7.28593,-0.746323E-02
0.939331,7.29067,0.889097E-01
0.939941,7.29540,0.172247E-01
0.940552,7.30014,0.355921E-01
0.941162,7.30488,0.923552E-02
0.941772,7.30962,0.184419E-01
0.942383,7.31435,-0.715451E-02
0.942993,7.31909,0.198599E-01
0.943604,7.32383,-0.198566E-01
0.944214,7.32856,0.405883E-02
0.944824,7.33330,0.366575E-01
0.945435,7.33804,0.825518E-01
0.946045,7.34278,-0.110302E-01
0.946655,7.34751,0.246533E-01
0.947266,7.35225,0.691638E-01
0.947876,7.35699,0.592681E-01
0.948486,7.36173,-0.319088E-02
0.949097,7.36646,-0.929602E-03
0.949707,7.37120,0.372634E-01
0.950317,7.37594,-0.210879E-02
0.950928,7.38067,0.251687E-01
0.951538,7.38541,0.192117E-01
0.952148,7.39015,0.156687
0.952759,7.39489,0.432244E-01
0.953369,7.39962,-0.119131E-01
0.953979,7.40436,0.442137E-01
0.954590,7.40910,0.430477E-02
0.955200,7.41384,0.166011E-01
0.955811,7.41857,0.293597E-01
0.956421,7.42331,0.520884E-01
0.957031,7.42805,-0.923445E-01
0.957642,7.43279,-0.280996E-01
0.958252,7.43752,-0.216817E-01
0.958862,7.44226,0.388528E-01
0.959473,7.44700,-0.299855E-01
0.960083,7.45173,-0.104197
0.960693,7.45647,0.146356E-01
0.961304,7.46121,-0.656341E-01
0.961914,7.46595,0.578958E-01
0.962524,7.47068,-0.844089E-02
0.963135,7.47542,-0.764732E-01
0.963745,7.48016,0.736082E-01
0.964355,7.48490,-0.289517E-01
0.964966,7.48963,0.210894E-01
0.965576,7.49437,0.432748E-02
0.966187,7.49911,-0.102453
0.966797,7.50384,0.971227E-01
0.967407,7.50858,0.772690E-02
0.968018,7.51332,-0.432908E-02
0.968628,7.51806,-0.434450E-02
0.969238,7.52279,-0.605396E-01
0.969849,7.52753,0.198186
0.970459,7.53227,0.196484E-02
0.971069,7.53701,0.698269E-03
0.971680,7.54174,-0.108102E-01
0.972290,7.54648,0.729526E-01
0.972900,7.55122,0.200641E-01
0.973511,7.55595,0.304727E-01
0.974121,7.56069,0.423203E-01
0.974731,7.56543,-0.794618E-02
0.975342,7.57017,-0.798987E-02
0.975952,7.57490,0.168039
0.976562,7.57964,-0.112481E-01
0.977173,7.58438,0.422150E-01
0.977783,7.58912,-0.408853E-01
0.978394,7.59385,-0.138664E-01
0.979004,7.59859,0.510427E-02
0.979614,7.60333,-0.436987E-02
0.980225,7.60806,-0.123184E-01
0.980835,7.61280,-0.784979E-02
0.981445,7.61754,0.441477E-02
0.982056,7.62228,-0.102990E-01
0.982666,7.62701,-0.154008E-01
0.983276,7.63175,0.126597E-01
0.983887,7.63649,-0.223554E-01
0.984497,7.64123,-0.208194E-01
0.985107,7.64596,-0.400152E-01
0.985718,7.65070,-0.173440E-01
0.986328,7.65544,0.576414E-01
0.986938,7.66017,-0.211480E-01
0.987549,7.66491,0.572172E-01
0.988159,7.66965,-0.731494E-01
0.988770,7.67439,-0.214355E-01
0.989380,7.67912,-0.215274E-01
0.989990,7.68386,0.165745
0.990601,7.68860,-0.406687E-02
0.991211,7.69334,0.189721E-02
0.991821,7.69807,0.416688E-01
0.992432,7.70281,0.175440E-03
0.993042,7.70755,-0.115475E-01
0.993652,7.71228,0.175959E-01
0.994263,7.71702,0.171472E-01
0.994873,7.72176,0.393991E-02
0.995483,7.72650,-0.204484E-02
0.996094,7.73123,-0.586053E-02
0.996704,7.73597,-0.554155E-02
0.997314,7.74071,0.566300E-01
0.997925,7.74545,0.312413E-01
0.998535,7.75018,0.346270E-01
0.999146,7.75492,-0.158919
0.999756,7.75966,0.227207E-01
1.00037,7.76439,0.402610E-01
1.00098,7.76913,-0.153633E-01
1.00159,7.77387,-0.714878E-01
1.00220,7.77861,0.301701E-01
1.00281,7.78334,0.935295E-02
1.00342,7.78808,0.367269E-01
1.00403,7.79282,-0.919485E-01
1.00464,7.79756,0.437907E-01
1.00525,7.80229,0.557896E-02
1.00586,7.80703,0.241259E-02
1.00647,7.81177,0.591570E-01
1.00708,7.81650,-0.143846E-01
1.00769,7.82124,0.417352E-01
1.00830,7.82598,0.829606E-01
1.00891,7.83072,0.732683E-01
1.00952,7.83545,0.105146
1.01013,7.84019,0.280687E-01
1.01074,7.84493,0.221150E-01
1.01135,7.84967,0.378829E-01
1.01196,7.85440,0.392849E-01
1.01257,7.85914,0.577131E-01
1.01318,7.86388,-0.642759E-02
1.01379,7.86861,0.489096E-02
1.01440,7.87335,-0.150398E-02
1.01501,7.87809,0.936392E-03
1.01562,7.88283,-0.238599E-03
1.01624,7.88756,0.535510E-01
1.01685,7.89230,0.335146E-01
1.01746,7.89704,0.768399E-01
1.01807,7.90178,0.957996E-02
1.01868,7.90651,0.653179E-02
1.01929,7.91125,-0.101301E-02
1.01990,7.91599,-0.133588E-01
1.02051,7.92072,0.182537E-01
1.02112,7.92546,0.605583E-02
1.02173,7.93020,-0.178874E-01
1.02234,7.93494,0.116539E-01
1.02295,7.93967,-0.560548E-02
1.02356,7.94441,0.941484E-02
1.02417,7.94915,-0.273734E-01
1.02478,7.95389,-0.147733E-01
1.02539,7.95862,0.229085E-01
1.02600,7.96336,0.441063E-01
1.02661,7.96810,0.324811E-02
1.02722,7.97283,-0.321844E-02
1.02783,7.97757,0.347446E-01
1.02844,7.98231,0.368028E-01
1.02905,7.98705,-0.129610E-01
1.02966,7.99178,-0.130988E-01
1.03027,7.99652,0.194225E-01
1.03088,8.00126,0.166240E-01
1.03149,8.00600,0.179253E-01
1.03210,8.01073,0.389097E-01
1.03271,8.01547,-0.989881E-02
1.03333,8.02021,0.136688E-01
1.03394,8.02494,0.302452E-01
1.03455,8.02968,0.437374E-02
1.03516,8.03442,0.631422E-01
1.03577,8.03916,0.264198E-01
1.03638,8.04389,0.531743E-02
1.03699,8.04863,0.127003E-01
1.03760,8.05337,-0.623400E-01
1.03821,8.05811,0.462460E-01
1.03882,8.06284,-0.220956E-01
1.03943,8.06758,-0.253889E-02
1.04004,8.07232,-0.168349E-01
1.04065,8.07705,0.103648E-01
1.04126,8.08179,-0.754269E-01
1.04187,8.08653,0.286287E-01
1.04248,8.09127,0.296056E-01
1.04309,8.09600,0.369769E-01
1.04370,8.10074,0.822379E-02
1.04431,8.10548,-0.186397E-01
1.04492,8.11022,-0.404319E-02
1.04553,8.11495,0.111004
1.04614,8.11969,0.168519E-01
1.04675,8.12443,0.712783E-01
1.04736,8.12916,-0.539242E-01
1.04797,8.13390,-0.974323E-02
1.04858,8.13864,-0.308274E-01
1.04919,8.14338,0.274196E-04
1.04980,8.14811,0.116644E-01
1.05042,8.15285,-0.279226E-01
1.05103,8.15759,-0.385112E-01
1.05164,8.16233,-0.940177E-02
1.05225,8.16706,-0.296803E-01
1.05286,8.17180,0.975532E-01
1.05347,8.17654,0.188646E-01
1.05408,8.18127,0.156779E-01
1.05469,8.18601,-0.594455E-02
1.05530,8.19075,-0.863421E-02
1.05591,8.19549,0.168551E-03
1.05652,8.20022,0.358957E-01
1.05713,8.20496,0.491782E-01
1.05774,8.20970,0.118951E-01
1.05835,8.21444,-0.737832E-01
1.05896,8.21917,0.955488E-01
1.05957,8.22391,0.643253E-03
1.06018,8.22865,0.948764E-02
1.06079,8.23338,0.532826E-01
1.06140,8.23812,-0.588127E-01
1.06201,8.24286,-0.248560E-01
1.06262,8.24760,0.581458E-01
1.06323,8.25233,0.124052E-01
1.06384,8.25707,0.319887E-02
1.06445,8.26181,-0.276138E-01
1.06506,8.26655,0.331719E-02
1.06567,8.27128,-0.205040E-01
1.06628,8.27602,0.110551E-01
1.06689,8.28076,-0.365851E-01
1.06750,8.28549,-0.388966E-01
1.06812,8.29023,0.272719E-01
1.06873,8.29497,0.788340E-01
1.06934,8.29971,0.245290E-01
1.06995,8.30444,0.194555E-01
1.07056,8.30918,-0.655910E-01
1.07117,8.31392,0.349083E-01
1.07178,8.31866,0.992120E-02
1.07239,8.32339,0.644910E-01
1.07300,8.32813,0.658957E-01
1.07361,8.33287,-0.536189E-01
1.07422,8.33760,0.150818E-01
1.07483,8.34234,0.345330E-02
1.07544,8.34708,0.414766E-01
1.07605,8.35182,0.349489E-01
1.07666,8.35655,0.207678E-02
1.07727,8.36129,-0.504963E-01
1.07788,8.36603,0.568586E-02
1.07849,8.37077,-0.208497E-01
1.07910,8.37550,-0.106547E-01
1.07971,8.38024,-0.188912E-02
1.08032,8.38498,-0.414303E-02
1.08093,8.38971,-0.109946E-02
1.08154,8.39445,-0.434120E-02
1.08215,8.39919,-0.162220E-01
1.08276,8.40393,-0.609249E-02
1.08337,8.40866,0.208342E-01
1.08398,8.41340,-0.648066E-01
1.08459,8.41814,-0.853888E-02
1.08521,8.42288,0.322152E-02
1.08582,8.42761,0.778364E-03
1.08643,8.43235,-0.158590E-02
1.08704,8.43709,0.269416E-01
1.08765,8.44182,0.528679E-02
1.08826,8.44656,0.892385E-01
1.08887,8.45130,-0.255967E-02
1.08948,8.45604,0.108270E-01
1.09009,8.46077,0.507716E-01
1.09070,8.46551,0.110927
1.09131,8.47025,-0.215259E-01
1.09192,8.47499,0.901301E-01
1.09253,8.47972,0.276004E-01
1.09314,8.48446,-0.696479E-02
1.09375,8.48920,-0.420045E-02
1.09436,8.49393,0.310895E-02
1.09497,8.49867,0.760946E-01
1.09558,8.50341,-0.134095E-01
1.09619,8.50815,0.379779E-01
1.09680,8.51288,0.149965E-03
1.09741,8.51762,0.348926E-01
1.09802,8.52236,-0.190525E-01
1.09863,8.52710,0.635718E-01
1.09924,8.53183,0.127955E-01
1.09985,8.53657,0.287431E-01
1.10046,8.54131,0.324999E-01
1.10107,8.54604,0.132083
1.10168,8.55078,-0.223798E-01
1.10229,8.55552,-0.283643E-01
1.10291,8.56026,0.522531E-01
1.10352,8.56499,0.223338E-01
1.10413,8.56973,0.312514E-01
1.10474,8.57447,-0.190431E-02
1.10535,8.57921,0.435615E-01
1.10596,8.58394,0.497241E-01
1.10657,8.58868,-0.240257E-01
1.10718,8.59342,0.280837E-01
1.10779,8.59815,0.881169E-02
1.10840,8.60289,0.245789E-01
1.10901,8.60763,0.297180E-01
1.10962,8.61237,0.566153E-01
1.11023,8.61710,0.528202E-01
1.11084,8.62184,0.158879E-01
1.11145,8.62658,0.114541
1.11206,8.63132,0.582392E-01
1.11267,8.63605,0.252831E-01
1.11328,8.64079,0.118242E-01
1.11389,8.64553,0.519673E-01
1.11450,8.65026,0.435125E-02
1.11511,8.65500,0.253494E-02
1.11572,8.65974,0.111675
1.11633,8.66448,0.141111E-01
1.11694,8.66921,0.342356E-01
1.11755,8.67395,-0.259589E-01
1.11816,8.67869,0.128598E-01
1.11877,8.68343,0.740985E-01
1.11938,8.68816,0.164743E-02
1.12000,8.69290,0.146029E-02
1.12061,8.69764,0.103861E-02
1.12122,8.70237,0.448145E-01
1.12183,8.70711,0.791156E-01
1.12244,8.71185,-0.154886E-01
1.12305,8.71659,-0.219923E-02
1.12366,8.72132,0.164176
1.12427,8.72606,0.268110E-01
1.12488,8.73080,0.336136E-02
1.12549,8.73554,0.251850E-01
1.12610,8.74027,0.136581
1.12671,8.74501,-0.180933E-01
1.12732,8.74975,0.519408E-01
1.12793,8.75448,-0.272329E-01
1.12854,8.75922,0.193895E-01
1.12915,8.76396,-0.549084E-01
1.12976,8.76870,0.331372E-01
1.13037,8.77343,0.194995E-01
1.13098,8.77817,0.220974E-02
1.13159,8.78291,-0.433662E-04
1.13220,8.78765,-0.186763E-01
1.13281,8.79238,-0.308384E-01
1.13342,8.79712,0.337088E-01
1.13403,8.80186,-0.153723E-01
1.13464,8.80659,0.111248E-01
1.13525,8.81133,0.475426E-01
1.13586,8.81607,0.119261
1.13647,8.82081,0.141054E-01
1.13708,8.82554,-0.118646E-01
1.13770,8.83028,-0.336977E-01
1.13831,8.83502,-0.314602E-01
1.13892,8.83976,0.188827
1.13953,8.84449,-0.270323E-01
1.14014,8.84923,-0.382593E-01
1.14075,8.85397,0.712698E-01
1.14136,8.85870,0.398913E-01
1.14197,8.86344,0.179380E-01
1.14258,8.86818,0.981247E-02
1.14319,8.87292,-0.561880E-02
1.14380,8.87765,0.863589E-01
1.14441,8.88239,0.559022E-01
1.14502,8.88713,0.477049E-01
1.14563,8.89187,0.138350E-01
1.14624,8.89660,0.257309E-01
1.14685,8.90134,0.358281E-01
1.14746,8.90608,0.120758E-01
1.14807,8.91081,-0.362193E-01
1.14868,8.91555,-0.459334E-01
1.14929,8.92029,-0.277860E-02
1.14990,8.92503,0.135989E-01
1.15051,8.92976,-0.965782E-02
1.15112,8.93450,0.251947E-01
1.15173,8.93924,0.617206E-01
1.15234,8.94398,0.207689E-01
1.15295,8.94871,-0.644122E-02
1.15356,8.95345,0.167617E-01
1.15417,8.95819,0.315949E-02
1.15479,8.96292,0.109561E-01
1.15540,8.96766,0.855661E-02
1.15601,8.97240,0.260942E-01
1.15662,8.97714,0.168377
1.15723,8.98187,0.620497E-01
1.15784,8.98661,0.770683E-01
1.15845,8.99135,0.594016E-01
1.15906,8.99609,-0.202752E-01
1.15967,9.00082,0.278584E-01
1.16028,9.00556,0.606933E-01
1.16089,9.01030,-0.558755E-02
1.16150,9.01503,-0.418740E-02
1.16211,9.01977,-0.257582E-01
1.16272,9.02451,0.879959E-03
1.16333,9.02925,0.462310E-01
1.16394,9.03398,0.295146E-01
1.16455,9.03872,-0.961751E-02
1.16516,9.04346,0.537507E-01
1.16577,9.04820,-0.108062
1.16638,9.05293,0.752116E-01
1.16699,9.05767,0.384948E-01
1.16760,9.06241,0.620733E-01
1.16821,9.06715,-0.533032E-01
1.16882,9.07188,0.479908E-02
1.16943,9.07662,0.161232E-01
1.17004,9.08136,0.341522E-01
1.17065,9.08609,-0.431804E-01
1.17126,9.09083,0.138606E-02
1.17188,9.09557,0.196297E-01
1.17249,9.10031,0.323660E-01
1.17310,9.10504,0.665272E-01
1.17371,9.10978,0.168818
1.17432,9.11452,0.695179E-01
1.17493,9.11926,0.750632E-01
1.17554,9.12399,-0.406958E-02
1.17615,9.12873,0.565572E-01
1.17676,9.13347,-0.209717E-01
1.17737,9.13820,0.911658E-01
1.17798,9.14294,-0.392674E-03
1.17859,9.14768,0.468444E-01
1.17920,9.15242,-0.246929E-01
1.17981,9.15715,0.290846E-03
1.18042,9.16189,-0.169720E-01
1.18103,9.16663,0.243727E-01
1.18164,9.17137,-0.687472E-01
1.18225,9.17610,0.331908E-02
1.18286,9.18084,0.143354E-01
1.18347,9.18558,-0.641693E-02
1.18408,9.19031,0.316951E-01
1.18469,9.19505,0.101167E-01
1.18530,9.19979,0.118777
1.18591,9.20453,-0.278129E-02
1.18652,9.20926,-0.410104E-01
1.18713,9.21400,-0.506451E-01
1.18774,9.21874,0.166385E-01
1.18835,9.22348,0.539118E-03
1.18896,9.22821,-0.661047E-02
1.18958,9.23295,0.535993E-01
1.19019,9.23769,-0.122370E-01
1.19080,9.24242,-0.174991E-01
1.19141,9.24716,-0.426403E-02
1.19202,9.25190,0.140626E-01
1.19263,9.25664,0.245414E-02
1.19324,9.26137,-0.163602E-01
1.19385,9.26611,0.169155E-01
1.19446,9.27085,-0.235436E-02
1.19507,9.27559,0.145860E-01
1.19568,9.28032,-0.284245E-01
1.19629,9.28506,0.455510E-01
1.19690,9.28980,-0.173780E-01
1.19751,9.29453,0.476171E-03
1.19812,9.29927,0.101636
1.19873,9.30401,-0.535941E-01
1.19934,9.30875,0.602305E-01
1.19995,9.31348,0.323500E-03
1.20056,9.31822,-0.242361E-01
1.20117,9.32296,-0.619030E-01
1.20178,9.32770,-0.121199E-01
1.20239,9.33243,0.252284E-01
1.20300,9.33717,-0.121915E-01
1.20361,9.34191,-0.188763E-01
1.20422,9.34664,0.666635E-02
1.20483,9.35138,-0.851336E-01
1.20544,9.35612,0.329301E-01
1.20605,9.36086,0.106205
1.20667,9.36559,0.358945E-01
1.20728,9.37033,-0.822507E-02
1.20789,9.37507,0.100365E-01
1.20850,9.37981,0.744004E-01
1.20911,9.38454,0.502916E-02
1.20972,9.38928,0.472078E-01
1.21033,9.39402,0.470138E-01
1.21094,9.39875,0.200364E-01
1.21155,9.40349,-0.110634E-01
1.21216,9.40823,-0.131654E-01
1.21277,9.41297,-0.534213E-02
1.21338,9.41770,-0.442011E-02
1.21399,9.42244,0.703869E-01
1.21460,9.42718,-0.145203E-01
1.21521,9.43192,0.104636
1.21582,9.43665,0.113004E-01
1.21643,9.44139,0.333100E-01
1.21704,9.44613,0.479091E-01
1.21765,9.45086,0.545085E-01
1.21826,9.45560,0.356019E-01
1.21887,9.46034,-0.150205E-01
1.21948,9.46508,-0.895400E-02
1.22009,9.46981,0.309121E-01
1.22070,9.47455,-0.193191E-01
1.22131,9.47929,0.455776E-01
1.22192,9.48403,0.606938E-01
1.22253,9.48876,0.120939E-01
1.22314,9.49350,0.548667E-01
1.22375,9.49824,-0.486694E-02
1.22437,9.50297,0.115068
1.22498,9.50771,-0.246619E-01
1.22559,9.51245,0.169656
1.22620,9.51719,0.133279E-01
1.22681,9.52192,0.438008E-01
1.22742,9.52666,0.213954E-02
1.22803,9.53140,-0.660752E-02
1.22864,9.53614,-0.130943E-01
1.22925,9.54087,0.902640E-02
1.22986,9.54561,0.107437
1.23047,9.55035,0.422517E-01
1.23108,9.55508,0.757275E-01
1.23169,9.55982,-0.414258E-01
1.23230,9.56456,0.201271
1.23291,9.56930,0.172677E-01
1.23352,9.57403,0.144412E-01
1.23413,9.57877,0.354124E-02
1.23474,9.58351,0.288729E-01
1.23535,9.58825,-0.443694E-01
1.23596,9.59298,-0.203169E-01
1.23657,9.59772,-0.568030E-02
1.23718,9.60246,-0.189835E-01
1.23779,9.60719,0.309742E-01
1.23840,9.61193,-0.558270E-02
1.23901,9.61667,-0.575615E-02
1.23962,9.62141,0.244538E-01
1.24023,9.62614,-0.104713E-01
1.24084,9.63088,0.325848E-01
1.24146,9.63562,0.267049E-02
1.24207,9.64036,0.192050E-01
1.24268,9.64509,-0.287005E-01
1.24329,9.64983,-0.286761E-01
1.24390,9.65457,0.249688E-01
1.24451,9.65930,-0.832498E-02
1.24512,9.66404,-0.261430E-01
1.24573,9.66878,-0.375577E-01
1.24634,9.67352,-0.279626E-02
1.24695,9.67825,0.394167E-02
1.24756,9.68299,0.103602E-02
1.24817,9.68773,0.397681E-01
1.24878,9.69247,0.145368E-01
1.24939,9.69720,0.622762E-02
1.25000,9.70194,-0.106909E-01
1.25061,9.70668,0.110735E-01
1.25122,9.71141,0.194364E-01
1.25183,9.71615,0.223894E-01
1.25244,9.72089,-0.853472E-04
1.25305,9.72563,0.192429E-01
1.25366,9.73036,-0.282764E-01
1.25427,9.73510,-0.410234E-01
1.25488,9.73984,0.326225E-01
1.25549,9.74458,-0.673104E-01
1.25610,9.74931,-0.379826E-03
1.25671,9.75405,0.118599
1.25732,9.75879,0.854212E-01
1.25793,9.76352,-0.414327E-01
1.25854,9.76826,0.332952E-02
1.25916,9.77300,-0.141151E-01
1.25977,9.77774,-0.282951E-01
1.26038,9.78247,0.134252E-01
1.26099,9.78721,0.224129
1.26160,9.79195,0.287316E-01
1.26221,9.79669,0.128394E-01
1.26282,9.80142,0.586768E-02
1.26343,9.80616,0.130183
1.26404,9.81090,0.192295E-01
1.26465,9.81563,-0.465702E-01
1.26526,9.82037,0.949317E-02
1.26587,9.82511,-0.210865E-01
1.26648,9.82985,-0.109566E-02
1.26709,9.83458,0.182970E-01
1.26770,9.83932,-0.231696E-01
1.26831,9.84406,-0.417380E-02
1.26892,9.84880,0.388472E-01
1.26953,9.85353,-0.510459E-01
1.27014,9.85827,0.101578E-02
1.27075,9.86301,0.223407E-01
1.27136,9.86774,0.427199E-01
1.27197,9.87248,-0.243374E-01
1.27258,9.87722,0.143870E-01
1.27319,9.88196,-0.198013E-01
1.27380,9.88669,-0.141620E-01
1.27441,9.89143,0.944374E-01
1.27502,9.89617,-0.187200E-01
1.27563,9.90091,-0.664777E-01
1.27625,9.90564,0.564392E-01
1.27686,9.91038,0.227791E-01
1.27747,9.91512,0.769360E-02
1.27808,9.91985,0.302319E-01
1.27869,9.92459,0.471455E-01
1.27930,9.92933,0.344028E-01
1.27991,9.93407,-0.707858E-02
1.28052,9.93880,0.172628E-01
1.28113,9.94354,-0.198901E-02
1.28174,9.94828,0.340771E-01
1.28235,9.95302,0.262114E-01
1.28296,9.95775,-0.285170E-01
1.28357,9.96249,-0.221326E-02
1.28418,9.96723,-0.256816E-01
1.28479,9.97196,0.415707E-02
1.28540,9.97670,0.643302E-01
1.28601,9.98144,0.118605E-01
1.28662,9.98618,0.373754E-02
1.28723,9.99091,0.487998E-01
1.28784,9.99565,-0.529132E-01
1.28845,10.0004,-0.557078E-01
1.28906,10.0051,0.301803E-01
1.28967,10.0099,0.142491E-01
1.29028,10.0146,0.284879E-01
1.29089,10.0193,-0.857265E-02
1.29150,10.0241,0.874423E-02
1.29211,10.0288,0.260904E-01
1.29272,10.0335,0.285984E-01
1.29333,10.0383,0.163010E-01
1.29395,10.0430,0.150780
1.29456,10.0478,0.115228E-01
1.29517,10.0525,0.285721E-01
1.29578,10.0572,0.642009E-02
1.29639,10.0620,-0.574046E-02
1.29700,10.0667,0.215121E-01
1.29761,10.0714,-0.143295
1.29822,10.0762,0.683111E-02
1.29883,10.0809,-0.298240E-01
1.29944,10.0857,0.639201E-01
1.30005,10.0904,0.644005E-02
1.30066,10.0951,0.817696E-01
1.30127,10.0999,-0.373339E-01
1.30188,10.1046,-0.178595E-01
1.30249,10.1093,-0.304943E-01
1.30310,10.1141,-0.582481E-01
1.30371,10.1188,0.428583E-01
1.30432,10.1236,0.201419E-01
1.30493,10.1283,0.408080E-01
1.30554,10.1330,-0.747820E-01
1.30615,10.1378,0.210917E-01
1.30676,10.1425,0.929027E-02
1.30737,10.1472,-0.155753E-02
1.30798,10.1520,-0.242883E-01
1.30859,10.1567,0.186890E-02
1.30920,10.1615,-0.439141E-01
1.30981,10.1662,0.515986E-01
1.31042,10.1709,-0.186931E-01
1.31104,10.1757,0.433556E-01
1.31165,10.1804,-0.254939E-02
1.31226,10.1851,0.521855E-01
1.31287,10.1899,-0.956334E-02
1.31348,10.1946,0.537127E-01
1.31409,10.1994,-0.838431E-03
1.31470,10.2041,-0.309441E-02
1.31531,10.2088,0.277142E-01
1.31592,10.2136,0.200312E-02
1.31653,10.2183,-0.461888E-02
1.31714,10.2230,0.145274E-01
1.31775,10.2278,0.378019E-01
1.31836,10.2325,-0.474520E-01
1.31897,10.2373,-0.328735E-01
1.31958,10.2420,0.144754E-03
1.32019,10.2467,0.406466E-01
1.32080,10.2515,-0.936570E-02
1.32141,10.2562,0.238605E-01
1.32202,10.2609,-0.270342E-01
1.32263,10.2657,0.304605E-01
1.32324,10.2704,0.482411E-02
1.32385,10.2752,-0.440498E-02
1.32446,10.2799,-0.994893E-02
1.32507,10.2846,-0.418599E-01
1.32568,10.2894,0.972523E-01
1.32629,10.2941,0.142809E-01
1.32690,10.2988,-0.197911E-01
1.32751,10.3036,-0.389306E-02
1.32812,10.3083,0.544828E-01
1.32874,10.3130,0.724744E-01
1.32935,10.3178,-0.169158E-01
1.32996,10.3225,-0.197941E-01
1.33057,10.3273,0.594009E-02
1.33118,10.3320,0.520380E-01
1.33179,10.3367,0.210856E-01
1.33240,10.3415,-0.627806E-01
1.33301,10.3462,0.165642E-01
1.33362,10.3509,-0.102778E-01
1.33423,10.3557,0.318823E-01
1.33484,10.3604,-0.394940E-02
1.33545,10.3652,0.105914E-01
1.33606,10.3699,-0.118696E-01
1.33667,10.3746,-0.439641E-01
1.33728,10.3794,0.300816E-01
1.33789,10.3841,0.270838E-01
1.33850,10.3888,0.548710E-01
1.33911,10.3936,0.702750E-01
1.33972,10.3983,-0.464041E-01
1.34033,10.4031,-0.496335E-01
1.34094,10.4078,-0.138998E-01
1.34155,10.4125,0.455136E-01
1.34216,10.4173,0.666608E-01
1.34277,10.4220,0.652224E-02
1.34338,10.4267,-0.171095E-01
1.34399,10.4315,0.132466E-01
1.34460,10.4362,-0.169353E-01
1.34521,10.4410,0.664668E-02
1.34583,10.4457,0.522098E-01
1.34644,10.4504,-0.775704E-02
1.34705,10.4552,-0.189858E-01
1.34766,10.4599,0.597107E-01
1.34827,10.4646,-0.168052E-01
1.34888,10.4694,0.186499E-01
1.34949,10.4741,0.271058E-02
1.35010,10.4789,0.693349E-01
1.35071,10.4836,0.117015E-01
1.35132,10.4883,0.150365E-01
1.35193,10.4931,0.607998E-02
1.35254,10.4978,0.225819E-01
1.35315,10.5025,0.302194E-01
1.35376,10.5073,-0.792004E-01
1.35437,10.5120,0.197992E-01
1.35498,10.5168,0.140145E-01
1.35559,10.5215,0.438448E-01
1.35620,10.5262,0.837474E-02
1.35681,10.5310,-0.487127E-02
1.35742,10.5357,0.477515E-01
1.35803,10.5404,-0.114648E-01
1.35864,10.5452,-0.260715E-01
1.35925,10.5499,0.221285E-01
1.35986,10.5546,-0.339607E-01
1.36047,10.5594,0.349772E-01
1.36108,10.5641,0.149094E-01
1.36169,10.5689,-0.776627E-02
1.36230,10.5736,-0.251275E-01
1.36292,10.5783,-0.256679E-01
1.36353,10.5831,-0.195239E-01
1.36414,10.5878,-0.359315E-01
1.36475,10.5925,0.838702E-02
1.36536,10.5973,-0.194101E-03
1.36597,10.6020,0.239747E-01
1.36658,10.6068,0.182311E-01
1.36719,10.6115,0.561346E-01
1.36780,10.6162,-0.687632E-01
1.36841,10.6210,-0.482621E-01
1.36902,10.6257,0.165020E-02
1.36963,10.6304,-0.129663E-01
1.37024,10.6352,0.109304E-01
1.37085,10.6399,0.719209E-02
1.37146,10.6447,-0.316397E-01
1.37207,10.6494,0.575333E-01
1.37268,10.6541,-0.279126E-01
1.37329,10.6589,-0.447362E-02
1.37390,10.6636,-0.297907E-01
1.37451,10.6683,-0.890734E-01
1.37512,10.6731,0.378834E-01
1.37573,10.6778,0.454133E-02
1.37634,10.6826,-0.671316E-03
1.37695,10.6873,0.581102E-01
1.37756,10.6920,0.474507E-02
1.37817,10.6968,-0.487211E-05
1.37878,10.7015,0.380155E-01
1.37939,10.7062,-0.206896E-03
1.38000,10.7110,0.259934E-01
1.38062,10.7157,-0.411878E-01
1.38123,10.7205,0.581689E-01
1.38184,10.7252,0.264942E-01
1.38245,10.7299,0.110604
1.38306,10.7347,0.263792E-01
1.38367,10.7394,-0.241485E-01
1.38428,10.7441,-0.224082E-02
1.38489,10.7489,0.259383E-01
1.38550,10.7536,-0.450433E-02
1.38611,10.7584,0.891961E-02
1.38672,10.7631,-0.779747E-02
1.38733,10.7678,-0.428886E-02
1.38794,10.7726,0.167738E-01
1.38855,10.7773,-0.317669E-02
1.38916,10.7820,0.763978E-03
1.38977,10.7868,0.522697E-02
1.39038,10.7915,0.413788E-02
1.39099,10.7963,-0.287280E-01
1.39160,10.8010,-0.103132E-01
1.39221,10.8057,0.231982E-02
1.39282,10.8105,0.936452E-02
1.39343,10.8152,-0.343090E-01
1.39404,10.8199,0.339119E-01
1.39465,10.8247,-0.132911E-01
1.39526,10.8294,-0.553039E-03
1.39587,10.8341,0.219259E-01
1.39648,10.8389,0.238599E-01
1.39709,10.8436,-0.102029E-01
1.39771,10.8484,-0.699837E-01
1.39832,10.8531,0.308592E-01
1.39893,10.8578,-0.192984E-01
1.39954,10.8626,0.142831E-01
1.40015,10.8673,0.208383E-01
1.40076,10.8720,-0.579872E-02
1.40137,10.8768,0.122319E-01
1.40198,10.8815,-0.115506E-02
1.40259,10.8863,0.702058E-03
1.40320,10.8910,-0.355269E-02
1.40381,10.8957,0.396980E-02
1.40442,10.9005,-0.284539E-01
1.40503,10.9052,-0.582633E-01
1.40564,10.9099,-0.326553E-02
1.40625,10.9147,0.183379E-01
1.40686,10.9194,0.360645E-01
1.40747,10.9242,-0.400489E-02
1.40808,10.9289,0.945541E-02
1.40869,10.9336,0.134517E-02
1.40930,10.9384,0.475744E-02
1.40991,10.9431,0.379683E-01
1.41052,10.9478,0.643560E-02
1.41113,10.9526,0.203429E-01
1.41174,10.9573,0.957485E-02
1.41235,10.9621,0.239736E-01
1.41296,10.9668,-0.156286
1.41357,10.9715,-0.331482E-01
1.41418,10.9763,0.617266E-02
1.41479,10.9810,-0.316580E-01
1.41541,10.9857,0.199563E-01
1.41602,10.9905,-0.354253E-02
1.41663,10.9952,0.362513E-01
1.41724,11.0000,-0.128337E-01
1.41785,11.0047,0.155462E-01
1.41846,11.0094,0.456101E-02
1.41907,11.0142,0.129581E-01
1.41968,11.0189,-0.685877E-01
1.42029,11.0236,0.163096E-02
1.42090,11.0284,0.695615E-01
1.42151,11.0331,0.606618E-01
1.42212,11.0379,-0.280688E-02
1.42273,11.0426,-0.426414E-01
1.42334,11.0473,0.133448E-01
1.42395,11.0521,0.186412E-02
1.42456,11.0568,-0.612868E-01
1.42517,11.0615,0.298071E-02
1.42578,11.0663,0.185827E-01
1.42639,11.0710,0.105211E-01
1.42700,11.0757,0.373406E-02
1.42761,11.0805,-0.136481E-01
1.42822,11.0852,-0.661248E-01
1.42883,11.0900,0.346404E-01
1.42944,11.0947,0.550902E-01
1.43005,11.0994,0.724817E-02
1.43066,11.1042,0.149012E-01
1.43127,11.1089,-0.558283E-02
1.43188,11.1136,-0.153183E-01
1.43250,11.1184,0.130637E-01
1.43311,11.1231,0.353764E-01
1.43372,11.1279,-0.538985E-01
1.43433,11.1326,0.436495E-01
1.43494,11.1373,0.673539E-01
1.43555,11.1421,-0.303253E-01
1.43616,11.1468,0.380862E-01
1.43677,11.1515,0.273308E-01
1.43738,11.1563,0.187111E-01
1.43799,11.1610,0.276935E-01
1.43860,11.1658,0.260826E-01
1.43921,11.1705,0.225220E-01
1.43982,11.1752,0.121312E-01
1.44043,11.1800,-0.175966E-01
1.44104,11.1847,0.105362
1.44165,11.1894,0.260352E-01
1.44226,11.1942,0.828081E-02
1.44287,11.1989,-0.278901E-01
1.44348,11.2037,0.135811E-01
1.44409,11.2084,0.133130E-02
1.44470,11.2131,-0.231543E-01
1.44531,11.2179,-0.256750E-01
1.44592,11.2226,0.152108E-02
1.44653,11.2273,-0.182362E-01
1.44714,11.2321,0.188862E-01
1.44775,11.2368,0.207477E-01
1.44836,11.2416,-0.472068E-02
1.44897,11.2463,0.446306E-01
1.44958,11.2510,0.114972E-01
1.45020,11.2558,-0.119154E-02
1.45081,11.2605,-0.199525E-01
1.45142,11.2652,-0.488107E-01
1.45203,11.2700,-0.911012E-02
1.45264,11.2747,-0.307752E-01
1.45325,11.2795,0.577866E-01
1.45386,11.2842,0.743693E-01
1.45447,11.2889,0.716894E-01
1.45508,11.2937,0.552888E-01
1.45569,11.2984,-0.260106E-01
1.45630,11.3031,0.945906E-01
1.45691,11.3079,0.783155E-01
1.45752,11.3126,-0.358377E-02
1.45813,11.3174,0.424712E-01
1.45874,11.3221,0.276628E-03
1.45935,11.3268,0.475430E-02
1.45996,11.3316,-0.302110E-01
1.46057,11.3363,0.500304E-01
1.46118,11.3410,0.899588E-02
1.46179,11.3458,0.498265E-02
1.46240,11.3505,-0.263478E-02
1.46301,11.3552,0.101552
1.46362,11.3600,0.377397E-02
1.46423,11.3647,0.133343E-01
1.46484,11.3695,0.912728E-02
1.46545,11.3742,-0.171535E-03
1.46606,11.3789,-0.342251E-01
1.46667,11.3837,0.416105E-02
1.46729,11.3884,-0.845480E-02
1.46790,11.3931,-0.811886E-02
1.46851,11.3979,-0.280228E-02
1.46912,11.4026,-0.292746E-01
1.46973,11.4074,-0.472141E-01
1.47034,11.4121,0.160983E-01
1.47095,11.4168,-0.115205E-01
1.47156,11.4216,0.667366E-03
1.47217,11.4263,0.284180E-01
1.47278,11.4310,0.688196E-01
1.47339,11.4358,0.420285E-01
1.47400,11.4405,0.905580E-01
1.47461,11.4453,0.710882E-01
1.47522,11.4500,0.270969E-01
1.47583,11.4547,0.350846E-02
1.47644,11.4595,0.190102E-01
1.47705,11.4642,-0.583171E-03
1.47766,11.4689,0.945273E-02
1.47827,11.4737,-0.530772E-02
1.47888,11.4784,0.106110E-01
1.47949,11.4832,0.201137E-01
1.48010,11.4879,0.340735E-01
1.48071,11.4926,0.130234E-03
1.48132,11.4974,0.416567E-02
1.48193,11.5021,-0.941134E-02
1.48254,11.5068,-0.392997E-01
1.48315,11.5116,0.239732E-01
1.48376,11.5163,-0.550280E-01
1.48438,11.5211,0.519709E-01
1.48499,11.5258,0.259795E-01
1.48560,11.5305,-0.136347E-02
1.48621,11.5353,0.573809E-01
1.48682,11.5400,-0.495274E-01
1.48743,11.5447,0.213071E-02
1.48804,11.5495,-0.329507E-01
1.48865,11.5542,-0.252607E-01
1.48926,11.5590,0.404575E-01
1.48987,11.5637,0.270374E-01
1.49048,11.5684,0.205423E-01
1.49109,11.5732,0.428338E-01
1.49170,11.5779,0.497395E-01
1.49231,11.5826,0.449147E-02
1.49292,11.5874,0.115926
1.49353,11.5921,-0.299873E-01
1.49414,11.5969,0.820123E-01
1.49475,11.6016,0.605410E-01
1.49536,11.6063,-0.644927E-02
1.49597,11.6111,-0.575361E-02
1.49658,11.6158,0.182236E-01
1.49719,11.6205,-0.302817E-01
1.49780,11.6253,0.472809E-02
1.49841,11.6300,0.483626E-01
1.49902,11.6347,-0.129347E-02
1.49963,11.6395,0.143513E-01
1.50024,11.6442,0.370228E-02
1.50085,11.6490,-0.216818E-01
1.50146,11.6537,0.775390E-01
1.50208,11.6584,0.105785
1.50269,11.6632,0.644418E-01
1.50330,11.6679,0.494161E-01
1.50391,11.6726,-0.172238E-01
1.50452,11.6774,-0.134050E-01
1.50513,11.6821,0.198402E-01
1.50574,11.6869,0.307674E-01
1.50635,11.6916,0.255629E-01
1.50696,11.6963,-0.230312E-01
1.50757,11.7011,-0.237938E-03
1.50818,11.7058,-0.203044E-01
1.50879,11.7105,0.738579E-01
1.50940,11.7153,0.106480E-01
1.51001,11.7200,-0.209601E-01
1.51062,11.7248,-0.151176E-01
1.51123,11.7295,0.735706E-02
1.51184,11.7342,0.206523E-01
1.51245,11.7390,0.142638
1.51306,11.7437,-0.104872E-01
1.51367,11.7484,0.225809E-01
1.51428,11.7532,0.828506E-02
1.51489,11.7579,-0.148551E-01
1.51550,11.7627,-0.153303E-01
1.51611,11.7674,0.153432E-01
1.51672,11.7721,0.138377E-01
1.51733,11.7769,-0.704558E-02
1.51794,11.7816,-0.110566E-01
1.51855,11.7863,0.455467E-01
1.51917,11.7911,0.356156E-01
1.51978,11.7958,0.313150E-02
1.52039,11.8006,0.126219E-02
1.52100,11.8053,0.435604E-01
1.52161,11.8100,-0.441563E-01
1.52222,11.8148,0.316553E-01
1.52283,11.8195,-0.812936E-02
1.52344,11.8242,0.169411E-01
1.52405,11.8290,-0.374522E-01
1.52466,11.8337,-0.304168E-02
1.52527,11.8385,0.218859E-01
1.52588,11.8432,0.189236E-01
1.52649,11.8479,0.150138E-01
1.52710,11.8527,-0.488020E-01
1.52771,11.8574,-0.144379E-01
1.52832,11.8621,-0.368517E-02
1.52893,11.8669,-0.836943E-02
1.52954,11.8716,0.177275E-01
1.53015,11.8763,-0.155577E-02
1.53076,11.8811,0.108086E-01
1.53137,11.8858,-0.191106E-01
1.53198,11.8906,0.373372E-01
1.53259,11.8953,-0.142351E-02
1.53320,11.9000,0.256779E-01
1.53381,11.9048,-0.350739E-01
1.53442,11.9095,0.359444E-01
1.53503,11.9142,0.465224E-01
1.53564,11.9190,0.426187E-01
1.53625,11.9237,-0.590350E-01
1.53687,11.9285,0.326191E-01
1.53748,11.9332,0.899976E-03
1.53809,11.9379,0.598365E-01
1.53870,11.9427,-0.233676E-01
1.53931,11.9474,-0.114316E-01
1.53992,11.9521,0.205649E-01
1.54053,11.9569,-0.469543E-02
1.54114,11.9616,0.633891E-02
1.54175,11.9664,-0.104676
1.54236,11.9711,0.916664E-01
1.54297,11.9758,0.238788E-02
1.54358,11.9806,0.140573
1.54419,11.9853,-0.366272E-01
1.54480,11.9900,-0.545742E-01
1.54541,11.9948,-0.756735E-02
1.54602,11.9995,-0.176395E-01
1.54663,12.0043,0.403298E-01
1.54724,12.0090,0.122487E-01
1.54785,12.0137,-0.197101E-01
1.54846,12.0185,-0.240804E-01
1.54907,12.0232,-0.754729E-02
1.54968,12.0279,-0.330620E-02
1.55029,12.0327,0.165234E-01
1.55090,12.0374,0.200748E-01
1.55151,12.0422,-0.357531E-02
1.55212,12.0469,-0.106018E-01
1.55273,12.0516,0.116082E-01
1.55334,12.0564,0.122316E-01
1.55396,12.0611,-0.280943E-01
1.55457,12.0658,0.909145E-02
1.55518,12.0706,0.273763E-01
1.55579,12.0753,-0.313549E-03
1.55640,12.0801,0.810285E-02
1.55701,12.0848,0.199024E-02
1.55762,12.0895,-0.146904E-01
1.55823,12.0943,-0.110920E-01
1.55884,12.0990,0.951705E-02
1.55945,12.1037,0.120724E-01
1.56006,12.1085,-0.339573E-02
1.56067,12.1132,0.140950E-01
1.56128,12.1180,0.610804E-01
1.56189,12.1227,0.499317E-01
1.56250,12.1274,0.505126E-01
1.56311,12.1322,-0.274617E-01
1.56372,12.1369,0.119365E-01
1.56433,12.1416,-0.337897E-02
1.56494,12.1464,0.196707E-01
1.56555,12.1511,-0.319174E-01
1.56616,12.1558,-0.158659E-01
1.56677,12.1606,-0.195160E-01
1.56738,12.1653,-0.360118E-02
1.56799,12.1701,0.209030E-01
1.56860,12.1748,0.233389E-02
1.56921,12.1795,0.588494E-02
1.56982,12.1843,0.115428E-01
1.57043,12.1890,-0.228916E-01
1.57104,12.1937,0.199151E-01
1.57166,12.1985,-0.842928E-02
1.57227,12.2032,0.561207E-01
1.57288,12.2080,0.320872E-01
1.57349,12.2127,0.296717E-01
1.57410,12.2174,0.772221E-02
1.57471,12.2222,0.103964
1.57532,12.2269,0.420069E-02
1.57593,12.2316,-0.747467E-01
1.57654,12.2364,-0.243296E-01
1.57715,12.2411,0.189655E-01
1.57776,12.2459,-0.188958E-02
1.57837,12.2506,-0.254391E-01
1.57898,12.2553,-0.502227E-02
1.57959,12.2601,0.202785E-02
1.58020,12.2648,0.341752E-01
1.58081,12.2695,0.261706E-01
1.58142,12.2743,0.184778E-01
1.58203,12.2790,-0.653813E-02
1.58264,12.2838,-0.586411E-02
1.58325,12.2885,0.125302E-02
1.58386,12.2932,0.684201E-02
1.58447,12.2980,-0.960950E-02
1.58508,12.3027,0.890804E-02
1.58569,12.3074,-0.133547E-02
1.58630,12.3122,0.841597E-02
1.58691,12.3169,-0.210925E-01
1.58752,12.3217,-0.394900E-01
1.58813,12.3264,-0.481885E-01
1.58875,12.3311,0.728188E-02
1.58936,12.3359,0.749561E-03
1.58997,12.3406,-0.912110E-02
1.59058,12.3453,0.497407E-02
1.59119,12.3501,0.580188E-01
1.59180,12.3548,0.627574E-01
1.59241,12.3596,0.152044E-01
1.59302,12.3643,-0.729218E-01
1.59363,12.3690,-0.224882E-02
1.59424,12.3738,-0.167606E-01
1.59485,12.3785,0.342239E-01
1.59546,12.3832,0.351195E-01
1.59607,12.3880,0.664392E-01
1.59668,12.3927,0.378259E-02
1.59729,12.3974,-0.230310E-01
1.59790,12.4022,0.103835E-01
1.59851,12.4069,0.712749E-02
1.59912,12.4117,-0.131525E-01
1.59973,12.4164,-0.184093E-01
1.60034,12.4211,-0.373484E-01
1.60095,12.4259,0.235588E-02
1.60156,12.4306,0.795725E-01
1.60217,12.4353,-0.917254E-02
1.60278,12.4401,0.546081E-01
1.60339,12.4448,-0.180298E-01
1.60400,12.4496,-0.105545E-01
1.60461,12.4543,-0.314989E-01
1.60522,12.4590,0.181017E-02
1.60583,12.4638,-0.196247E-01
1.60645,12.4685,-0.625704E-02
1.60706,12.4732,0.224207E-02
1.60767,12.4780,-0.101078E-02
1.60828,12.4827,0.110866E-01
1.60889,12.4875,-0.572770E-01
1.60950,12.4922,0.133657E-01
1.61011,12.4969,-0.134249E-01
1.61072,12.5017,0.525633E-02
1.61133,12.5064,0.319447E-01
1.61194,12.5111,-0.125712E-01
1.61255,12.5159,0.404736E-01
1.61316,12.5206,-0.229310E-01
1.61377,12.5254,0.111900E-01
1.61438,12.5301,0.168325E-02
1.61499,12.5348,0.269420E-01
1.61560,12.5396,-0.978734E-02
1.61621,12.5443,-0.199281E-01
1.61682,12.5490,-0.512258E-01
1.61743,12.5538,0.131882
1.61804,12.5585,0.268580E-02
1.61865,12.5633,-0.160499E-02
1.61926,12.5680,-0.204372E-01
1.61987,12.5727,-0.105864E-01
1.62048,12.5775,0.105885E-01
1.62109,12.5822,-0.127600E-01
1.62170,12.5869,-0.396649E-01
1.62231,12.5917,-0.413627E-02
1.62292,12.5964,0.118581E-01
1.62354,12.6012,-0.723268E-02
1.62415,12.6059,0.523838E-01
1.62476,12.6106,0.292991E-01
1.62537,12.6154,0.688975E-01
1.62598,12.6201,0.174630E-01
1.62659,12.6248,-0.189751E-01
1.62720,12.6296,0.292481E-01
1.62781,12.6343,-0.196523E-01
1.62842,12.6391,0.633705E-02
1.62903,12.6438,0.437849E-01
1.62964,12.6485,0.990028E-01
1.63025,12.6533,0.741184E-01
1.63086,12.6580,0.284711E-02
1.63147,12.6627,0.316909E-02
1.63208,12.6675,-0.891925E-01
1.63269,12.6722,-0.556230E-01
1.63330,12.6769,-0.173612E-01
1.63391,12.6817,-0.959319E-02
1.63452,12.6864,-0.553979E-02
1.63513,12.6912,0.653623E-02
1.63574,12.6959,0.224024E-02
1.63635,12.7006,0.435155E-01
1.63696,12.7054,0.492533E-01
1.63757,12.7101,-0.342434E-02
1.63818,12.7148,0.986379E-01
1.63879,12.7196,0.113520E-01
1.63940,12.7243,0.164517E-01
1.64001,12.7291,-0.306638E-01
1.64062,12.7338,0.176490E-02
1.64124,12.7385,-0.932245E-02
1.64185,12.7433,-0.945274E-02
1.64246,12.7480,0.201405E-01
1.64307,12.7527,0.165288E-01
1.64368,12.7575,0.424704E-01
1.64429,12.7622,0.204178E-02
1.64490,12.7670,0.350212E-01
1.64551,12.7717,0.296123E-01
1.64612,12.7764,0.536370E-02
1.64673,12.7812,0.296699E-01
1.64734,12.7859,0.373017E-01
1.64795,12.7906,0.503601E-03
1.64856,12.7954,0.104084E-01
1.64917,12.8001,-0.452185E-01
1.64978,12.8049,0.751133E-02
1.65039,12.8096,0.415757E-02
1.65100,12.8143,-0.438145E-02
1.65161,12.8191,0.406900E-01
1.65222,12.8238,0.366421E-02
1.65283,12.8285,0.468225E-02
1.65344,12.8333,0.543189E-01
1.65405,12.8380,-0.234366E-01
1.65466,12.8428,0.438082E-01
1.65527,12.8475,-0.358362E-01
1.65588,12.8522,0.174262E-01
1.65649,12.8570,-0.572204E-01
1.65710,12.8617,-0.546533E-02
1.65771,12.8664,0.117158E-01
1.65833,12.8712,0.295836E-02
1.65894,12.8759,0.152538E-01
1.65955,12.8807,0.864073E-02
1.66016,12.8854,-0.891079E-02
1.66077,12.8901,-0.615397E-01
1.66138,12.8949,-0.372529E-01
1.66199,12.8996,0.456418E-02
1.66260,12.9043,0.384541E-02
1.66321,12.9091,0.238951E-01
1.66382,12.9138,-0.710044E-02
1.66443,12.9185,0.232012E-01
1.66504,12.9233,0.348114E-01
1.66565,12.9280,0.261282E-01
1.66626,12.9328,-0.180291E-01
1.66687,12.9375,0.201664E-01
1.66748,12.9422,0.340812E-01
1.66809,12.9470,0.242480E-01
1.66870,12.9517,0.462155E-01
1.66931,12.9564,-0.117014E-01
1.66992,12.9612,0.945138E-02
1.67053,12.9659,0.241169E-01
1.67114,12.9707,0.268708E-01
1.67175,12.9754,0.118153
1.67236,12.9801,-0.709725E-02
1.67297,12.9849,0.194937E-01
1.67358,12.9896,0.417099E-01
1.67419,12.9943,-0.269116E-02
1.67480,12.9991,0.386845E-01
1.67542,13.0038,0.422517E-02
1.67603,13.0086,0.454981E-01
1.67664,13.0133,0.461687E-01
1.67725,13.0180,0.123291E-01
1.67786,13.0228,-0.967325E-02
1.67847,13.0275,0.325210E-02
1.67908,13.0322,0.567057E-02
1.67969,13.0370,-0.227110E-01
1.68030,13.0417,0.136643E-01
1.68091,13.0465,-0.208692E-01
1.68152,13.0512,0.646202E-01
1.68213,13.0559,0.273057E-02
1.68274,13.0607,0.261554E-01
1.68335,13.0654,0.959017E-03
1.68396,13.0701,-0.759293E-02
1.68457,13.0749,0.365820E-01
1.68518,13.0796,0.267523E-01
1.68579,13.0844,0.496537E-01
1.68640,13.0891,0.175458E-01
1.68701,13.0938,0.318904E-01
1.68762,13.0986,0.440219E-02
1.68823,13.1033,0.107380E-01
1.68884,13.1080,0.995342E-01
1.68945,13.1128,-0.888834E-02
1.69006,13.1175,0.210346E-01
1.69067,13.1223,0.259286E-02
1.69128,13.1270,0.232183E-01
1.69189,13.1317,0.198830E-02
1.69250,13.1365,0.252890E-01
1.69312,13.1412,0.106797E-01
1.69373,13.1459,-0.230556E-03
1.69434,13.1507,-0.298368E-01
1.69495,13.1554,0.448732E-01
1.69556,13.1602,0.400262E-01
1.69617,13.1649,0.456470E-01
1.69678,13.1696,-0.586601E-01
1.69739,13.1744,0.109748E-01
1.69800,13.1791,0.621410E-01
1.69861,13.1838,0.676485E-01
1.69922,13.1886,0.262128E-01
1.69983,13.1933,0.385868E-01
1.70044,13.1980,-0.370115E-02
1.70105,13.2028,0.132962E-01
1.70166,13.2075,-0.832561E-02
1.70227,13.2123,-0.473175E-02
1.70288,13.2170,0.555366E-01
1.70349,13.2217,-0.188741E-01
1.70410,13.2265,-0.709205E-02
1.70471,13.2312,0.141141E-01
1.70532,13.2359,-0.514538E-02
1.70593,13.2407,0.409343E-01
1.70654,13.2454,-0.292537E-01
1.70715,13.2502,-0.266024E-02
1.70776,13.2549,-0.767537E-02
1.70837,13.2596,0.989147E-01
1.70898,13.2644,0.362278E-02
1.70959,13.2691,0.281186E-02
1.71021,13.2738,0.321097E-01
1.71082,13.2786,0.514544E-01
1.71143,13.2833,0.568249E-02
1.71204,13.2881,0.395399E-01
1.71265,13.2928,0.635846E-01
1.71326,13.2975,0.481475E-02
1.71387,13.3023,0.100383
1.71448,13.3070,0.648877E-01
1.71509,13.3117,-0.269976E-01
1.71570,13.3165,0.186839E-01
1.71631,13.3212,0.303299E-01
1.71692,13.3260,0.149116E-01
1.71753,13.3307,0.185895E-02
1.71814,13.3354,0.255852E-01
1.71875,13.3402,0.719231E-01
1.71936,13.3449,0.778940E-02
1.71997,13.3496,0.194032E-01
1.72058,13.3544,0.530761E-02
1.72119,13.3591,0.985688E-02
1.72180,13.3639,0.650211E-02
1.72241,13.3686,0.163167
1.72302,13.3733,-0.148963E-02
1.72363,13.3781,-0.123048E-01
1.72424,13.3828,-0.268122E-02
1.72485,13.3875,-0.693110E-02
1.72546,13.3923,0.192758E-01
1.72607,13.3970,0.110458E-01
1.72668,13.4018,-0.560965E-04
1.72729,13.4065,0.211598E-01
1.72791,13.4112,0.106848E-02
1.72852,13.4160,0.131677E-01
1.72913,13.4207,-0.199735E-02
1.72974,13.4254,0.159551E-01
1.73035,13.4302,-0.760932E-03
1.73096,13.4349,0.323647E-01
1.73157,13.4397,0.347203E-01
1.73218,13.4444,0.215428E-02
1.73279,13.4491,0.458568E-02
1.73340,13.4539,0.782326E-03
1.73401,13.4586,-0.695640E-03
1.73462,13.4633,0.646460E-02
1.73523,13.4681,0.918466E-01
1.73584,13.4728,-0.987276E-02
1.73645,13.4775,0.562559E-02
1.73706,13.4823,0.156712E-01
1.73767,13.4870,0.313857E-01
1.73828,13.4918,0.868700E-02
1.73889,13.4965,0.134941E-02
1.73950,13.5012,-0.270070E-02
1.74011,13.5060,0.567679E-01
1.74072,13.5107,-0.123396E-01
1.74133,13.5154,0.156397E-01
1.74194,13.5202,0.221025E-02
1.74255,13.5249,0.490000E-01
1.74316,13.5297,0.604875E-02
1.74377,13.5344,0.155389E-01
1.74438,13.5391,0.112462E-02
1.74500,13.5439,-0.761645E-02
1.74561,13.5486,-0.233629E-01
1.74622,13.5533,0.201644E-01
1.74683,13.5581,0.759452E-01
1.74744,13.5628,0.658681E-01
1.74805,13.5676,-0.142054E-01
1.74866,13.5723,-0.919956E-01
1.74927,13.5770,0.192362E-01
1.74988,13.5818,0.664762E-01
1.75049,13.5865,-0.445623E-01
1.75110,13.5912,0.985198E-01
1.75171,13.5960,-0.544236E-01
1.75232,13.6007,-0.260481E-01
1.75293,13.6055,-0.527105E-02
1.75354,13.6102,0.128823
1.75415,13.6149,0.103262E-01
1.75476,13.6197,0.288484E-01
1.75537,13.6244,0.449744E-02
1.75598,13.6291,-0.293015E-01
1.75659,13.6339,0.214807E-01
1.75720,13.6386,0.117074
1.75781,13.6434,0.405020E-01
1.75842,13.6481,-0.470064E-01
1.75903,13.6528,0.786233E-02
1.75964,13.6576,0.378177E-02
1.76025,13.6623,0.375720E-01
1.76086,13.6670,-0.980101E-02
1.76147,13.6718,0.261023E-01
1.76208,13.6765,-0.432226E-01
1.76270,13.6813,0.115715E-01
1.76331,13.6860,-0.130983E-01
1.76392,13.6907,0.902808E-02
1.76453,13.6955,-0.670252E-01
1.76514,13.7002,0.207470E-02
1.76575,13.7049,-0.411028E-02
1.76636,13.7097,0.108381E-02
1.76697,13.7144,-0.284034E-01
1.76758,13.7191,0.183241E-01
1.76819,13.7239,0.108206E-01
1.76880,13.7286,-0.221028E-01
1.76941,13.7334,0.531390E-01
1.77002,13.7381,0.747173E-02
1.77063,13.7428,0.158390E-01
1.77124,13.7476,-0.564702E-01
1.77185,13.7523,0.498457E-02
1.77246,13.7570,0.128592E-01
1.77307,13.7618,0.192588E-01
1.77368,13.7665,0.184212E-01
1.77429,13.7713,0.332753E-01
1.77490,13.7760,0.569355E-01
1.77551,13.7807,0.134057E-01
1.77612,13.7855,0.692093E-02
1.77673,13.7902,0.293051E-01
1.77734,13.7949,0.326732E-02
1.77795,13.7997,-0.275559E-01
1.77856,13.8044,0.155230E-01
1.77917,13.8092,0.227571E-01
1.77979,13.8139,-0.326285E-03
1.78040,13.8186,-0.249041E-01
1.78101,13.8234,0.104068
1.78162,13.8281,-0.138744E-01
1.78223,13.8328,0.113909E-01
1.78284,13.8376,-0.356897E-02
1.78345,13.8423,0.101669E-01
1.78406,13.8471,0.499458E-02
1.78467,13.8518,0.341205E-01
1.78528,13.8565,0.454697E-01
1.78589,13.8613,-0.210859E-01
1.78650,13.8660,0.804876E-01
1.78711,13.8707,-0.119152E-02
1.78772,13.8755,0.584265E-02
1.78833,13.8802,-0.542200E-01
1.78894,13.8850,-0.543042E-01
1.78955,13.8897,-0.524084E-01
1.79016,13.8944,0.799977E-02
1.79077,13.8992,-0.452434E-01
1.79138,13.9039,0.647248E-02
1.79199,13.9086,0.556130E-01
1.79260,13.9134,0.104413E-01
1.79321,13.9181,-0.222163E-02
1.79382,13.9229,-0.413598E-01
1.79443,13.9276,0.186146E-01
1.79504,13.9323,-0.330259E-01
1.79565,13.9371,-0.110244
1.79626,13.9418,-0.303683E-01
1.79688,13.9465,0.630185E-02
1.79749,13.9513,-0.725460E-02
1.79810,13.9560,0.112722E-01
1.79871,13.9608,-0.127126E-01
1.79932,13.9655,-0.278903E-01
1.79993,13.9702,0.411621E-01
1.80054,13.9750,-0.145735E-01
1.80115,13.9797,0.176721E-01
1.80176,13.9844,0.191741E-01
1.80237,13.9892,0.393116E-02
1.80298,13.9939,0.752306E-02
1.80359,13.9986,-0.358093E-02
1.80420,14.0034,-0.143289E-01
1.80481,14.0081,0.191132E-01
1.80542,14.0129,0.299830E-01
1.80603,14.0176,-0.260384E-01
1.80664,14.0223,-0.621199E-02
1.80725,14.0271,-0.671264E-02
1.80786,14.0318,0.169287E-01
1.80847,14.0365,0.558405E-03
1.80908,14.0413,0.366637E-01
1.80969,14.0460,0.320474E-01
1.81030,14.0508,0.761094E-02
1.81091,14.0555,0.730680E-02
1.81152,14.0602,-0.111531E-01
1.81213,14.0650,-0.199977E-01
1.81274,14.0697,0.297549E-02
1.81335,14.0744,0.381631E-01
1.81396,14.0792,0.311491E-01
1.81458,14.0839,0.785925E-03
1.81519,14.0887,0.127374E-01
1.81580,14.0934,0.124034E-01
1.81641,14.0981,0.174402E-01
1.81702,14.1029,0.371829E-01
1.81763,14.1076,-0.108450E-01
1.81824,14.1123,-0.233554E-01
1.81885,14.1171,-0.988346E-02
1.81946,14.1218,-0.637132E-02
1.82007,14.1266,0.341957E-01
1.82068,14.1313,0.422068E-01
1.82129,14.1360,0.469948E-01
1.82190,14.1408,0.237080E-02
1.82251,14.1455,-0.269053E-02
1.82312,14.1502,-0.274814E-01
1.82373,14.1550,0.431055E-02
1.82434,14.1597,0.939208E-03
1.82495,14.1645,0.625522E-01
1.82556,14.1692,0.395927E-02
1.82617,14.1739,0.161137E-01
1.82678,14.1787,0.229806E-01
1.82739,14.1834,0.230106E-01
1.82800,14.1881,0.133395
1.82861,14.1929,0.415807E-03
1.82922,14.1976,-0.108353E-01
1.82983,14.2024,-0.270571E-03
1.83044,14.2071,0.127690E-02
1.83105,14.2118,0.195134E-01
1.83167,14.2166,0.387773E-02
1.83228,14.2213,-0.769617E-02
1.83289,14.2260,0.870022E-01
1.83350,14.2308,0.918827E-02
1.83411,14.2355,-0.180889E-01
1.83472,14.2402,0.347120E-01
1.83533,14.2450,0.112719E-01
1.83594,14.2497,-0.994200E-03
1.83655,14.2545,-0.192674E-01
1.83716,14.2592,-0.284807E-03
1.83777,14.2639,0.156280E-01
1.83838,14.2687,-0.197733E-01
1.83899,14.2734,0.993638E-02
1.83960,14.2781,0.185300E-01
1.84021,14.2829,-0.924396E-02
1.84082,14.2876,-0.964733E-02
1.84143,14.2924,-0.466679E-01
1.84204,14.2971,-0.501514E-01
1.84265,14.3018,-0.601706E-02
1.84326,14.3066,0.577149E-02
1.84387,14.3113,-0.628036E-02
1.84448,14.3160,-0.729024E-02
1.84509,14.3208,0.133176E-01
1.84570,14.3255,-0.191457E-01
1.84631,14.3303,0.298622E-01
1.84692,14.3350,0.584592E-01
1.84753,14.3397,0.249211E-01
1.84814,14.3445,0.822303E-02
1.84875,14.3492,0.277745E-02
1.84937,14.3539,0.114250
1.84998,14.3587,0.627762E-01
1.85059,14.3634,-0.616055E-02
1.85120,14.3682,-0.198172E-02
1.85181,14.3729,0.175465E-01
1.85242,14.3776,-0.183104E-02
1.85303,14.3824,0.982401E-03
1.85364,14.3871,-0.137134E-02
1.85425,14.3918,0.498536E-01
1.85486,14.3966,-0.332547E-01
1.85547,14.4013,0.198360E-01
1.85608,14.4061,0.185178E-01
1.85669,14.4108,-0.662429E-01
1.85730,14.4155,-0.803026E-03
1.85791,14.4203,0.223182E-01
1.85852,14.4250,0.723835E-02
1.85913,14.4297,-0.120577E-01
1.85974,14.4345,-0.468584E-03
1.86035,14.4392,0.588172E-01
1.86096,14.4440,-0.567799E-02
1.86157,14.4487,0.348941E-01
1.86218,14.4534,0.189746E-01
1.86279,14.4582,-0.938958E-03
1.86340,14.4629,-0.419365E-01
1.86401,14.4676,0.308922E-01
1.86462,14.4724,0.882248E-02
1.86523,14.4771,0.699373E-01
1.86584,14.4819,0.703341E-01
1.86646,14.4866,-0.340455E-02
1.86707,14.4913,-0.881095E-02
1.86768,14.4961,0.219746E-01
1.86829,14.5008,-0.601492E-02
1.86890,14.5055,-0.421136E-02
1.86951,14.5103,-0.177547E-02
1.87012,14.5150,0.516312E-03
1.87073,14.5197,0.259557E-01
1.87134,14.5245,-0.386195E-02
1.87195,14.5292,-0.947381E-01
1.87256,14.5340,0.136283E-01
1.87317,14.5387,0.463896E-02
1.87378,14.5434,0.424033E-01
1.87439,14.5482,0.575176E-02
1.87500,14.5529,0.439976E-01
1.87561,14.5576,-0.489773E-02
1.87622,14.5624,-0.830812E-02
1.87683,14.5671,0.766073E-01
1.87744,14.5719,0.300883E-01
1.87805,14.5766,0.251190E-02
1.87866,14.5813,-0.443945E-01
1.87927,14.5861,-0.360191E-02
1.87988,14.5908,-0.162248E-03
1.88049,14.5955,0.256541E-02
1.88110,14.6003,0.307350E-01
1.88171,14.6050,-0.740444E-02
1.88232,14.6098,0.392829E-01
1.88293,14.6145,0.134248E-01
1.88354,14.6192,0.201706E-01
1.88416,14.6240,-0.945138E-02
1.88477,14.6287,0.436987E-02
1.88538,14.6334,-0.106835E-01
1.88599,14.6382,0.126318
1.88660,14.6429,0.767982E-02
1.88721,14.6477,0.656973E-02
1.88782,14.6524,-0.239058E-02
1.88843,14.6571,-0.377116E-01
1.88904,14.6619,0.342022E-01
1.88965,14.6666,-0.367806E-01
1.89026,14.6713,-0.638921E-03
1.89087,14.6761,0.832820E-02
1.89148,14.6808,0.619333E-02
1.89209,14.6856,-0.183710E-02
1.89270,14.6903,0.170525E-02
1.89331,14.6950,0.248553E-01
1.89392,14.6998,-0.964836E-02
1.89453,14.7045,-0.298682E-02
1.89514,14.7092,-0.913571E-02
1.89575,14.7140,0.266513E-01
1.89636,14.7187,0.389541E-02
1.89697,14.7235,0.866325E-01
1.89758,14.7282,-0.324701E-02
1.89819,14.7329,-0.221140E-02
1.89880,14.7377,0.738096E-01
1.89941,14.7424,0.546892E-01
1.90002,14.7471,0.528029E-01
1.90063,14.7519,0.202711E-01
1.90125,14.7566,0.362237E-01
1.90186,14.7613,0.555294E-01
1.90247,14.7661,0.243715E-02
1.90308,14.7708,0.472869E-03
1.90369,14.7756,-0.313957E-02
1.90430,14.7803,0.510871E-01
1.90491,14.7850,-0.702585E-02
1.90552,14.7898,0.358696E-01
1.90613,14.7945,-0.192050E-01
1.90674,14.7992,0.484216E-01
1.90735,14.8040,0.213313E-01
1.90796,14.8087,0.665120E-02
1.90857,14.8135,-0.215297E-01
1.90918,14.8182,0.436231E-01
1.90979,14.8229,-0.366242E-02
1.91040,14.8277,-0.177955E-01
1.91101,14.8324,0.612668E-02
1.91162,14.8371,0.107900E-01
1.91223,14.8419,-0.819411E-02
1.91284,14.8466,0.360740E-02
1.91345,14.8514,-0.336220E-02
1.91406,14.8561,-0.128832E-01
1.91467,14.8608,0.375657E-01
1.91528,14.8656,0.510626E-02
1.91589,14.8703,-0.761322E-01
1.91650,14.8750,-0.303915E-01
1.91711,14.8798,0.194219E-01
1.91772,14.8845,0.387546E-01
1.91833,14.8893,0.205543E-01
1.91895,14.8940,-0.448289E-01
1.91956,14.8987,0.162100E-01
1.92017,14.9035,0.149541E-01
1.92078,14.9082,0.460291E-01
1.92139,14.9129,0.697608E-01
1.92200,14.9177,0.128584E-01
1.92261,14.9224,-0.260657E-02
1.92322,14.9272,-0.659966E-02
1.92383,14.9319,0.802316E-01
1.92444,14.9366,-0.386814E-01
1.92505,14.9414,0.736202E-03
1.92566,14.9461,0.105768E-01
1.92627,14.9508,0.230219E-01
1.92688,14.9556,0.567450E-02
1.92749,14.9603,0.154542E-01
1.92810,14.9651,0.451018E-01
1.92871,14.9698,0.109931E-01
1.92932,14.9745,-0.994905E-01
1.92993,14.9793,0.909644E-01
1.93054,14.9840,0.166116E-01
1.93115,14.9887,-0.192756E-01
1.93176,14.9935,-0.184507E-01
1.93237,14.9982,0.186574E-02
1.93298,15.0030,0.218642
1.93359,15.0077,-0.235434E-01
1.93420,15.0124,0.134475E-01
1.93481,15.0172,-0.147938E-01
1.93542,15.0219,-0.225022E-02
1.93604,15.0266,0.223682E-01
1.93665,15.0314,-0.259193E-01
1.93726,15.0361,-0.532610E-01
1.93787,15.0408,-0.335505E-02
1.93848,15.0456,0.236629E-01
1.93909,15.0503,0.166839E-01
1.93970,15.0551,0.119595E-01
1.94031,15.0598,0.521347E-01
1.94092,15.0645,-0.891342E-02
1.94153,15.0693,-0.889771E-03
1.94214,15.0740,-0.104065E-01
1.94275,15.0787,0.282138E-02
1.94336,15.0835,0.436799E-02
1.94397,15.0882,-0.192565E-01
1.94458,15.0930,0.377729E-02
1.94519,15.0977,-0.155393E-01
1.94580,15.1024,-0.329929E-01
1.94641,15.1072,0.187675E-01
1.94702,15.1119,-0.190786E-01
1.94763,15.1166,-0.788991E-02
1.94824,15.1214,-0.388302E-01
1.94885,15.1261,-0.131674E-01
1.94946,15.1309,-0.103231E-01
1.95007,15.1356,0.150825E-01
1.95068,15.1403,-0.852105E-02
1.95129,15.1451,0.141298E-01
1.95190,15.1498,-0.252874E-01
1.95251,15.1545,0.351051E-01
1.95312,15.1593,-0.237927E-01
1.95374,15.1640,-0.112484E-01
1.95435,15.1688,-0.531150E-02
1.95496,15.1735,-0.196081E-01
1.95557,15.1782,0.993906E-02
1.95618,15.1830,0.280072E-01
1.95679,15.1877,0.147263E-01
1.95740,15.1924,0.361303E-02
1.95801,15.1972,0.982303E-02
1.95862,15.2019,-0.188391E-01
1.95923,15.2067,-0.291731E-02
1.95984,15.2114,0.207730E-01
1.96045,15.2161,0.361062E-01
1.96106,15.2209,-0.170700E-02
1.96167,15.2256,0.617639E-01
1.96228,15.2303,0.260191E-01
1.96289,15.2351,-0.830531E-02
1.96350,15.2398,-0.889112E-03
1.96411,15.2446,0.363648E-01
1.96472,15.2493,0.887493E-02
1.96533,15.2540,0.524815E-02
1.96594,15.2588,0.271952E-01
1.96655,15.2635,0.298211E-03
1.96716,15.2682,0.599981E-01
1.96777,15.2730,-0.532792E-01
1.96838,15.2777,0.788879E-01
1.96899,15.2825,-0.267267E-01
1.96960,15.2872,0.679276E-02
1.97021,15.2919,0.263720E-01
1.97083,15.2967,0.316141E-01
1.97144,15.3014,-0.238468E-01
1.97205,15.3061,-0.896951E-02
1.97266,15.3109,-0.373727E-02
1.97327,15.3156,-0.257158E-03
1.97388,15.3203,0.206903E-01
1.97449,15.3251,-0.119315E-01
1.97510,15.3298,0.385270E-01
1.97571,15.3346,0.562614E-02
1.97632,15.3393,0.125669E-01
1.97693,15.3440,-0.176508E-01
1.97754,15.3488,0.623692E-02
1.97815,15.3535,0.209953E-01
1.97876,15.3582,0.856989E-02
1.97937,15.3630,-0.735313E-02
1.97998,15.3677,0.168995E-03
1.98059,15.3725,-0.220516E-01
1.98120,15.3772,0.186093E-02
1.98181,15.3819,0.332619E-01
1.98242,15.3867,-0.402846E-01
1.98303,15.3914,-0.401368E-01
1.98364,15.3961,0.430356E-02
1.98425,15.4009,0.166060
1.98486,15.4056,-0.346355E-01
1.98547,15.4104,0.135805
1.98608,15.4151,0.251514E-01
1.98669,15.4198,0.288340E-01
1.98730,15.4246,-0.313426E-01
1.98792,15.4293,0.117204
1.98853,15.4340,-0.791355E-02
1.98914,15.4388,0.147925
1.98975,15.4435,0.587525E-01
1.99036,15.4483,0.551431E-01
1.99097,15.4530,0.232653E-01
1.99158,15.4577,0.899863E-01
1.99219,15.4625,0.218752E-01
1.99280,15.4672,0.382477E-01
1.99341,15.4719,0.447013E-02
1.99402,15.4767,0.301838E-01
1.99463,15.4814,0.175177E-02
1.99524,15.4862,-0.292663E-02
1.99585,15.4909,0.132313E-01
1.99646,15.4956,-0.393069E-01
1.99707,15.5004,0.699685E-02
1.99768,15.5051,-0.273720E-02
1.99829,15.5098,-0.211193E-02
1.99890,15.5146,-0.165113E-02
1.99951,15.5193,-0.425528E-02
2.00012,15.5241,0.175238E-01
2.00073,15.5288,0.533102E-01
2.00134,15.5335,0.177760E-01
2.00195,15.5383,-0.339003E-02
2.00256,15.5430,-0.160363E-01
2.00317,15.5477,0.361531E-01
2.00378,15.5525,-0.656867E-02
2.00439,15.5572,0.889613E-03
2.00500,15.5619,0.573428E-01
2.00562,15.5667,0.348010E-01
2.00623,15.5714,0.169758E-01
2.00684,15.5762,-0.254111E-01
2.00745,15.5809,0.268953E-01
2.00806,15.5856,-0.950140E-01
2.00867,15.5904,0.206237E-01
2.00928,15.5951,-0.345526E-02
2.00989,15.5998,0.257082E-02
2.01050,15.6046,0.100663
2.01111,15.6093,0.874811E-03
2.01172,15.6141,0.408841E-01
2.01233,15.6188,0.209077E-01
2.01294,15.6235,-0.213492E-01
2.01355,15.6283,0.391826E-01
2.01416,15.6330,-0.725262E-02
2.01477,15.6377,0.569578E-01
2.01538,15.6425,-0.316997E-01
2.01599,15.6472,0.921469E-02
2.01660,15.6520,0.211287E-01
2.01721,15.6567,0.946365E-02
2.01782,15.6614,0.220727E-01
2.01843,15.6662,0.482051E-01
2.01904,15.6709,0.580721E-01
2.01965,15.6756,-0.276935E-01
2.02026,15.6804,0.174090E-01
2.02087,15.6851,0.287977E-01
2.02148,15.6899,0.948353E-02
2.02209,15.6946,-0.345580E-01
2.02271,15.6993,0.163334E-01
2.02332,15.7041,0.130165E-01
2.02393,15.7088,-0.881980E-02
2.02454,15.7135,0.531238E-01
2.02515,15.7183,-0.568177E-02
2.02576,15.7230,0.764159E-02
2.02637,15.7278,0.317169E-01
2.02698,15.7325,-0.100029E-01
2.02759,15.7372,-0.523724E-01
2.02820,15.7420,-0.258812E-02
2.02881,15.7467,0.629336E-02
2.02942,15.7514,-0.838454E-02
2.03003,15.7562,-0.227767E-01
2.03064,15.7609,0.359386E-01
2.03125,15.7657,0.921431E-03
2.03186,15.7704,-0.126660E-01
2.03247,15.7751,0.603237E-02
2.03308,15.7799,-0.195436E-01
2.03369,15.7846,-0.214446E-01
2.03430,15.7893,-0.282510E-02
2.03491,15.7941,-0.232696E-01
2.03552,15.7988,0.214954E-01
2.03613,15.8036,-0.201369E-02
2.03674,15.8083,-0.734539E-02
2.03735,15.8130,0.260425E-02
2.03796,15.8178,0.422695E-02
2.03857,15.8225,-0.223865E-01
2.03918,15.8272,-0.106152E-01
2.03979,15.8320,-0.339794E-01
2.04041,15.8367,0.106755E-01
2.04102,15.8414,0.460424E-01
2.04163,15.8462,0.316463E-01
2.04224,15.8509,0.261181E-01
2.04285,15.8557,0.512288E-01
2.04346,15.8604,0.656996E-01
2.04407,15.8651,-0.354310E-02
2.04468,15.8699,0.105525E-01
2.04529,15.8746,0.917377E-03
2.04590,15.8793,-0.400552E-01
2.04651,15.8841,0.443804E-03
2.04712,15.8888,0.371251E-01
2.04773,15.8936,0.124371E-01
2.04834,15.8983,-0.189412E-01
2.04895,15.9030,-0.131167E-01
2.04956,15.9078,0.111214
2.05017,15.9125,-0.200847E-01
2.05078,15.9172,0.261438E-01
2.05139,15.9220,-0.304108E-01
2.05200,15.9267,-0.133411E-01
2.05261,15.9315,0.208686E-01
2.05322,15.9362,-0.813369E-02
2.05383,15.9409,0.300217E-01
2.05444,15.9457,-0.126389E-01
2.05505,15.9504,0.210575E-03
2.05566,15.9551,-0.572321E-02
2.05627,15.9599,0.995505E-02
2.05688,15.9646,0.386800E-01
2.05750,15.9694,0.276376E-02
2.05811,15.9741,0.782058E-01
2.05872,15.9788,-0.611059E-02
2.05933,15.9836,-0.154391E-01
2.05994,15.9883,0.613634E-02
2.06055,15.9930,-0.594075E-02
2.06116,15.9978,-0.187707E-01
2.06177,16.0025,-0.518310E-02
2.06238,16.0073,-0.173667E-02
2.06299,16.0120,0.290076E-02
2.06360,16.0167,-0.591189E-02
2.06421,16.0215,0.784339E-02
2.06482,16.0262,-0.434451E-02
2.06543,16.0309,0.230232E-01
2.06604,16.0357,0.314445E-02
2.06665,16.0404,-0.560770E-01
2.06726,16.0452,-0.399318E-01
2.06787,16.0499,0.527875E-01
2.06848,16.0546,-0.259861E-01
2.06909,16.0594,-0.102311E-01
2.06970,16.0641,0.655134E-01
2.07031,16.0688,0.987577E-03
2.07092,16.0736,-0.208821E-01
2.07153,16.0783,-0.196735E-01
2.07214,16.0830,-0.532097E-02
2.07275,16.0878,-0.432816E-01
2.07336,16.0925,0.688063E-01
2.07397,16.0973,-0.698138E-03
2.07458,16.1020,0.886932E-02
2.07520,16.1067,0.124848E-01
2.07581,16.1115,-0.453784E-01
2.07642,16.1162,-0.404439E-01
2.07703,16.1209,0.622923E-02
2.07764,16.1257,0.208721E-01
2.07825,16.1304,-0.437005E-01
2.07886,16.1352,-0.439216E-01
2.07947,16.1399,0.707069E-01
2.08008,16.1446,0.391615E-02
2.08069,16.1494,0.443402E-02
2.08130,16.1541,-0.407417E-01
2.08191,16.1588,-0.286083E-01
2.08252,16.1636,0.769027E-03
2.08313,16.1683,0.261852E-01
2.08374,16.1731,-0.222880E-01
2.08435,16.1778,-0.252792E-03
2.08496,16.1825,-0.518817E-01
2.08557,16.1873,-0.396909E-02
2.08618,16.1920,-0.163184E-01
2.08679,16.1967,0.341390E-01
2.08740,16.2015,0.159441E-01
2.08801,16.2062,-0.556529E-02
2.08862,16.2110,0.237223E-02
2.08923,16.2157,0.486943E-02
2.08984,16.2204,-0.142376E-02
2.09045,16.2252,0.217715E-02
2.09106,16.2299,0.322750E-02
2.09167,16.2346,-0.208705E-01
2.09229,16.2394,-0.103108E-01
2.09290,16.2441,0.541411E-02
2.09351,16.2489,0.180063E-01
2.09412,16.2536,0.124186E-02
2.09473,16.2583,0.658752E-01
2.09534,16.2631,0.943635E-03
2.09595,16.2678,0.462973E-01
2.09656,16.2725,0.177050E-01
2.09717,16.2773,0.589042E-01
2.09778,16.2820,0.245294E-01
2.09839,16.2868,-0.890144E-02
2.09900,16.2915,-0.160346E-01
2.09961,16.2962,-0.314953E-03
2.10022,16.3010,-0.401554E-01
2.10083,16.3057,0.159100E-01
2.10144,16.3104,0.187843E-02
2.10205,16.3152,-0.178021E-01
2.10266,16.3199,-0.535862E-02
2.10327,16.3247,0.305922E-01
2.10388,16.3294,-0.387239E-01
2.10449,16.3341,0.208600E-01
2.10510,16.3389,0.528458E-01
2.10571,16.3436,-0.869600E-02
2.10632,16.3483,-0.327579E-02
2.10693,16.3531,0.173686E-01
2.10754,16.3578,0.537842E-03
2.10815,16.3625,0.273807E-01
2.10876,16.3673,0.340828E-02
2.10938,16.3720,-0.376023E-01
2.10999,16.3768,0.900207E-03
2.11060,16.3815,-0.385979E-01
2.11121,16.3862,-0.255035E-01
2.11182,16.3910,0.343123E-01
2.11243,16.3957,0.144520E-01
2.11304,16.4004,-0.386505E-02
2.11365,16.4052,0.382974E-01
2.11426,16.4099,-0.345892E-03
2.11487,16.4147,0.201228E-01
2.11548,16.4194,-0.551750E-02
2.11609,16.4241,-0.179881E-01
2.11670,16.4289,0.493124E-02
2.11731,16.4336,-0.141388E-02
2.11792,16.4383,0.229602E-01
2.11853,16.4431,-0.464195E-02
2.11914,16.4478,-0.279783E-01
2.11975,16.4526,0.640187E-01
2.12036,16.4573,0.498673E-01
2.12097,16.4620,-0.120848E-01
2.12158,16.4668,-0.167832E-01
2.12219,16.4715,0.240670E-01
2.12280,16.4762,0.662378E-01
2.12341,16.4810,0.511093E-02
2.12402,16.4857,-0.445096E-02
2.12463,16.4905,-0.270346E-01
2.12524,16.4952,-0.258778E-01
2.12585,16.4999,-0.348717E-02
2.12646,16.5047,0.207025E-01
2.12708,16.5094,-0.233598E-02
2.12769,16.5141,-0.219562E-01
2.12830,16.5189,-0.371355E-02
2.12891,16.5236,-0.457409E-01
2.12952,16.5284,0.368489E-01
2.13013,16.5331,-0.197392E-01
2.13074,16.5378,0.106040E-01
2.13135,16.5426,-0.441335E-02
2.13196,16.5473,0.274646E-01
2.13257,16.5520,0.152966E-01
2.13318,16.5568,0.215542E-02
2.13379,16.5615,0.424259E-02
2.13440,16.5663,0.113057E-01
2.13501,16.5710,0.553512E-01
2.13562,16.5757,0.910166E-01
2.13623,16.5805,-0.188397E-01
2.13684,16.5852,0.114537E-01
2.13745,16.5899,0.715095E-03
2.13806,16.5947,0.735980E-02
2.13867,16.5994,0.997110E-03
2.13928,16.6042,0.119176E-01
2.13989,16.6089,0.283163E-01
2.14050,16.6136,-0.587829E-02
2.14111,16.6184,0.274831E-01
2.14172,16.6231,-0.592107E-02
2.14233,16.6278,0.126313E-01
2.14294,16.6326,0.232184E-01
2.14355,16.6373,0.588005E-01
2.14417,16.6420,0.166488E-01
2.14478,16.6468,0.286080E-01
2.14539,16.6515,-0.409559E-01
2.14600,16.6563,0.726389E-02
2.14661,16.6610,0.613809E-02
2.14722,16.6657,0.469138E-01
2.14783,16.6705,-0.423626E-02
2.14844,16.6752,0.799801E-01
2.14905,16.6799,0.487121E-01
2.14966,16.6847,0.260154E-01
2.15027,16.6894,0.184629E-01
2.15088,16.6942,-0.464376E-01
2.15149,16.6989,-0.991961E-02
2.15210,16.7036,-0.628716E-01
2.15271,16.7084,-0.175343E-02
2.15332,16.7131,-0.119113E-01
2.15393,16.7178,-0.818642E-02
2.15454,16.7226,-0.257943E-02
2.15515,16.7273,-0.102310E-01
2.15576,16.7321,0.781748E-03
2.15637,16.7368,0.152509E-01
2.15698,16.7415,0.141990E-01
2.15759,16.7463,-0.362542E-01
2.15820,16.7510,0.118603E-01
2.15881,16.7557,0.196606E-01
2.15942,16.7605,0.106759
2.16003,16.7652,-0.695800E-02
2.16064,16.7700,-0.170404E-01
2.16125,16.7747,-0.202549E-01
2.16187,16.7794,-0.140813E-01
2.16248,16.7842,-0.910094E-01
2.16309,16.7889,0.626855E-01
2.16370,16.7936,0.527256E-01
2.16431,16.7984,0.966764E-02
2.16492,16.8031,0.219315E-01
2.16553,16.8079,-0.654001E-02
2.16614,16.8126,0.577119E-02
2.16675,16.8173,0.677583E-02
2.16736,16.8221,-0.121503E-01
2.16797,16.8268,-0.845914E-01
2.16858,16.8315,0.107672E-01
2.16919,16.8363,0.671222E-02
2.16980,16.8410,-0.875701E-02
2.17041,16.8458,0.323443E-02
2.17102,16.8505,0.114262E-01
2.17163,16.8552,0.691228E-01
2.17224,16.8600,-0.168936E-01
2.17285,16.8647,-0.137908E-01
2.17346,16.8694,0.790678E-02
2.17407,16.8742,-0.219594E-01
2.17468,16.8789,-0.366859E-02
2.17529,16.8836,0.373015E-01
2.17590,16.8884,0.149647E-01
2.17651,16.8931,0.309565E-01
2.17712,16.8979,0.130089E-01
2.17773,16.9026,0.175198E-01
2.17834,16.9073,0.453721E-02
2.17896,16.9121,-0.139050E-01
2.17957,16.9168,0.205315E-01
2.18018,16.9215,0.145975E-01
2.18079,16.9263,-0.203562E-02
2.18140,16.9310,-0.551784E-02
2.18201,16.9358,0.819086E-03
2.18262,16.9405,-0.136289E-03
2.18323,16.9452,-0.578830E-01
2.18384,16.9500,0.163038E-01
2.18445,16.9547,0.341233E-01
2.18506,16.9594,-0.221840E-01
2.18567,16.9642,-0.181422E-01
2.18628,16.9689,-0.203794E-01
2.18689,16.9737,0.560896E-01
2.18750,16.9784,0.138490E-01
2.18811,16.9831,0.215674E-01
2.18872,16.9879,0.523532E-01
2.18933,16.9926,0.105476E-01
2.18994,16.9973,0.143878
2.19055,17.0021,-0.964855E-02
2.19116,17.0068,-0.176492E-01
2.19177,17.0116,0.170446E-01
2.19238,17.0163,-0.138140E-02
2.19299,17.0210,-0.208312E-01
2.19360,17.0258,0.666213E-02
2.19421,17.0305,0.760537E-03
2.19482,17.0352,0.280237E-01
2.19543,17.0400,-0.239450E-01
2.19604,17.0447,0.743234E-02
2.19666,17.0495,0.248760E-02
2.19727,17.0542,-0.763671E-02
2.19788,17.0589,0.294598E-01
2.19849,17.0637,0.749164E-01
2.19910,17.0684,-0.156689E-01
2.19971,17.0731,-0.336299E-01
2.20032,17.0779,-0.175361E-01
2.20093,17.0826,0.503968E-02
2.20154,17.0874,-0.121132E-01
2.20215,17.0921,0.151915E-01
2.20276,17.0968,0.675804E-01
2.20337,17.1016,-0.132580E-01
2.20398,17.1063,-0.876930E-02
2.20459,17.1110,0.187230E-02
2.20520,17.1158,0.183413E-01
2.20581,17.1205,-0.268237E-03
2.20642,17.1253,0.215473E-01
2.20703,17.1300,0.410831E-01
2.20764,17.1347,-0.989241E-03
2.20825,17.1395,0.322029E-01
2.20886,17.1442,-0.331721E-01
2.20947,17.1489,0.272117E-01
2.21008,17.1537,-0.489744E-01
2.21069,17.1584,0.657205E-02
2.21130,17.1631,-0.186586E-01
2.21191,17.1679,-0.232870E-01
2.21252,17.1726,0.321954E-01
2.21313,17.1774,0.558405E-02
2.21375,17.1821,-0.251588E-01
2.21436,17.1868,0.560885E-03
2.21497,17.1916,0.664528E-02
2.21558,17.1963,-0.487549E-01
2.21619,17.2010,0.480328E-01
2.21680,17.2058,-0.287440E-01
2.21741,17.2105,-0.489632E-02
2.21802,17.2153,-0.696334E-02
2.21863,17.2200,0.134136
2.21924,17.2247,0.792206E-02
2.21985,17.2295,0.618822E-02
2.22046,17.2342,-0.637750E-02
2.22107,17.2389,0.427941E-01
2.22168,17.2437,0.367778E-02
2.22229,17.2484,-0.824133E-02
2.22290,17.2532,-0.138412E-01
2.22351,17.2579,-0.242124E-02
2.22412,17.2626,0.115252E-01
2.22473,17.2674,0.212681E-01
2.22534,17.2721,0.178306E-02
2.22595,17.2768,0.172553E-01
2.22656,17.2816,0.121768E-01
2.22717,17.2863,0.470542E-01
2.22778,17.2911,0.300860E-01
2.22839,17.2958,0.134203E-01
2.22900,17.3005,0.311744E-01
2.22961,17.3053,0.103840E-01
2.23022,17.3100,0.256685E-01
2.23083,17.3147,0.157480E-01
2.23145,17.3195,0.475640E-01
2.23206,17.3242,-0.648965E-02
2.23267,17.3290,0.421318E-02
2.23328,17.3337,0.783914E-02
2.23389,17.3384,-0.276173E-01
2.23450,17.3432,0.119907E-01
2.23511,17.3479,0.193196E-02
2.23572,17.3526,-0.209429E-01
2.23633,17.3574,-0.534268E-01
2.23694,17.3621,0.427031E-01
2.23755,17.3669,-0.853025E-04
2.23816,17.3716,0.921748E-02
2.23877,17.3763,-0.876628E-02
2.23938,17.3811,0.719099E-02
2.23999,17.3858,0.161486E-02
2.24060,17.3905,0.129842E-02
2.24121,17.3953,0.914311E-01
2.24182,17.4000,-0.296957E-02
2.24243,17.4047,0.311713E-01
2.24304,17.4095,-0.406072E-02
2.24365,17.4142,-0.204307E-02
2.24426,17.4190,-0.944319E-02
2.24487,17.4237,-0.128609E-01
2.24548,17.4284,-0.194478E-01
2.24609,17.4332,-0.447912E-02
2.24670,17.4379,-0.669367E-03
2.24731,17.4426,0.181262E-01
2.24792,17.4474,0.805524E-02
2.24854,17.4521,0.502863E-02
2.24915,17.4569,0.125496E-02
2.24976,17.4616,-0.206804E-02
2.25037,17.4663,-0.269075E-01
2.25098,17.4711,-0.413762E-01
2.25159,17.4758,0.280074E-01
2.25220,17.4805,-0.148281E-01
2.25281,17.4853,-0.312131E-01
2.25342,17.4900,0.389764E-01
2.25403,17.4948,0.225228E-02
2.25464,17.4995,-0.360734E-01
2.25525,17.5042,0.138066E-01
2.25586,17.5090,-0.214152E-02
2.25647,17.5137,-0.259109E-02
2.25708,17.5184,0.540485E-02
2.25769,17.5232,0.531790E-01
2.25830,17.5279,0.345254E-02
2.25891,17.5327,-0.277707E-02
2.25952,17.5374,0.171839E-01
2.26013,17.5421,-0.980909E-02
2.26074,17.5469,-0.262497E-01
2.26135,17.5516,-0.339024E-02
2.26196,17.5563,0.372555E-01
2.26257,17.5611,0.442321E-01
2.26318,17.5658,0.577405E-02
2.26379,17.5706,-0.668067E-02
2.26440,17.5753,0.425257E-02
2.26501,17.5800,0.708857E-01
2.26562,17.5848,0.121759E-01
2.26624,17.5895,-0.994967E-02
2.26685,17.5942,-0.212892E-01
2.26746,17.5990,-0.487575E-01
2.26807,17.6037,0.362344E-01
2.26868,17.6085,-0.218787E-01
2.26929,17.6132,0.496724E-01
2.26990,17.6179,0.724620E-01
2.27051,17.6227,0.559477E-02
2.27112,17.6274,-0.173798E-01
2.27173,17.6321,-0.965062E-02
2.27234,17.6369,-0.406500E-02
2.27295,17.6416,-0.115149E-03
2.27356,17.6464,0.567100E-01
2.27417,17.6511,0.264050E-01
2.27478,17.6558,-0.227698E-01
2.27539,17.6606,-0.216308E-01
2.27600,17.6653,0.131916E-01
2.27661,17.6700,0.898033E-02
2.27722,17.6748,-0.154510E-02
2.27783,17.6795,0.524125E-01
2.27844,17.6842,0.271247E-01
2.27905,17.6890,0.712346E-02
2.27966,17.6937,-0.275651E-02
2.28027,17.6985,0.147932E-01
2.28088,17.7032,-0.405892E-01
2.28149,17.7079,0.138653E-01
2.28210,17.7127,-0.228250E-01
2.28271,17.7174,-0.615193E-02
2.28333,17.7221,0.397502E-01
2.28394,17.7269,-0.725775E-01
2.28455,17.7316,0.782021E-03
2.28516,17.7364,0.716918E-01
2.28577,17.7411,-0.504781E-02
2.28638,17.7458,-0.313266E-01
2.28699,17.7506,0.337594E-02
2.28760,17.7553,-0.103752E-01
2.28821,17.7600,0.624328E-01
2.28882,17.7648,0.121685E-01
2.28943,17.7695,0.463568E-02
2.29004,17.7743,-0.145201E-01
2.29065,17.7790,-0.101395E-01
2.29126,17.7837,-0.251220E-01
2.29187,17.7885,0.622015E-01
2.29248,17.7932,0.605324E-02
2.29309,17.7979,0.562592E-02
2.29370,17.8027,-0.156562E-03
2.29431,17.8074,-0.132448E-01
2.29492,17.8122,0.365673E-01
2.29553,17.8169,-0.281403E-02
2.29614,17.8216,0.179023E-01
2.29675,17.8264,0.296892E-02
2.29736,17.8311,-0.238921E-01
2.29797,17.8358,0.176088E-01
2.29858,17.8406,-0.224036E-01
2.29919,17.8453,-0.239037E-02
2.29980,17.8501,0.536218E-02
2.30042,17.8548,-0.114442E-02
2.30103,17.8595,0.404034E-01
2.30164,17.8643,0.321305E-02
2.30225,17.8690,-0.704350E-02
2.30286,17.8737,0.135320E-01
2.30347,17.8785,-0.116383E-02
2.30408,17.8832,0.165183E-01
2.30469,17.8880,-0.124086E-01
2.30530,17.8927,-0.293737E-01
2.30591,17.8974,-0.138088E-01
2.30652,17.9022,-0.199244E-03
2.30713,17.9069,0.228114E-01
2.30774,17.9116,-0.499810E-02
2.30835,17.9164,-0.231175E-01
2.30896,17.9211,0.246697E-01
2.30957,17.9258,-0.927201E-02
2.31018,17.9306,-0.243673E-02
2.31079,17.9353,-0.452068E-02
2.31140,17.9401,0.231315E-01
2.31201,17.9448,0.142411E-01
2.31262,17.9495,-0.213380E-01
2.31323,17.9543,0.256385E-01
2.31384,17.9590,0.708225E-02
2.31445,17.9637,0.208905E-01
2.31506,17.9685,0.597537E-01
2.31567,17.9732,-0.391848E-01
2.31628,17.9780,0.230333E-02
2.31689,17.9827,-0.276256E-01
2.31750,17.9874,0.749009E-02
2.31812,17.9922,-0.347529E-01
2.31873,17.9969,0.894254E-02
2.31934,18.0016,0.149329E-01
2.31995,18.0064,-0.381279E-02
2.32056,18.0111,0.242643E-01
2.32117,18.0159,-0.318870E-01
2.32178,18.0206,-0.803870E-02
2.32239,18.0253,0.294243E-01
2.32300,18.0301,0.362626E-01
2.32361,18.0348,0.435752E-01
2.32422,18.0395,0.143766E-01
2.32483,18.0443,-0.105090E-01
2.32544,18.0490,-0.595618E-03
2.32605,18.0538,-0.168110E-01
2.32666,18.0585,-0.163570E-01
2.32727,18.0632,-0.326987E-02
2.32788,18.0680,0.128384E-01
2.32849,18.0727,0.931760E-02
2.32910,18.0774,-0.575579E-02
2.32971,18.0822,0.704433E-01
2.33032,18.0869,-0.660815E-01
2.33093,18.0917,-0.778794E-02
2.33154,18.0964,0.114447E-03
2.33215,18.1011,0.117576E-01
2.33276,18.1059,0.760112E-01
2.33337,18.1106,0.248280E-01
2.33398,18.1153,0.932662E-01
2.33459,18.1201,0.194514E-01
2.33521,18.1248,0.109897E-01
2.33582,18.1296,-0.166106E-02
2.33643,18.1343,0.390298E-01
2.33704,18.1390,-0.223634E-02
2.33765,18.1438,-0.933361E-02
2.33826,18.1485,0.700800E-03
2.33887,18.1532,0.362813E-01
2.33948,18.1580,-0.623203E-04
2.34009,18.1627,-0.186250E-01
2.34070,18.1675,0.451253E-01
2.34131,18.1722,-0.195897E-01
2.34192,18.1769,0.931230E-02
2.34253,18.1817,-0.328020E-01
2.34314,18.1864,-0.702328E-03
2.34375,18.1911,0.195109E-01
2.34436,18.1959,0.447217E-01
2.34497,18.2006,0.332289E-01
2.34558,18.2053,0.163896E-02
2.34619,18.2101,-0.114079E-01
2.34680,18.2148,-0.974410E-02
2.34741,18.2196,-0.124007E-01
2.34802,18.2243,0.140491E-01
2.34863,18.2290,-0.372685E-01
2.34924,18.2338,-0.166079E-01
2.34985,18.2385,0.159120E-01
2.35046,18.2432,0.178720E-01
2.35107,18.2480,0.130050E-01
2.35168,18.2527,0.143950E-01
2.35229,18.2575,-0.147846E-01
2.35291,18.2622,-0.325778E-01
2.35352,18.2669,-0.568276E-02
2.35413,18.2717,-0.334903E-02
2.35474,18.2764,0.293114E-01
2.35535,18.2811,0.651541E-01
2.35596,18.2859,0.203445E-01
2.35657,18.2906,0.480265E-01
2.35718,18.2954,0.109543E-01
2.35779,18.3001,-0.399296E-02
2.35840,18.3048,-0.148401E-02
2.35901,18.3096,0.298945E-01
2.35962,18.3143,0.470468E-01
2.36023,18.3190,0.325643E-01
2.36084,18.3238,0.672147E-01
2.36145,18.3285,0.181747E-01
2.36206,18.3333,0.566966E-01
2.36267,18.3380,0.144220E-01
2.36328,18.3427,-0.113860E-01
2.36389,18.3475,-0.864432E-03
2.36450,18.3522,0.254479E-02
2.36511,18.3569,0.207163E-01
2.36572,18.3617,0.831633E-03
2.36633,18.3664,-0.747275E-02
2.36694,18.3712,-0.227041E-01
2.36755,18.3759,0.171712E-01
2.36816,18.3806,0.369195E-02
2.36877,18.3854,-0.145718E-01
2.36938,18.3901,-0.309493E-01
2.37000,18.3948,0.956060E-01
2.37061,18.3996,-0.180381E-02
2.37122,18.4043,0.119754E-02
2.37183,18.4091,-0.130810E-01
2.37244,18.4138,-0.356624E-01
2.37305,18.4185,0.160246E-01
2.37366,18.4233,-0.683452E-02
2.37427,18.4280,-0.217454E-01
2.37488,18.4327,-0.977486E-02
2.37549,18.4375,0.300808E-01
2.37610,18.4422,0.434657E-02
2.37671,18.4470,-0.170178E-01
2.37732,18.4517,0.125402E-01
2.37793,18.4564,0.540204E-01
2.37854,18.4612,0.935215E-02
2.37915,18.4659,0.487701E-01
2.37976,18.4706,0.847822E-01
2.38037,18.4754,0.152354E-02
2.38098,18.4801,0.488468E-01
2.38159,18.4848,-0.300135E-01
2.38220,18.4896,-0.341942E-02
2.38281,18.4943,-0.655973E-04
2.38342,18.4991,0.744158E-01
2.38403,18.5038,-0.472208E-02
2.38464,18.5085,0.106120E-02
2.38525,18.5133,-0.157029E-01
2.38586,18.5180,0.179684E-01
2.38647,18.5227,-0.138761E-01
2.38708,18.5275,0.133387E-01
2.38770,18.5322,0.119237E-01
2.38831,18.5370,0.802083E-01
2.38892,18.5417,0.661416E-01
2.38953,18.5464,0.287896E-02
2.39014,18.5512,-0.461743E-03
2.39075,18.5559,-0.372600E-01
2.39136,18.5606,0.313443E-01
2.39197,18.5654,0.347386E-01
2.39258,18.5701,-0.129900E-01
2.39319,18.5749,-0.225954E-01
2.39380,18.5796,0.308425E-01
2.39441,18.5843,0.125475E-01
2.39502,18.5891,0.103503E-02
2.39563,18.5938,0.614108E-01
2.39624,18.5985,0.151884E-01
2.39685,18.6033,0.496082E-02
2.39746,18.6080,0.769733E-01
2.39807,18.6128,-0.126928E-01
2.39868,18.6175,0.563630E-02
2.39929,18.6222,0.241425E-01
2.39990,18.6270,0.205998E-02
2.40051,18.6317,0.209511E-01
2.40112,18.6364,0.386282E-01
2.40173,18.6412,0.115090E-01
2.40234,18.6459,0.543424E-01
2.40295,18.6507,-0.638409E-01
2.40356,18.6554,0.641431E-02
2.40417,18.6601,-0.390863E-01
2.40479,18.6649,0.478433E-01
2.40540,18.6696,-0.638246E-01
2.40601,18.6743,-0.791806E-02
2.40662,18.6791,0.850588E-02
2.40723,18.6838,-0.515920E-01
2.40784,18.6886,0.746649E-03
2.40845,18.6933,0.196773E-01
2.40906,18.6980,0.716646E-02
2.40967,18.7028,0.252055E-01
2.41028,18.7075,-0.489961E-01
2.41089,18.7122,-0.163070E-01
2.41150,18.7170,-0.804566E-01
2.41211,18.7217,0.103167
2.41272,18.7264,-0.387184E-01
2.41333,18.7312,-0.381354E-01
2.41394,18.7359,-0.392214E-02
2.41455,18.7407,0.244108E-01
2.41516,18.7454,0.304106E-01
2.41577,18.7501,-0.143414E-01
2.41638,18.7549,0.631327E-02
2.41699,18.7596,0.917395E-02
2.41760,18.7643,-0.688562E-02
2.41821,18.7691,0.110668E-02
2.41882,18.7738,0.164710E-01
2.41943,18.7786,0.795168E-02
2.42004,18.7833,0.852502E-01
2.42065,18.7880,-0.403340E-02
2.42126,18.7928,0.295338E-01
2.42188,18.7975,0.119479E-01
2.42249,18.8022,0.573711E-01
2.42310,18.8070,-0.373379E-01
2.42371,18.8117,0.321074E-02
2.42432,18.8165,-0.141458E-01
2.42493,18.8212,-0.343740E-02
2.42554,18.8259,0.101252E-01
2.42615,18.8307,-0.112601E-01
2.42676,18.8354,0.544052E-01
2.42737,18.8401,0.102818
2.42798,18.8449,-0.923464E-02
2.42859,18.8496,-0.207508E-02
2.42920,18.8544,0.160167E-01
2.42981,18.8591,-0.241331E-02
2.43042,18.8638,-0.157953E-02
2.43103,18.8686,-0.253141E-01
2.43164,18.8733,-0.741782E-02
2.43225,18.8780,0.269049E-01
2.43286,18.8828,0.222963E-01
2.43347,18.8875,-0.106465E-01
2.43408,18.8923,0.131341E-01
2.43469,18.8970,-0.675839E-03
2.43530,18.9017,0.393028E-01
2.43591,18.9065,-0.108318E-01
2.43652,18.9112,-0.433975E-01
2.43713,18.9159,0.254424E-01
2.43774,18.9207,-0.321598E-02
2.43835,18.9254,0.195010E-01
2.43896,18.9302,-0.126855E-01
2.43958,18.9349,0.280646E-01
2.44019,18.9396,0.433570E-03
2.44080,18.9444,-0.307758E-01
2.44141,18.9491,-0.232402E-01
2.44202,18.9538,0.125332E-01
2.44263,18.9586,0.845448E-02
2.44324,18.9633,0.100927E-01
2.44385,18.9681,0.246626E-01
2.44446,18.9728,-0.540776E-02
2.44507,18.9775,-0.156419E-01
2.44568,18.9823,-0.102213E-01
2.44629,18.9870,0.699571E-01
2.44690,18.9917,0.355484E-01
2.44751,18.9965,-0.485273E-01
2.44812,19.0012,0.860983E-02
2.44873,19.0059,-0.284563E-01
2.44934,19.0107,-0.135327E-02
2.44995,19.0154,0.107069E-01
2.45056,19.0202,-0.284601E-01
2.45117,19.0249,0.135896E-01
2.45178,19.0296,0.272055E-01
2.45239,19.0344,0.311623E-01
2.45300,19.0391,-0.130708E-01
2.45361,19.0438,-0.165924E-01
2.45422,19.0486,0.595111E-01
2.45483,19.0533,0.319054E-01
2.45544,19.0581,0.306859E-02
2.45605,19.0628,-0.864278E-01
2.45667,19.0675,0.665542E-02
2.45728,19.0723,-0.582890E-01
2.45789,19.0770,0.657074E-02
2.45850,19.0817,0.200053E-01
2.45911,19.0865,0.228955E-02
2.45972,19.0912,-0.135358E-02
2.46033,19.0960,-0.842287E-04
2.46094,19.1007,-0.134697E-02
2.46155,19.1054,0.850767E-02
2.46216,19.1102,-0.185142E-02
2.46277,19.1149,0.700807E-01
2.46338,19.1196,-0.543799E-02
2.46399,19.1244,0.549696E-01
2.46460,19.1291,-0.691496E-02
2.46521,19.1339,0.431370E-01
2.46582,19.1386,-0.134318E-01
2.46643,19.1433,-0.268618E-01
2.46704,19.1481,0.697889E-02
2.46765,19.1528,0.536605E-02
2.46826,19.1575,-0.104029E-01
2.46887,19.1623,0.233387E-01
2.46948,19.1670,-0.778744E-02
2.47009,19.1718,0.349682E-03
2.47070,19.1765,0.457535E-02
2.47131,19.1812,-0.572966E-02
2.47192,19.1860,0.255874E-02
2.47253,19.1907,0.124539E-01
2.47314,19.1954,0.618291E-02
2.47375,19.2002,-0.116539E-01
2.47437,19.2049,-0.594397E-02
2.47498,19.2097,0.364525E-01
2.47559,19.2144,0.477066E-01
2.47620,19.2191,-0.455928E-01
2.47681,19.2239,-0.228090E-01
2.47742,19.2286,-0.452106E-02
2.47803,19.2333,0.753860E-02
2.47864,19.2381,-0.748632E-02
2.47925,19.2428,-0.126115E-02
2.47986,19.2475,0.205252E-01
2.48047,19.2523,-0.282783E-02
2.48108,19.2570,-0.468605E-01
2.48169,19.2618,-0.267881E-02
2.48230,19.2665,0.103736E-02
2.48291,19.2712,-0.121628E-01
2.48352,19.2760,0.213535E-01
2.48413,19.2807,0.642200E-01
2.48474,19.2854,0.647253E-01
2.48535,19.2902,0.102412E-01
2.48596,19.2949,0.346594E-01
2.48657,19.2997,0.318331E-01
2.48718,19.3044,-0.412702E-01
2.48779,19.3091,-0.245917E-01
2.48840,19.3139,-0.896956E-02
2.48901,19.3186,0.226599E-01
2.48962,19.3233,0.181783E-01
2.49023,19.3281,0.915873E-03
2.49084,19.3328,0.210444E-01
2.49146,19.3376,0.143919E-01
2.49207,19.3423,-0.127934E-02
2.49268,19.3470,0.156127E-01
2.49329,19.3518,0.108985
2.49390,19.3565,0.297053E-02
2.49451,19.3612,0.373830E-01
2.49512,19.3660,0.146488E-01
2.49573,19.3707,-0.451624E-01
2.49634,19.3755,-0.934472E-03
2.49695,19.3802,0.246003E-01
2.49756,19.3849,-0.125428E-02
2.49817,19.3897,-0.194302E-02
2.49878,19.3944,0.607224E-01
2.49939,19.3991,-0.865275E-03
2.50000,19.4039,-0.215140E-02
2.50061,19.4086,0.526172E-01
2.50122,19.4134,-0.600609E-02
2.50183,19.4181,0.112719E-01
2.50244,19.4228,0.286899E-01
2.50305,19.4276,-0.679849E-03
2.50366,19.4323,-0.635382E-02
2.50427,19.4370,-0.324550E-02
2.50488,19.4418,0.222878E-01
2.50549,19.4465,0.302862E-02
2.50610,19.4513,-0.946732E-01
2.50671,19.4560,0.568297E-02
2.50732,19.4607,0.961320E-03
2.50793,19.4655,0.765989E-02
2.50854,19.4702,0.544941E-01
2.50916,19.4749,-0.418747E-01
2.50977,19.4797,0.705915E-02
2.51038,19.4844,0.537584E-01
2.51099,19.4892,0.967183E-02
2.51160,19.4939,0.109757E-01
2.51221,19.4986,0.337803E-01
2.51282,19.5034,0.416617E-01
2.51343,19.5081,0.153018E-01
2.51404,19.5128,-0.273953E-01
2.51465,19.5176,0.659949E-03
2.51526,19.5223,0.301296E-01
2.51587,19.5270,0.456077E-01
2.51648,19.5318,0.567079E-02
2.51709,19.5365,0.108170E-01
2.51770,19.5413,-0.755238E-01
2.51831,19.5460,-0.193022E-01
2.51892,19.5507,0.384235E-01
2.51953,19.5555,-0.215093E-01
2.52014,19.5602,-0.160437E-01
2.52075,19.5649,0.119601E-01
2.52136,19.5697,-0.515627E-02
2.52197,19.5744,0.187654E-02
2.52258,19.5792,0.175906E-01
2.52319,19.5839,0.764632E-02
2.52380,19.5886,0.503396E-02
2.52441,19.5934,0.119010E-01
2.52502,19.5981,0.349632E-01
2.52563,19.6028,-0.412715E-01
2.52625,19.6076,0.155954E-02
2.52686,19.6123,-0.781649E-01
2.52747,19.6171,0.182594E-01
2.52808,19.6218,0.230355E-02
2.52869,19.6265,0.184898E-01
2.52930,19.6313,0.130658E-01
2.52991,19.6360,0.461159E-02
2.53052,19.6407,0.178202E-01
2.53113,19.6455,-0.339133E-01
2.53174,19.6502,-0.293177E-01
2.53235,19.6550,0.151713E-01
2.53296,19.6597,-0.141419E-01
2.53357,19.6644,-0.648752E-03
2.53418,19.6692,0.350154E-02
2.53479,19.6739,0.748905E-02
2.53540,19.6786,0.190306E-01
2.53601,19.6834,0.784993E-02
2.53662,19.6881,0.454113E-01
2.53723,19.6929,0.970650E-02
2.53784,19.6976,-0.385704E-01
2.53845,19.7023,-0.772091E-02
2.53906,19.7071,0.326118E-01
2.53967,19.7118,0.198029E-01
2.54028,19.7165,-0.471504E-02
2.54089,19.7213,0.751743E-01
2.54150,19.7260,0.250575E-02
2.54211,19.7308,-0.257492E-01
2.54272,19.7355,-0.228559E-01
2.54333,19.7402,0.188121E-01
2.54395,19.7450,0.146421E-01
2.54456,19.7497,-0.979659E-02
2.54517,19.7544,0.274472E-01
2.54578,19.7592,-0.146434E-01
2.54639,19.7639,-0.100209E-01
2.54700,19.7687,0.175323E-01
2.54761,19.7734,0.463293E-01
2.54822,19.7781,0.831646E-02
2.54883,19.7829,-0.279919E-01
2.54944,19.7876,-0.611975E-02
2.55005,19.7923,-0.575987E-02
2.55066,19.7971,0.527618E-02
2.55127,19.8018,-0.155886E-02
2.55188,19.8065,-0.225663E-01
2.55249,19.8113,0.288382E-01
2.55310,19.8160,-0.130625E-02
2.55371,19.8208,0.496939E-01
2.55432,19.8255,0.271409E-02
2.55493,19.8302,0.453782E-02
2.55554,19.8350,-0.801139E-02
2.55615,19.8397,0.342581E-01
2.55676,19.8444,-0.132418E-01
2.55737,19.8492,-0.334869E-02
2.55798,19.8539,0.220587E-01
2.55859,19.8587,-0.285404E-02
2.55920,19.8634,-0.162377E-02
2.55981,19.8681,-0.857501E-02
2.56042,19.8729,-0.565801E-02
2.56104,19.8776,-0.229328E-01
2.56165,19.8823,0.280662E-02
2.56226,19.8871,0.300606E-01
2.56287,19.8918,0.613878E-02
2.56348,19.8966,0.329247E-03
2.56409,19.9013,0.425162E-02
2.56470,19.9060,0.287402E-01
2.56531,19.9108,0.116573
2.56592,19.9155,0.209351E-02
2.56653,19.9202,-0.144877E-01
2.56714,19.9250,0.142283E-01
2.56775,19.9297,-0.180876E-01
2.56836,19.9345,-0.167698E-01
2.56897,19.9392,-0.208681E-01
2.56958,19.9439,-0.327459E-02
2.57019,19.9487,-0.114656E-01
2.57080,19.9534,-0.633275E-02
2.57141,19.9581,-0.131748E-02
2.57202,19.9629,0.167340E-01
2.57263,19.9676,0.526934E-02
2.57324,19.9724,0.184531E-01
2.57385,19.9771,0.324176E-01
2.57446,19.9818,-0.726138E-02
2.57507,19.9866,-0.197395E-02
2.57568,19.9913,0.338879E-01
2.57629,19.9960,0.233893E-01
2.57690,20.0008,-0.362761E-01
2.57751,20.0055,0.108472E-01
2.57812,20.0103,0.497103E-02
2.57874,20.0150,-0.188545E-02
2.57935,20.0197,-0.461969E-02
2.57996,20.0245,0.165480E-01
2.58057,20.0292,0.149346E-01
2.58118,20.0339,0.672697E-03
2.58179,20.0387,0.133671E-02
2.58240,20.0434,-0.306461E-01
2.58301,20.0481,0.118656E-01
2.58362,20.0529,0.617938E-01
2.58423,20.0576,0.673778E-01
2.58484,20.0624,-0.513517E-02
2.58545,20.0671,0.203765E-01
2.58606,20.0718,0.587131E-01
2.58667,20.0766,-0.371116E-02
2.58728,20.0813,0.333250E-01
2.58789,20.0860,0.209480E-01
2.58850,20.0908,0.103728E-01
2.58911,20.0955,0.332022E-01
2.58972,20.1003,-0.106152E-01
2.59033,20.1050,0.157643E-01
2.59094,20.1097,-0.126307E-01
2.59155,20.1145,0.131562E-01
2.59216,20.1192,0.110528
2.59277,20.1239,0.601405E-01
2.59338,20.1287,-0.357986E-01
2.59399,20.1334,0.170144E-01
2.59460,20.1382,0.368084E-01
2.59521,20.1429,-0.747766E-01
2.59583,20.1476,0.327007E-01
2.59644,20.1524,0.433571E-01
2.59705,20.1571,-0.396220E-01
2.59766,20.1618,-0.201330E-01
2.59827,20.1666,0.590182E-02
2.59888,20.1713,0.415116E-01
2.59949,20.1761,0.320846E-01
2.60010,20.1808,-0.779573E-02
2.60071,20.1855,0.329053E-01
2.60132,20.1903,0.732352E-02
2.60193,20.1950,0.344811E-02
2.60254,20.1997,0.393330E-01
2.60315,20.2045,0.171194E-01
2.60376,20.2092,-0.141445E-01
2.60437,20.2140,0.432121E-02
2.60498,20.2187,0.967007E-02
2.60559,20.2234,0.127021E-01
2.60620,20.2282,-0.583717E-02
2.60681,20.2329,0.106131E-01
2.60742,20.2376,0.883400E-02
2.60803,20.2424,-0.347028E-01
2.60864,20.2471,0.800484E-02
2.60925,20.2519,0.263443E-01
2.60986,20.2566,-0.227024E-02
2.61047,20.2613,0.239896E-01
2.61108,20.2661,0.322168E-02
2.61169,20.2708,0.307241E-01
2.61230,20.2755,0.696081E-02
2.61292,20.2803,-0.230781E-02
2.61353,20.2850,0.300703E-01
2.61414,20.2898,0.162511E-01
2.61475,20.2945,0.605921E-02
2.61536,20.2992,-0.327756E-02
2.61597,20.3040,-0.166517E-01
2.61658,20.3087,-0.182774E-01
2.61719,20.3134,-0.164662E-02
2.61780,20.3182,-0.123206E-01
2.61841,20.3229,-0.104218E-01
2.61902,20.3276,0.130887E-01
2.61963,20.3324,0.172514E-01
2.62024,20.3371,0.574530E-01
2.62085,20.3419,-0.530159E-02
2.62146,20.3466,-0.159834E-01
2.62207,20.3513,0.464064E-01
2.62268,20.3561,0.430279E-01
2.62329,20.3608,0.497115E-01
2.62390,20.3655,-0.148751E-01
2.62451,20.3703,-0.806559E-02
2.62512,20.3750,0.279299E-01
2.62573,20.3798,0.109670E-01
2.62634,20.3845,-0.956831E-02
2.62695,20.3892,0.287864E-01
2.62756,20.3940,0.467082E-02
2.62817,20.3987,-0.117772E-01
2.62878,20.4034,0.229111E-01
2.62939,20.4082,-0.365047E-01
2.63000,20.4129,0.255331E-01
2.63062,20.4177,0.111541E-01
2.63123,20.4224,0.679135E-02
2.63184,20.4271,-0.803772E-02
2.63245,20.4319,0.489117E-01
2.63306,20.4366,0.228055E-01
2.63367,20.4413,0.323579E-01
2.63428,20.4461,0.136665E-01
2.63489,20.4508,-0.131132E-01
2.63550,20.4556,0.498585E-02
2.63611,20.4603,0.405625E-01
2.63672,20.4650,0.839644E-02
2.63733,20.4698,0.205928E-01
2.63794,20.4745,-0.631754E-02
2.63855,20.4792,0.783773E-01
2.63916,20.4840,-0.228203E-02
2.63977,20.4887,-0.384603E-01
2.64038,20.4935,-0.491475E-01
2.64099,20.4982,-0.723846E-02
2.64160,20.5029,0.315070E-01
2.64221,20.5077,0.160070E-01
2.64282,20.5124,0.158096E-01
2.64343,20.5171,0.121377E-01
2.64404,20.5219,-0.754522E-01
2.64465,20.5266,0.348129E-01
2.64526,20.5314,-0.259201E-01
2.64587,20.5361,0.109549E-01
2.64648,20.5408,-0.442768E-01
2.64709,20.5456,0.110970E-01
2.64771,20.5503,0.150626E-01
2.64832,20.5550,0.162387E-01
2.64893,20.5598,-0.930317E-03
2.64954,20.5645,0.172432E-01
2.65015,20.5692,0.493949E-02
2.65076,20.5740,-0.604365E-02
2.65137,20.5787,0.467763E-02
2.65198,20.5835,-0.123947E-01
2.65259,20.5882,-0.655911E-02
2.65320,20.5929,0.114137E-01
2.65381,20.5977,0.910980E-02
2.65442,20.6024,0.115569E-02
2.65503,20.6071,-0.308814E-01
2.65564,20.6119,0.641427E-03
2.65625,20.6166,0.470094E-01
2.65686,20.6214,-0.104020E-01
2.65747,20.6261,0.710823E-02
2.65808,20.6308,0.618869E-02
2.65869,20.6356,-0.405293E-02
2.65930,20.6403,0.270856E-02
2.65991,20.6450,0.956610E-02
2.66052,20.6498,-0.867370E-03
2.66113,20.6545,0.113273E-01
2.66174,20.6593,-0.480621E-02
2.66235,20.6640,0.269429E-02
2.66296,20.6687,0.440772E-01
2.66357,20.6735,0.214788E-02
2.66418,20.6782,0.118837E-01
2.66479,20.6829,0.415854E-01
2.66541,20.6877,0.782399E-02
2.66602,20.6924,0.131990E-01
2.66663,20.6972,-0.357206E-02
2.66724,20.7019,0.192993E-01
2.66785,20.7066,0.358359E-01
2.66846,20.7114,0.412277E-01
2.66907,20.7161,0.221385E-01
2.66968,20.7208,0.931796E-02
2.67029,20.7256,-0.259583E-01
2.67090,20.7303,0.753362E-01
2.67151,20.7351,-0.547965E-01
2.67212,20.7398,-0.375426E-01
2.67273,20.7445,0.274387E-02
2.67334,20.7493,-0.330011E-01
2.67395,20.7540,-0.332165E-02
2.67456,20.7587,0.284217E-02
2.67517,20.7635,0.216617E-01
2.67578,20.7682,0.209911E-01
2.67639,20.7730,-0.506720E-01
2.67700,20.7777,0.328586E-02
2.67761,20.7824,0.507352E-01
2.67822,20.7872,-0.162329E-02
2.67883,20.7919,-0.119061E-01
2.67944,20.7966,0.390013E-01
2.68005,20.8014,0.222937E-01
2.68066,20.8061,-0.108122E-01
2.68127,20.8109,-0.117531E-01
2.68188,20.8156,0.311192E-01
2.68250,20.8203,0.726146E-02
2.68311,20.8251,0.179255E-01
2.68372,20.8298,-0.721864E-03
2.68433,20.8345,0.279104E-01
2.68494,20.8393,0.194399E-02
2.68555,20.8440,0.220116E-01
2.68616,20.8487,-0.364626E-01
2.68677,20.8535,0.411814E-01
2.68738,20.8582,0.434090E-02
2.68799,20.8630,-0.876783E-02
2.68860,20.8677,0.376697E-02
2.68921,20.8724,-0.284448E-01
2.68982,20.8772,0.666995E-03
2.69043,20.8819,0.105174E-01
2.69104,20.8866,-0.512892E-03
2.69165,20.8914,-0.388923E-02
2.69226,20.8961,0.143803E-01
2.69287,20.9009,0.243558E-01
2.69348,20.9056,-0.231804E-02
2.69409,20.9103,-0.912209E-02
2.69470,20.9151,0.247960E-01
2.69531,20.9198,-0.413428E-01
2.69592,20.9245,0.887704E-02
2.69653,20.9293,0.320265E-01
2.69714,20.9340,-0.264343E-02
2.69775,20.9388,0.984769E-01
2.69836,20.9435,0.932978E-01
2.69897,20.9482,-0.298436E-01
2.69958,20.9530,0.429675E-02
2.70020,20.9577,0.103303E-01
2.70081,20.9624,0.629018E-01
2.70142,20.9672,-0.949442E-02
2.70203,20.9719,-0.509662E-02
2.70264,20.9767,0.528649E-02
2.70325,20.9814,-0.306375E-01
2.70386,20.9861,0.753205E-02
2.70447,20.9909,0.947039E-02
2.70508,20.9956,-0.212064E-01
2.70569,21.0003,-0.377412E-01
2.70630,21.0051,-0.130337E-01
2.70691,21.0098,0.176020E-01
2.70752,21.0146,0.258574E-01
2.70813,21.0193,0.447818E-01
2.70874,21.0240,0.627958E-02
2.70935,21.0288,-0.257448E-01
2.70996,21.0335,0.954885E-02
2.71057,21.0382,-0.130980E-01
2.71118,21.0430,0.461027E-01
2.71179,21.0477,-0.140352E-01
2.71240,21.0525,-0.122531E-01
2.71301,21.0572,0.346404E-02
2.71362,21.0619,-0.757439E-02
2.71423,21.0667,-0.188662E-01
2.71484,21.0714,-0.215681E-02
2.71545,21.0761,0.862658E-01
2.71606,21.0809,0.160308E-01
2.71667,21.0856,0.301584E-01
2.71729,21.0903,-0.177756E-01
2.71790,21.0951,-0.646270E-02
2.71851,21.0998,0.111832E-02
2.71912,21.1046,-0.567968E-01
2.71973,21.1093,0.190996E-01
2.72034,21.1140,-0.527971E-02
2.72095,21.1188,0.246172E-02
2.72156,21.1235,-0.207252E-01
2.72217,21.1282,-0.326073E-02
2.72278,21.1330,-0.468034E-01
2.72339,21.1377,0.125405E-01
2.72400,21.1425,-0.999407E-02
2.72461,21.1472,0.497065E-01
2.72522,21.1519,0.317965E-01
2.72583,21.1567,0.482530E-01
2.72644,21.1614,0.393282E-02
2.72705,21.1661,-0.460072E-01
2.72766,21.1709,0.605404E-02
2.72827,21.1756,0.440936E-01
2.72888,21.1804,-0.473976E-02
2.72949,21.1851,-0.281067E-01
2.73010,21.1898,0.955203E-02
2.73071,21.1946,0.203811E-01
2.73132,21.1993,-0.153971E-01
2.73193,21.2040,0.206885E-01
2.73254,21.2088,-0.381167E-01
2.73315,21.2135,0.252158E-02
2.73376,21.2183,-0.990480E-02
2.73438,21.2230,0.108988E-01
2.73499,21.2277,0.172786E-02
2.73560,21.2325,-0.600395E-02
2.73621,21.2372,0.254098E-01
2.73682,21.2419,-0.172173E-01
2.73743,21.2467,0.634542E-01
2.73804,21.2514,0.259795E-01
2.73865,21.2562,0.820960E-01
2.73926,21.2609,-0.180983E-01
2.73987,21.2656,0.156523E-01
2.74048,21.2704,0.374244E-02
2.74109,21.2751,0.109111E-01
2.74170,21.2798,-0.475340E-01
2.74231,21.2846,0.469081E-02
2.74292,21.2893,0.141202E-01
2.74353,21.2941,0.993326E-02
2.74414,21.2988,0.665917E-02
2.74475,21.3035,-0.205707E-01
2.74536,21.3083,-0.141149E-01
2.74597,21.3130,0.307577E-01
2.74658,21.3177,0.318751E-02
2.74719,21.3225,-0.592736E-01
2.74780,21.3272,-0.261408E-01
2.74841,21.3320,0.455257E-01
2.74902,21.3367,0.174429E-01
2.74963,21.3414,0.999747E-03
2.75024,21.3462,0.174291E-02
2.75085,21.3509,-0.398347E-03
2.75146,21.3556,0.124073E-01
2.75208,21.3604,-0.312753E-01
2.75269,21.3651,0.386216E-02
2.75330,21.3698,0.512069E-01
2.75391,21.3746,-0.259355E-02
2.75452,21.3793,0.451296E-02
2.75513,21.3841,0.942574E-03
2.75574,21.3888,0.619266E-01
2.75635,21.3935,0.337422E-01
2.75696,21.3983,-0.177009E-01
2.75757,21.4030,-0.976839E-01
2.75818,21.4077,0.285811E-03
2.75879,21.4125,0.159571E-02
2.75940,21.4172,0.115139E-01
2.76001,21.4220,0.442871E-01
2.76062,21.4267,-0.355988E-02
2.76123,21.4314,-0.753539E-02
2.76184,21.4362,0.215524E-01
2.76245,21.4409,0.618113E-01
2.76306,21.4456,-0.165567E-01
2.76367,21.4504,-0.764997E-01
2.76428,21.4551,-0.201997E-01
2.76489,21.4599,-0.437939E-02
2.76550,21.4646,-0.112433E-01
2.76611,21.4693,0.228577E-02
2.76672,21.4741,0.843986E-03
2.76733,21.4788,0.260827E-01
2.76794,21.4835,0.166025E-01
2.76855,21.4883,-0.852447E-02
2.76917,21.4930,-0.224399E-01
2.76978,21.4978,0.123702E-01
2.77039,21.5025,-0.246620E-01
2.77100,21.5072,0.221220E-02
2.77161,21.5120,0.133384E-01
2.77222,21.5167,0.111638
2.77283,21.5214,0.117595E-01
2.77344,21.5262,-0.639280E-02
2.77405,21.5309,0.248465E-01
2.77466,21.5357,-0.719919E-02
2.77527,21.5404,-0.151266E-01
2.77588,21.5451,-0.235748E-02
2.77649,21.5499,-0.315849E-01
2.77710,21.5546,0.308107E-01
2.77771,21.5593,-0.380274E-03
2.77832,21.5641,0.450108E-02
2.77893,21.5688,-0.107737E-01
2.77954,21.5736,-0.662524E-02
2.78015,21.5783,-0.168979E-02
2.78076,21.5830,0.168482E-01
2.78137,21.5878,-0.102746E-01
2.78198,21.5925,-0.113500E-01
2.78259,21.5972,0.107402E-01
2.78320,21.6020,-0.119287E-01
2.78381,21.6067,-0.191801E-01
2.78442,21.6115,0.296491E-01
2.78503,21.6162,-0.434798E-02
2.78564,21.6209,0.155655E-01
2.78625,21.6257,0.189074E-02
2.78687,21.6304,-0.859007E-03
2.78748,21.6351,-0.807119E-02
2.78809,21.6399,0.774487E-02
2.78870,21.6446,-0.483349E-01
2.78931,21.6493,-0.731633E-01
2.78992,21.6541,0.264630E-02
2.79053,21.6588,-0.510218E-01
2.79114,21.6636,-0.129957E-01
2.79175,21.6683,-0.115543E-01
2.79236,21.6730,0.450286E-03
2.79297,21.6778,0.460142E-02
2.79358,21.6825,0.550435E-01
2.79419,21.6872,-0.635712E-02
2.79480,21.6920,0.287416E-01
2.79541,21.6967,0.837923E-03
2.79602,21.7015,0.468591E-02
2.79663,21.7062,0.218286E-01
2.79724,21.7109,-0.785561E-02
2.79785,21.7157,-0.556342E-02
2.79846,21.7204,-0.118819E-01
2.79907,21.7251,0.264722E-02
2.79968,21.7299,0.266952E-01
2.80029,21.7346,0.271284E-01
2.80090,21.7394,0.195256E-01
2.80151,21.7441,0.103082E-01
2.80212,21.7488,-0.163566E-01
2.80273,21.7536,-0.173275E-02
2.80334,21.7583,0.497158E-01
2.80396,21.7630,0.242980E-02
2.80457,21.7678,0.513140E-01
2.80518,21.7725,0.625666E-03
2.80579,21.7773,-0.130090E-01
2.80640,21.7820,-0.178833E-01
2.80701,21.7867,-0.380569E-01
2.80762,21.7915,-0.147874E-01
2.80823,21.7962,0.840488E-03
2.80884,21.8009,0.394878E-01
2.80945,21.8057,-0.914162E-02
2.81006,21.8104,-0.295770E-01
2.81067,21.8152,0.693745E-02
2.81128,21.8199,0.394777E-02
2.81189,21.8246,0.241309E-01
2.81250,21.8294,-0.219578E-01
2.81311,21.8341,0.959646E-01
2.81372,21.8388,-0.194857E-02
2.81433,21.8436,0.169337E-01
2.81494,21.8483,0.282006E-01
2.81555,21.8531,0.639378E-01
2.81616,21.8578,-0.370974E-02
2.81677,21.8625,0.179343E-01
2.81738,21.8673,0.570374E-01
2.81799,21.8720,-0.104914E-01
2.81860,21.8767,-0.599969E-01
2.81921,21.8815,-0.149249E-01
2.81982,21.8862,0.204974E-02
2.82043,21.8909,-0.133460E-01
2.82104,21.8957,0.991000E-02
2.82166,21.9004,0.431671E-02
2.82227,21.9052,0.503671E-02
2.82288,21.9099,-0.500224E-01
2.82349,21.9146,0.512539E-01
2.82410,21.9194,-0.514581E-01
2.82471,21.9241,0.182913E-01
2.82532,21.9288,0.602649E-01
2.82593,21.9336,0.281071E-01
2.82654,21.9383,0.225143E-01
2.82715,21.9431,0.103549E-01
2.82776,21.9478,0.391824E-02
2.82837,21.9525,0.785922E-01
2.82898,21.9573,0.175255E-01
2.82959,21.9620,-0.243181E-01
2.83020,21.9667,-0.200115E-01
2.83081,21.9715,-0.106843E-01
2.83142,21.9762,-0.472134E-02
2.83203,21.9810,0.508781E-01
2.83264,21.9857,-0.153604E-02
2.83325,21.9904,0.169742E-01
2.83386,21.9952,0.221698E-01
2.83447,21.9999,-0.377528E-02
2.83508,22.0046,-0.188628E-02
2.83569,22.0094,0.311219E-01
2.83630,22.0141,0.195335E-01
2.83691,22.0189,-0.131866E-02
2.83752,22.0236,-0.601845E-01
2.83813,22.0283,0.212182E-02
2.83875,22.0331,-0.607553E-02
2.83936,22.0378,-0.111193E-01
2.83997,22.0425,-0.372479E-02
2.84058,22.0473,-0.123101E-01
2.84119,22.0520,-0.965828E-02
2.84180,22.0568,0.136642E-01
2.84241,22.0615,-0.699783E-01
2.84302,22.0662,0.994966E-02
2.84363,22.0710,0.198169E-02
2.84424,22.0757,0.225485E-01
2.84485,22.0804,-0.116887E-02
2.84546,22.0852,0.342701E-02
2.84607,22.0899,0.102511E-01
2.84668,22.0947,0.123294E-01
2.84729,22.0994,0.336862E-02
2.84790,22.1041,-0.689719E-01
2.84851,22.1089,0.241348E-01
2.84912,22.1136,0.596665E-02
2.84973,22.1183,-0.186962E-02
2.85034,22.1231,-0.176380E-01
2.85095,22.1278,0.156094E-01
2.85156,22.1326,0.168742E-01
2.85217,22.1373,0.212061E-01
2.85278,22.1420,-0.135378E-01
2.85339,22.1468,0.169848E-02
2.85400,22.1515,0.673135E-01
2.85461,22.1562,-0.167133E-01
2.85522,22.1610,-0.366391E-01
2.85583,22.1657,-0.538675E-01
2.85645,22.1704,0.105149E-01
2.85706,22.1752,0.322873E-02
2.85767,22.1799,0.119439E-02
2.85828,22.1847,0.914732E-02
2.85889,22.1894,0.189309E-01
2.85950,22.1941,-0.267068E-02
2.86011,22.1989,-0.284890E-02
2.86072,22.2036,-0.132422E-01
2.86133,22.2083,-0.119538E-01
2.86194,22.2131,0.451416E-02
2.86255,22.2178,0.814158E-02
2.86316,22.2226,-0.274432E-01
2.86377,22.2273,0.428755E-02
2.86438,22.2320,-0.124704E-01
2.86499,22.2368,-0.240052E-01
2.86560,22.2415,0.362175E-03
2.86621,22.2462,-0.343779E-01
2.86682,22.2510,-0.778161E-02
2.86743,22.2557,0.254331E-01
2.86804,22.2605,-0.572370E-01
2.86865,22.2652,0.282768E-01
2.86926,22.2699,-0.119656E-01
2.86987,22.2747,-0.385595E-02
2.87048,22.2794,0.379555E-02
2.87109,22.2841,0.243484E-01
2.87170,22.2889,-0.256375E-01
2.87231,22.2936,0.169345E-01
2.87292,22.2984,0.790321E-02
2.87354,22.3031,-0.705454E-02
2.87415,22.3078,-0.140337E-02
2.87476,22.3126,-0.956236E-02
2.87537,22.3173,-0.147293E-01
2.87598,22.3220,-0.122616E-01
2.87659,22.3268,0.757336E-02
2.87720,22.3315,-0.153420E-01
2.87781,22.3363,-0.833089E-02
2.87842,22.3410,0.252824E-01
2.87903,22.3457,0.645510E-02
2.87964,22.3505,-0.118896E-01
2.88025,22.3552,0.257052E-01
2.88086,22.3599,0.505893E-01
2.88147,22.3647,0.688004E-01
2.88208,22.3694,-0.348563E-01
2.88269,22.3742,-0.143584E-01
2.88330,22.3789,0.289548E-01
2.88391,22.3836,0.318977E-01
2.88452,22.3884,0.114985E-01
2.88513,22.3931,-0.287682E-02
2.88574,22.3978,0.188575E-01
2.88635,22.4026,-0.153313E-01
2.88696,22.4073,0.885855E-02
2.88757,22.4120,-0.246513E-01
2.88818,22.4168,0.322256E-01
2.88879,22.4215,-0.243577E-02
2.88940,22.4263,-0.119203E-01
2.89001,22.4310,-0.282023E-01
2.89062,22.4357,-0.405149E-02
2.89124,22.4405,0.907589E-02
2.89185,22.4452,0.217029E-02
2.89246,22.4499,0.465998E-01
2.89307,22.4547,0.356148E-02
2.89368,22.4594,0.510093E-02
2.89429,22.4642,0.280683E-01
2.89490,22.4689,-0.722862E-02
2.89551,22.4736,0.484007E-01
2.89612,22.4784,0.214553E-01
2.89673,22.4831,0.658731E-02
2.89734,22.4878,-0.699925E-02
2.89795,22.4926,0.459056E-01
2.89856,22.4973,-0.117558E-01
2.89917,22.5021,0.192801E-01
2.89978,22.5068,0.103159E-02
2.90039,22.5115,0.337391E-01
2.90100,22.5163,0.116814E-01
2.90161,22.5210,-0.117815E-01
2.90222,22.5257,-0.245523E-01
2.90283,22.5305,0.265835E-02
2.90344,22.5352,0.161698E-02
2.90405,22.5400,-0.150148E-02
2.90466,22.5447,0.379761E-02
2.90527,22.5494,0.276401E-02
2.90588,22.5542,0.720559E-02
2.90649,22.5589,0.290887E-01
2.90710,22.5636,0.649173E-01
2.90771,22.5684,-0.228868E-01
2.90833,22.5731,-0.479348E-02
2.90894,22.5779,0.418360E-02
2.90955,22.5826,-0.523969E-02
2.91016,22.5873,0.191915E-02
2.91077,22.5921,-0.504419E-01
2.91138,22.5968,0.490728E-01
2.91199,22.6015,0.113158E-01
2.91260,22.6063,-0.351076E-01
2.91321,22.6110,0.197182E-01
2.91382,22.6158,-0.167231E-01
2.91443,22.6205,0.115329E-02
2.91504,22.6252,-0.140202E-01
2.91565,22.6300,-0.381321E-01
2.91626,22.6347,-0.167366E-01
2.91687,22.6394,-0.915891E-03
2.91748,22.6442,-0.357600E-01
2.91809,22.6489,-0.374895E-02
2.91870,22.6537,0.114262E-01
2.91931,22.6584,0.439840E-02
2.91992,22.6631,0.118899E-01
2.92053,22.6679,-0.176299E-01
2.92114,22.6726,-0.118882E-01
2.92175,22.6773,-0.781430E-03
2.92236,22.6821,-0.661073E-02
2.92297,22.6868,0.143890E-01
2.92358,22.6915,0.259690E-02
2.92419,22.6963,0.667447E-02
2.92480,22.7010,0.797969E-02
2.92542,22.7058,-0.446892E-02
2.92603,22.7105,-0.225011E-01
2.92664,22.7152,0.990074E-02
2.92725,22.7200,-0.501073E-01
2.92786,22.7247,-0.861879E-02
2.92847,22.7294,-0.728200E-01
2.92908,22.7342,0.969968E-02
2.92969,22.7389,0.228404E-02
2.93030,22.7437,0.246185E-01
2.93091,22.7484,0.385423E-02
2.93152,22.7531,-0.383704E-01
2.93213,22.7579,0.546527E-02
2.93274,22.7626,0.712477E-02
2.93335,22.7673,0.833768E-02
2.93396,22.7721,0.462139E-03
2.93457,22.7768,-0.148876E-01
2.93518,22.7816,0.681154E-03
2.93579,22.7863,-0.993093E-02
2.93640,22.7910,-0.174588E-01
2.93701,22.7958,-0.277157E-01
2.93762,22.8005,0.464833E-01
2.93823,22.8052,-0.310660E-01
2.93884,22.8100,-0.271627E-01
2.93945,22.8147,0.786570E-02
2.94006,22.8195,-0.971203E-02
2.94067,22.8242,0.584049E-02
2.94128,22.8289,-0.593030E-01
2.94189,22.8337,-0.380365E-01
2.94250,22.8384,-0.935529E-02
2.94312,22.8431,0.386605E-01
2.94373,22.8479,0.179838E-01
2.94434,22.8526,-0.137959E-01
2.94495,22.8574,-0.180012E-01
2.94556,22.8621,-0.146612E-01
2.94617,22.8668,0.145899E-01
2.94678,22.8716,0.230607E-02
2.94739,22.8763,0.560316E-03
2.94800,22.8810,-0.399969E-01
2.94861,22.8858,-0.196523E-02
2.94922,22.8905,-0.154469E-01
2.94983,22.8953,0.990800E-02
2.95044,22.9000,-0.171836E-01
2.95105,22.9047,-0.116316E-01
2.95166,22.9095,-0.803668E-02
2.95227,22.9142,-0.235303E-02
2.95288,22.9189,0.157910E-01
2.95349,22.9237,0.225248E-02
2.95410,22.9284,-0.263742E-02
2.95471,22.9331,-0.375135E-02
2.95532,22.9379,0.235120E-01
2.95593,22.9426,-0.208404E-01
2.95654,22.9474,-0.553165E-02
2.95715,22.9521,0.521956E-01
2.95776,22.9568,-0.282077E-01
2.95837,22.9616,-0.314958E-01
2.95898,22.9663,0.192998E-01
2.95959,22.9710,0.177410E-02
2.96021,22.9758,0.129743E-01
2.96082,22.9805,0.183979E-01
2.96143,22.9853,0.154187E-01
2.96204,22.9900,-0.425742E-02
2.96265,22.9947,-0.200060E-01
2.96326,22.9995,-0.297775E-01
2.96387,23.0042,0.501745E-02
2.96448,23.0089,-0.323123E-01
2.96509,23.0137,-0.257896E-01
2.96570,23.0184,0.122863E-01
2.96631,23.0232,0.235204E-01
2.96692,23.0279,-0.158712E-01
2.96753,23.0326,0.199875E-02
2.96814,23.0374,0.183075E-01
2.96875,23.0421,0.198450E-02
2.96936,23.0468,-0.390457E-01
2.96997,23.0516,0.333798E-01
2.97058,23.0563,0.803948E-01
2.97119,23.0611,0.617500E-02
2.97180,23.0658,-0.218127E-03
2.97241,23.0705,-0.345118E-02
2.97302,23.0753,0.737598E-02
2.97363,23.0800,-0.163694E-02
2.97424,23.0847,0.166640E-01
2.97485,23.0895,-0.587286E-01
2.97546,23.0942,0.100653E-02
2.97607,23.0990,-0.677367E-01
2.97668,23.1037,0.593738E-01
2.97729,23.1084,-0.917137E-02
2.97791,23.1132,0.295992E-02
2.97852,23.1179,-0.133814E-01
2.97913,23.1226,-0.745363E-02
2.97974,23.1274,0.235245E-01
2.98035,23.1321,0.219191E-02
2.98096,23.1369,-0.372368E-01
2.98157,23.1416,0.154890E-02
2.98218,23.1463,-0.671148E-01
2.98279,23.1511,0.148731E-01
2.98340,23.1558,0.108276E-01
2.98401,23.1605,0.151607E-01
2.98462,23.1653,0.949110E-03
2.98523,23.1700,-0.230545E-01
2.98584,23.1748,0.418540E-01
2.98645,23.1795,-0.983591E-02
2.98706,23.1842,0.196134E-01
2.98767,23.1890,-0.468724E-01
2.98828,23.1937,-0.488020E-02
2.98889,23.1984,0.452554E-03
2.98950,23.2032,-0.752325E-03
2.99011,23.2079,-0.472280E-01
2.99072,23.2126,0.390293E-01
2.99133,23.2174,0.888821E-02
2.99194,23.2221,-0.497057E-02
2.99255,23.2269,0.788196E-03
2.99316,23.2316,-0.623904E-02
2.99377,23.2363,0.624821E-03
2.99438,23.2411,-0.333157E-02
2.99500,23.2458,0.221104E-01
2.99561,23.2505,-0.116023E-01
2.99622,23.2553,0.957917E-01
2.99683,23.2600,0.107396E-01
2.99744,23.2648,-0.772773E-03
2.99805,23.2695,-0.204375E-02
2.99866,23.2742,-0.228131E-01
2.99927,23.2790,-0.466795E-02
2.99988,23.2837,0.420148E-02
3.00049,23.2884,-0.408668E-02
3.00110,23.2932,-0.689185E-04
3.00171,23.2979,0.965643E-02
3.00232,23.3027,-0.475123E-01
3.00293,23.3074,-0.870992E-02
3.00354,23.3121,-0.144600E-01
3.00415,23.3169,-0.338233E-03
3.00476,23.3216,0.550720E-01
3.00537,23.3263,0.981699E-03
3.00598,23.3311,0.683825E-01
3.00659,23.3358,0.240710E-01
3.00720,23.3406,-0.173555E-01
3.00781,23.3453,0.958133E-02
3.00842,23.3500,-0.267885E-01
3.00903,23.3548,0.154491E-01
3.00964,23.3595,0.484080E-01
3.01025,23.3642,0.442054E-01
3.01086,23.3690,0.657591E-02
3.01147,23.3737,0.162859E-01
3.01208,23.3785,0.192886E-01
3.01270,23.3832,-0.119752E-01
3.01331,23.3879,0.290335E-01
3.01392,23.3927,0.147265E-01
3.01453,23.3974,-0.566335E-02
3.01514,23.4021,-0.295223E-02
3.01575,23.4069,0.277961E-01
3.01636,23.4116,-0.702670E-02
3.01697,23.4164,-0.210815E-02
3.01758,23.4211,0.399310E-02
3.01819,23.4258,0.794804E-01
3.01880,23.4306,-0.104751E-01
3.01941,23.4353,-0.154591E-02
3.02002,23.4400,0.483103E-01
3.02063,23.4448,0.693987E-01
3.02124,23.4495,0.154851E-01
3.02185,23.4543,-0.443179E-02
3.02246,23.4590,0.462235E-01
3.02307,23.4637,0.445897E-01
3.02368,23.4685,-0.476505E-02
3.02429,23.4732,0.327426E-01
3.02490,23.4779,0.644038E-02
3.02551,23.4827,0.131702E-01
3.02612,23.4874,-0.445021E-02
3.02673,23.4921,-0.541544E-02
3.02734,23.4969,0.117106E-01
3.02795,23.5016,-0.917934E-02
3.02856,23.5064,-0.621907E-01
3.02917,23.5111,0.150835E-01
3.02979,23.5158,0.129009E-01
3.03040,23.5206,0.373264E-01
3.03101,23.5253,-0.216644E-01
3.03162,23.5300,0.321504E-01
3.03223,23.5348,0.133925E-01
3.03284,23.5395,0.463242E-01
3.03345,23.5443,0.438179E-01
3.03406,23.5490,0.143662E-01
3.03467,23.5537,-0.170951E-01
3.03528,23.5585,-0.466836E-01
3.03589,23.5632,0.167992E-01
3.03650,23.5679,-0.438262E-01
3.03711,23.5727,-0.690705E-02
3.03772,23.5774,-0.321480E-01
3.03833,23.5822,-0.314341E-03
3.03894,23.5869,-0.144316E-01
3.03955,23.5916,0.132431E-01
3.04016,23.5964,-0.871507E-01
3.04077,23.6011,0.252974E-01
3.04138,23.6058,0.311643E-01
3.04199,23.6106,-0.113901E-01
3.04260,23.6153,0.817726E-02
3.04321,23.6201,0.101182E-01
3.04382,23.6248,-0.468383E-01
3.04443,23.6295,0.187374E-01
3.04504,23.6343,-0.352773E-01
3.04565,23.6390,-0.150085E-01
3.04626,23.6437,0.481329E-01
3.04688,23.6485,0.252409E-01
3.04749,23.6532,-0.258872E-02
3.04810,23.6580,-0.325922E-03
3.04871,23.6627,-0.159630E-01
3.04932,23.6674,-0.642918E-02
3.04993,23.6722,-0.853249E-02
3.05054,23.6769,-0.390613E-01
3.05115,23.6816,-0.486639E-02
3.05176,23.6864,0.490260E-01
3.05237,23.6911,-0.146753E-01
3.05298,23.6959,0.355855E-02
3.05359,23.7006,0.211735E-01
3.05420,23.7053,0.104249
3.05481,23.7101,0.247278E-01
3.05542,23.7148,-0.592911E-02
3.05603,23.7195,0.398735E-02
3.05664,23.7243,0.943300E-01
3.05725,23.7290,-0.103201E-01
3.05786,23.7337,0.595483E-02
3.05847,23.7385,-0.379073E-02
3.05908,23.7432,-0.103016E-01
3.05969,23.7480,0.312608E-01
3.06030,23.7527,-0.461902E-03
3.06091,23.7574,-0.420731E-02
3.06152,23.7622,0.219292E-01
3.06213,23.7669,0.169854E-01
3.06274,23.7716,0.138875E-01
3.06335,23.7764,-0.460282E-02
3.06396,23.7811,0.101593E-02
3.06458,23.7859,0.211296E-02
3.06519,23.7906,0.146615E-01
3.06580,23.7953,-0.838398E-02
3.06641,23.8001,-0.132148E-01
3.06702,23.8048,0.277071E-01
3.06763,23.8095,0.255065E-02
3.06824,23.8143,0.205440E-01
3.06885,23.8190,0.275018E-01
3.06946,23.8238,0.150812E-01
3.07007,23.8285,0.880898E-01
3.07068,23.8332,0.458585E-02
3.07129,23.8380,-0.969722E-02
3.07190,23.8427,-0.126802E-01
3.07251,23.8474,-0.139706E-01
3.07312,23.8522,-0.299043E-02
3.07373,23.8569,0.712290E-02
3.07434,23.8617,0.233210E-01
3.07495,23.8664,0.263538E-01
3.07556,23.8711,0.462594E-01
3.07617,23.8759,-0.710147E-02
3.07678,23.8806,-0.442054E-01
3.07739,23.8853,0.866371E-02
3.07800,23.8901,0.458347E-01
3.07861,23.8948,-0.390030E-02
3.07922,23.8996,0.624644E-02
3.07983,23.9043,-0.102801E-01
3.08044,23.9090,-0.426522E-02
3.08105,23.9138,0.299415E-01
3.08167,23.9185,0.666291E-01
3.08228,23.9232,-0.415257E-02
3.08289,23.9280,-0.640469E-02
3.08350,23.9327,0.637988E-02
3.08411,23.9375,0.872332E-02
3.08472,23.9422,0.191920E-03
3.08533,23.9469,0.191202E-01
3.08594,23.9517,-0.111905E-01
3.08655,23.9564,-0.158366E-01
3.08716,23.9611,0.151747E-01
3.08777,23.9659,-0.273422E-02
3.08838,23.9706,-0.125929E-01
3.08899,23.9754,-0.129430E-01
3.08960,23.9801,0.625763E-01
3.09021,23.9848,-0.352583E-03
3.09082,23.9896,-0.261091E-01
3.09143,23.9943,-0.339193E-01
3.09204,23.9990,-0.207332E-02
3.09265,24.0038,0.216198E-01
3.09326,24.0085,-0.683161E-02
3.09387,24.0132,0.808635E-01
3.09448,24.0180,0.586846E-03
3.09509,24.0227,0.168061E-01
3.09570,24.0275,0.338286E-02
3.09631,24.0322,-0.654014E-02
3.09692,24.0369,0.691446E-01
3.09753,24.0417,-0.132333E-01
3.09814,24.0464,-0.306596E-01
3.09875,24.0511,0.144437E-01
3.09937,24.0559,0.892081E-02
3.09998,24.0606,0.261549E-01
3.10059,24.0654,0.500372E-02
3.10120,24.0701,0.102052E-01
3.10181,24.0748,0.102549E-01
3.10242,24.0796,-0.210642E-01
3.10303,24.0843,-0.893373E-02
3.10364,24.0890,0.120613E-01
3.10425,24.0938,-0.350756E-01
3.10486,24.0985,0.456603E-02
3.10547,24.1033,0.451019E-01
3.10608,24.1080,-0.236765E-02
3.10669,24.1127,-0.183159E-01
3.10730,24.1175,-0.267198E-02
3.10791,24.1222,0.174705E-01
3.10852,24.1269,0.854494E-02
3.10913,24.1317,0.220114E-01
3.10974,24.1364,-0.195571E-01
3.11035,24.1412,0.901323E-02
3.11096,24.1459,0.580474E-02
3.11157,24.1506,-0.277065E-01
3.11218,24.1554,0.267423E-01
3.11279,24.1601,-0.116874E-01
3.11340,24.1648,0.349515E-01
3.11401,24.1696,0.384242E-02
3.11462,24.1743,-0.315317E-02
3.11523,24.1791,-0.136225E-01
3.11584,24.1838,0.566661E-02
3.11646,24.1885,0.370227E-01
3.11707,24.1933,-0.110588E-01
3.11768,24.1980,-0.120715E-01
3.11829,24.2027,0.462017E-01
3.11890,24.2075,-0.332519E-01
3.11951,24.2122,0.452185E-02
3.12012,24.2170,0.161106E-01
3.12073,24.2217,-0.413606E-01
3.12134,24.2264,-0.515373E-01
3.12195,24.2312,0.679151E-01
3.12256,24.2359,-0.145965E-01
3.12317,24.2406,-0.193913E-02
3.12378,24.2454,0.144318E-01
3.12439,24.2501,-0.531039E-02
3.12500,24.2548,0.186004E-01
3.12561,24.2596,-0.783487E-01
3.12622,24.2643,0.103761E-01
3.12683,24.2691,0.213605E-01
3.12744,24.2738,0.847589E-01
3.12805,24.2785,0.253509E-01
3.12866,24.2833,0.932913E-02
3.12927,24.2880,-0.882960E-02
3.12988,24.2927,0.438774E-02
3.13049,24.2975,0.128760E-01
3.13110,24.3022,0.133714E-01
3.13171,24.3070,-0.597619E-03
3.13232,24.3117,0.125326E-01
3.13293,24.3164,0.390107E-01
3.13354,24.3212,0.946418E-02
3.13416,24.3259,0.208008E-01
3.13477,24.3306,0.354958E-01
3.13538,24.3354,-0.602264E-02
3.13599,24.3401,0.911211E-01
3.13660,24.3449,-0.560123E-02
3.13721,24.3496,0.138125E-01
3.13782,24.3543,-0.629724E-01
3.13843,24.3591,0.167101E-01
3.13904,24.3638,-0.152468E-01
3.13965,24.3685,0.172355E-01
3.14026,24.3733,0.100224E-01
3.14087,24.3780,-0.128258E-01
3.14148,24.3828,0.350568E-02
3.14209,24.3875,0.235587E-01
3.14270,24.3922,0.931067E-02
3.14331,24.3970,-0.158256E-02
3.14392,24.4017,-0.183978E-01
3.14453,24.4064,0.258414E-01
3.14514,24.4112,-0.343507E-02
3.14575,24.4159,-0.131537E-01
3.14636,24.4207,0.663420E-01
3.14697,24.4254,0.142413E-01
3.14758,24.4301,-0.129531E-01
3.14819,24.4349,0.101367E-01
3.14880,24.4396,0.178338E-01
3.14941,24.4443,0.975283E-02
3.15002,24.4491,-0.196840E-02
3.15063,24.4538,-0.935764E-01
3.15125,24.4586,-0.765068E-01
3.15186,24.4633,0.345596E-01
3.15247,24.4680,-0.621804E-02
3.15308,24.4728,0.281842E-01
3.15369,24.4775,0.616030E-01
3.15430,24.4822,-0.146169E-01
3.15491,24.4870,0.155174E-01
3.15552,24.4917,0.134297E-01
3.15613,24.4965,0.178501E-01
3.15674,24.5012,0.202532E-01
3.15735,24.5059,0.238363E-01
3.15796,24.5107,-0.435869E-01
3.15857,24.5154,0.229130E-01
3.15918,24.5201,-0.643131E-02
3.15979,24.5249,0.220388E-02
3.16040,24.5296,0.174952E-01
3.16101,24.5343,-0.154995E-01
3.16162,24.5391,0.508144E-01
3.16223,24.5438,-0.401052E-01
3.16284,24.5486,-0.432259E-01
3.16345,24.5533,0.334135E-01
3.16406,24.5580,0.315738E-02
3.16467,24.5628,0.298261E-01
3.16528,24.5675,0.245792E-01
3.16589,24.5722,0.749578E-02
3.16650,24.5770,-0.403689E-01
3.16711,24.5817,0.460536E-01
3.16772,24.5865,-0.805067E-02
3.16833,24.5912,0.939748E-02
3.16895,24.5959,0.285026E-01
3.16956,24.6007,-0.806705E-02
3.17017,24.6054,-0.400416E-01
3.17078,24.6101,-0.119517E-02
3.17139,24.6149,0.728729E-01
3.17200,24.6196,-0.255110E-01
3.17261,24.6244,0.515839E-01
3.17322,24.6291,-0.535407E-02
3.17383,24.6338,0.509947E-01
3.17444,24.6386,0.406740E-01
3.17505,24.6433,0.139374E-01
3.17566,24.6480,-0.792357E-01
3.17627,24.6528,0.265717E-01
3.17688,24.6575,-0.943978E-02
3.17749,24.6623,0.170802E-01
3.17810,24.6670,0.408670E-01
3.17871,24.6717,-0.390450E-01
3.17932,24.6765,0.100905E-01
3.17993,24.6812,0.646488E-01
3.18054,24.6859,0.906829E-02
3.18115,24.6907,0.383925E-01
3.18176,24.6954,-0.952878E-02
3.18237,24.7002,-0.120377E-01
3.18298,24.7049,-0.302401E-01
3.18359,24.7096,0.137180E-01
3.18420,24.7144,0.918897E-02
3.18481,24.7191,0.429654E-01
3.18542,24.7238,-0.499665E-02
3.18604,24.7286,0.825141E-02
3.18665,24.7333,0.108618E-01
3.18726,24.7381,0.230528E-01
3.18787,24.7428,0.903936E-02
3.18848,24.7475,-0.483633E-01
3.18909,24.7523,-0.237729E-01
3.18970,24.7570,-0.813209E-02
3.19031,24.7617,0.101845E-01
3.19092,24.7665,0.106702
3.19153,24.7712,0.437382E-02
3.19214,24.7760,-0.311016E-02
3.19275,24.7807,0.101730E-01
3.19336,24.7854,-0.609737E-01
3.19397,24.7902,-0.369305E-02
3.19458,24.7949,-0.110882
3.19519,24.7996,-0.724075E-02
3.19580,24.8044,-0.147993E-01
3.19641,24.8091,-0.112840E-01
3.19702,24.8138,-0.137093E-01
3.19763,24.8186,0.363886E-01
3.19824,24.8233,0.542074E-02
3.19885,24.8281,0.127791E-01
3.19946,24.8328,0.169100E-01
3.20007,24.8375,-0.122157E-02
3.20068,24.8423,0.464941E-02
3.20129,24.8470,0.810027E-03
3.20190,24.8517,0.530599E-01
3.20251,24.8565,-0.560047E-02
3.20312,24.8612,-0.123276E-01
3.20374,24.8660,0.113731E-01
3.20435,24.8707,-0.684481E-01
3.20496,24.8754,0.175351E-01
3.20557,24.8802,0.249081E-01
3.20618,24.8849,-0.337228E-02
3.20679,24.8896,0.384332E-02
3.20740,24.8944,0.285646E-01
3.20801,24.8991,0.354600E-01
3.20862,24.9039,0.127625E-01
3.20923,24.9086,0.433651E-02
3.20984,24.9133,0.518830E-02
3.21045,24.9181,-0.107795E-02
3.21106,24.9228,-0.947372E-02
3.21167,24.9275,-0.201691E-01
3.21228,24.9323,-0.170733E-01
3.21289,24.9370,-0.103829E-01
3.21350,24.9418,-0.922716E-03
3.21411,24.9465,-0.217164E-01
3.21472,24.9512,0.251234E-01
3.21533,24.9560,-0.277419E-02
3.21594,24.9607,-0.614717E-02
3.21655,24.9654,-0.577895E-03
3.21716,24.9702,0.862439E-01
3.21777,24.9749,0.326644E-01
3.21838,24.9797,-0.190211E-01
3.21899,24.9844,-0.769984E-02
3.21960,24.9891,-0.708495E-03
3.22021,24.9939,-0.191144E-01
3.22083,24.9986,0.382804E-01
3.22144,25.0033,-0.186736E-02
3.22205,25.0081,0.920201E-01
3.22266,25.0128,0.439830E-01
3.22327,25.0176,-0.246305E-02
3.22388,25.0223,-0.818818E-01
3.22449,25.0270,0.338942E-01
3.22510,25.0318,-0.200003E-01
3.22571,25.0365,0.200243E-01
3.22632,25.0412,0.278863E-01
3.22693,25.0460,-0.942002E-02
3.22754,25.0507,-0.138594E-01
3.22815,25.0554,0.195681E-01
3.22876,25.0602,0.391688E-01
3.22937,25.0649,0.226026E-01
3.22998,25.0697,0.154735E-01
3.23059,25.0744,0.141016E-01
3.23120,25.0791,-0.598806E-02
3.23181,25.0839,-0.606711E-02
3.23242,25.0886,0.729471E-02
3.23303,25.0933,-0.136546E-02
3.23364,25.0981,0.171624E-01
3.23425,25.1028,-0.405136E-01
3.23486,25.1076,-0.397509E-01
3.23547,25.1123,-0.111158E-02
3.23608,25.1170,0.223999E-01
3.23669,25.1218,0.821782E-02
3.23730,25.1265,0.527716E-01
3.23792,25.1312,0.363510E-01
3.23853,25.1360,0.112795E-01
3.23914,25.1407,0.208961E-01
3.23975,25.1455,0.404886E-02
3.24036,25.1502,-0.444697E-01
3.24097,25.1549,-0.642343E-02
3.24158,25.1597,0.457327E-01
3.24219,25.1644,-0.420323E-03
3.24280,25.1691,-0.359302E-02
3.24341,25.1739,-0.629481E-02
3.24402,25.1786,-0.203626E-01
3.24463,25.1834,0.574060E-02
3.24524,25.1881,0.620938E-01
3.24585,25.1928,0.839824E-02
3.24646,25.1976,-0.370450E-02
3.24707,25.2023,0.111282E-01
3.24768,25.2070,-0.333748E-01
3.24829,25.2118,-0.596275E-02
3.24890,25.2165,0.320401E-02
3.24951,25.2213,0.174940E-02
3.25012,25.2260,0.282817E-01
3.25073,25.2307,0.170526E-01
3.25134,25.2355,-0.466281E-01
3.25195,25.2402,0.118267E-01
3.25256,25.2449,0.187068E-01
3.25317,25.2497,-0.441129E-02
3.25378,25.2544,-0.122535E-01
3.25439,25.2592,-0.303833E-01
3.25500,25.2639,0.250834E-02
3.25562,25.2686,0.290601E-01
3.25623,25.2734,-0.520501E-02
3.25684,25.2781,0.627474E-01
3.25745,25.2828,-0.824297E-02
3.25806,25.2876,0.294199E-03
3.25867,25.2923,-0.874640E-02
3.25928,25.2971,-0.372019E-01
3.25989,25.3018,0.331513E-01
3.26050,25.3065,0.183208E-01
3.26111,25.3113,-0.359189E-01
3.26172,25.3160,-0.171514E-02
3.26233,25.3207,0.863760E-02
3.26294,25.3255,0.262636E-01
3.26355,25.3302,0.319577E-01
3.26416,25.3349,-0.186261E-01
3.26477,25.3397,0.323085E-01
3.26538,25.3444,-0.929670E-02
3.26599,25.3492,0.151231E-01
3.26660,25.3539,0.385789E-01
3.26721,25.3586,0.884791E-02
3.26782,25.3634,0.447749E-01
3.26843,25.3681,0.129046E-01
3.26904,25.3728,-0.216596E-02
3.26965,25.3776,0.193941E-03
3.27026,25.3823,-0.146187E-01
3.27087,25.3871,0.714864E-02
3.27148,25.3918,0.166639E-01
3.27209,25.3965,0.436845E-02
3.27271,25.4013,-0.736934E-02
3.27332,25.4060,0.210637E-01
3.27393,25.4107,0.228139E-01
3.27454,25.4155,0.592586E-01
3.27515,25.4202,-0.285568E-01
3.27576,25.4250,-0.538295E-02
3.27637,25.4297,0.199941E-01
3.27698,25.4344,0.228857E-01
3.27759,25.4392,-0.267512E-01
3.27820,25.4439,0.159928E-01
3.27881,25.4486,0.292079E-01
3.27942,25.4534,0.147458E-01
3.28003,25.4581,0.323615E-01
3.28064,25.4629,0.138779E-01
3.28125,25.4676,-0.395227E-01
3.28186,25.4723,-0.490118E-02
3.28247,25.4771,0.165560E-01
3.28308,25.4818,0.206217E-01
3.28369,25.4865,0.355601E-01
3.28430,25.4913,-0.134245E-01
3.28491,25.4960,-0.145648E-01
3.28552,25.5008,0.147946E-01
3.28613,25.5055,0.141130E-02
3.28674,25.5102,-0.289188E-02
3.28735,25.5150,0.147186E-01
3.28796,25.5197,-0.355413E-01
3.28857,25.5244,0.370723E-02
3.28918,25.5292,0.520477E-01
3.28979,25.5339,-0.725823E-02
3.29041,25.5387,-0.404748E-02
3.29102,25.5434,0.126645E-01
3.29163,25.5481,0.336728E-01
3.29224,25.5529,0.427668E-01
3.29285,25.5576,-0.122352E-01
3.29346,25.5623,-0.397367E-02
3.29407,25.5671,0.114147E-01
3.29468,25.5718,-0.103473E-01
3.29529,25.5765,0.151022E-01
3.29590,25.5813,-0.807885E-02
3.29651,25.5860,0.274972E-01
3.29712,25.5908,-0.762908E-01
3.29773,25.5955,-0.132845E-01
3.29834,25.6002,0.949189E-02
3.29895,25.6050,-0.181873E-01
3.29956,25.6097,-0.476416E-01
3.30017,25.6144,0.213507E-01
3.30078,25.6192,0.855771E-03
3.30139,25.6239,0.348368E-01
3.30200,25.6287,0.998387E-02
3.30261,25.6334,0.144801E-01
3.30322,25.6381,0.169442E-01
3.30383,25.6429,0.185696E-02
3.30444,25.6476,0.174673E-01
3.30505,25.6523,0.235359E-02
3.30566,25.6571,0.385910E-02
3.30627,25.6618,-0.814960E-02
3.30688,25.6666,0.270889E-01
3.30750,25.6713,-0.129366E-02
3.30811,25.6760,0.286608E-03
3.30872,25.6808,-0.225507E-01
3.30933,25.6855,0.284901E-01
3.30994,25.6902,0.232860E-01
3.31055,25.6950,-0.504711E-02
3.31116,25.6997,-0.172499E-01
3.31177,25.7045,0.278312E-01
3.31238,25.7092,0.192787E-01
3.31299,25.7139,-0.378656E-03
3.31360,25.7187,-0.531305E-02
3.31421,25.7234,-0.114794E-01
3.31482,25.7281,0.261573E-01
3.31543,25.7329,-0.426098E-02
3.31604,25.7376,0.272541E-02
3.31665,25.7424,0.872120E-02
3.31726,25.7471,0.667268E-02
3.31787,25.7518,0.117654E-01
3.31848,25.7566,-0.458714E-01
3.31909,25.7613,0.840360E-02
3.31970,25.7660,-0.193530E-01
3.32031,25.7708,-0.107308E-01
3.32092,25.7755,0.386106E-02
3.32153,25.7803,0.593859E-04
3.32214,25.7850,-0.232749E-02
3.32275,25.7897,0.274686E-01
3.32336,25.7945,0.128992E-02
3.32397,25.7992,0.118820E-02
3.32458,25.8039,0.589993E-01
3.32520,25.8087,-0.146129E-01
3.32581,25.8134,0.845136E-02
3.32642,25.8182,-0.149468E-01
3.32703,25.8229,0.143029E-01
3.32764,25.8276,-0.205716E-02
3.32825,25.8324,-0.108110E-03
3.32886,25.8371,0.247261E-01
3.32947,25.8418,-0.946900E-02
3.33008,25.8466,-0.478068E-01
3.33069,25.8513,-0.172215E-01
3.33130,25.8560,-0.272335E-02
3.33191,25.8608,0.337104E-01
3.33252,25.8655,-0.269686E-01
3.33313,25.8703,0.768700E-02
3.33374,25.8750,0.187511E-01
3.33435,25.8797,0.107589E-02
3.33496,25.8845,0.350858E-01
3.33557,25.8892,0.547916E-01
3.33618,25.8939,0.437412E-01
3.33679,25.8987,-0.434468E-02
3.33740,25.9034,0.550001E-01
3.33801,25.9082,-0.244751E-01
3.33862,25.9129,0.827234E-02
3.33923,25.9176,-0.112344E-03
3.33984,25.9224,0.427177E-02
3.34045,25.9271,-0.266873E-02
3.34106,25.9318,-0.266369E-01
3.34167,25.9366,-0.530894E-02
3.34229,25.9413,-0.235911E-01
3.34290,25.9461,0.262049E-01
3.34351,25.9508,0.195348E-01
3.34412,25.9555,-0.301010E-02
3.34473,25.9603,-0.188542E-01
3.34534,25.9650,0.499451E-02
3.34595,25.9697,-0.132110E-01
3.34656,25.9745,0.863397E-02
3.34717,25.9792,-0.333664E-01
3.34778,25.9840,0.243305E-01
3.34839,25.9887,0.486183E-01
3.34900,25.9934,-0.297076E-01
3.34961,25.9982,-0.440215E-03
3.35022,26.0029,-0.964400E-02
3.35083,26.0076,0.333228E-02
3.35144,26.0124,-0.203560E-01
3.35205,26.0171,0.285916E-01
3.35266,26.0219,0.136937E-01
3.35327,26.0266,0.839746E-02
3.35388,26.0313,-0.227008E-01
3.35449,26.0361,-0.105008E-01
3.35510,26.0408,0.512548E-02
3.35571,26.0455,-0.915497E-02
3.35632,26.0503,0.260993E-02
3.35693,26.0550,0.660133E-01
3.35754,26.0598,-0.257232E-02
3.35815,26.0645,0.605134E-02
3.35876,26.0692,0.599966E-01
3.35938,26.0740,0.420395E-01
3.35999,26.0787,-0.191089E-01
3.36060,26.0834,0.445371E-01
3.36121,26.0882,0.208553E-01
3.36182,26.0929,-0.137679E-02
3.36243,26.0976,-0.202428E-02
3.36304,26.1024,0.210345E-01
3.36365,26.1071,-0.546570E-02
3.36426,26.1119,0.166175E-01
3.36487,26.1166,-0.927539E-02
3.36548,26.1213,0.662956E-02
3.36609,26.1261,0.170964E-02
3.36670,26.1308,-0.219314E-01
3.36731,26.1355,-0.428203E-02
3.36792,26.1403,0.203163E-01
3.36853,26.1450,-0.261514E-01
3.36914,26.1498,0.951840E-02
3.36975,26.1545,-0.157737E-01
3.37036,26.1592,0.315775E-01
3.37097,26.1640,0.429713E-01
3.37158,26.1687,0.638525E-02
3.37219,26.1734,-0.298969E-02
3.37280,26.1782,-0.819921E-02
3.37341,26.1829,-0.451175E-01
3.37402,26.1877,0.261310E-01
3.37463,26.1924,0.172141E-01
3.37524,26.1971,0.371046E-01
3.37585,26.2019,-0.425079E-02
3.37646,26.2066,0.217281E-01
3.37708,26.2113,0.454032E-01
3.37769,26.2161,-0.350564E-01
3.37830,26.2208,0.173328E-01
3.37891,26.2256,0.253414E-01
3.37952,26.2303,-0.196703E-01
3.38013,26.2350,-0.168779E-01
3.38074,26.2398,-0.121672E-01
3.38135,26.2445,0.122031E-01
3.38196,26.2492,-0.172658E-01
3.38257,26.2540,-0.182829E-01
3.38318,26.2587,0.824078E-01
3.38379,26.2635,0.618307E-02
3.38440,26.2682,-0.145698E-02
3.38501,26.2729,0.102194E-01
3.38562,26.2777,0.472778E-01
3.38623,26.2824,0.119410E-01
3.38684,26.2871,-0.358845E-02
3.38745,26.2919,-0.184859E-01
3.38806,26.2966,-0.620830E-02
3.38867,26.3014,-0.304064E-01
3.38928,26.3061,0.136493E-01
3.38989,26.3108,0.240718E-01
3.39050,26.3156,0.944431E-02
3.39111,26.3203,0.420137E-01
3.39172,26.3250,0.438197E-01
3.39233,26.3298,0.489960E-01
3.39294,26.3345,0.149403E-01
3.39355,26.3393,-0.427299E-01
3.39417,26.3440,-0.126804E-01
3.39478,26.3487,0.334470E-02
3.39539,26.3535,0.947283E-02
3.39600,26.3582,0.767093E-02
3.39661,26.3629,0.777655E-02
3.39722,26.3677,-0.870336E-02
3.39783,26.3724,-0.163879E-02
3.39844,26.3771,-0.954310E-02
3.39905,26.3819,-0.768979E-01
3.39966,26.3866,-0.191265E-02
3.40027,26.3914,0.300593E-01
3.40088,26.3961,0.204009E-01
3.40149,26.4008,0.514393E-01
3.40210,26.4056,0.308898E-02
3.40271,26.4103,-0.137550E-01
3.40332,26.4150,0.288050E-01
3.40393,26.4198,0.282309E-01
3.40454,26.4245,-0.138668E-02
3.40515,26.4293,-0.147657E-03
3.40576,26.4340,0.319483E-01
3.40637,26.4387,0.842672E-02
3.40698,26.4435,0.350497E-02
3.40759,26.4482,-0.116305E-02
3.40820,26.4529,0.954523E-03
3.40881,26.4577,0.274535E-01
3.40942,26.4624,-0.937852E-01
3.41003,26.4672,-0.165944E-01
3.41064,26.4719,0.213432E-01
3.41125,26.4766,0.197016E-01
3.41187,26.4814,-0.246996E-01
3.41248,26.4861,0.123036E-01
3.41309,26.4908,-0.398536E-02
3.41370,26.4956,-0.176374E-01
3.41431,26.5003,0.136726E-01
3.41492,26.5051,-0.200177E-01
3.41553,26.5098,0.861533E-02
3.41614,26.5145,-0.170330E-01
3.41675,26.5193,0.442712E-02
3.41736,26.5240,0.145929E-01
3.41797,26.5287,-0.365845E-01
3.41858,26.5335,0.605518E-01
3.41919,26.5382,-0.195866E-01
3.41980,26.5430,-0.316428E-01
3.42041,26.5477,-0.649739E-01
3.42102,26.5524,-0.810236E-02
3.42163,26.5572,0.363730E-01
3.42224,26.5619,0.242997E-02
3.42285,26.5666,0.109959E-01
3.42346,26.5714,0.615187E-02
3.42407,26.5761,0.124615E-01
3.42468,26.5809,-0.275263E-01
3.42529,26.5856,-0.370559E-02
3.42590,26.5903,0.131094E-01
3.42651,26.5951,0.951523E-02
3.42712,26.5998,-0.561573E-01
3.42773,26.6045,0.269055E-01
3.42834,26.6093,-0.822840E-02
3.42896,26.6140,0.501342E-02
3.42957,26.6188,0.144232E-01
3.43018,26.6235,-0.395483E-02
3.43079,26.6282,-0.577119E-01
3.43140,26.6330,-0.337641E-02
3.43201,26.6377,0.179269E-01
3.43262,26.6424,0.189858E-01
3.43323,26.6472,0.209238E-01
3.43384,26.6519,-0.474170E-02
3.43445,26.6566,-0.382209E-02
3.43506,26.6614,0.794440E-02
3.43567,26.6661,0.252333E-01
3.43628,26.6709,0.487938E-01
3.43689,26.6756,0.259665E-01
3.43750,26.6803,0.107791
3.43811,26.6851,0.224772E-01
3.43872,26.6898,0.830228E-02
3.43933,26.6945,-0.221377E-01
3.43994,26.6993,-0.107906E-01
3.44055,26.7040,-0.108052E-01
3.44116,26.7088,-0.120964E-01
3.44177,26.7135,-0.104548E-01
3.44238,26.7182,-0.197544E-01
3.44299,26.7230,0.196655E-01
3.44360,26.7277,0.174129E-01
3.44421,26.7324,0.275713E-01
3.44482,26.7372,0.301152E-01
3.44543,26.7419,0.169492E-01
3.44604,26.7467,0.102495E-01
3.44666,26.7514,0.313488E-03
3.44727,26.7561,0.386598E-01
3.44788,26.7609,0.276842E-01
3.44849,26.7656,-0.405507E-01
3.44910,26.7703,-0.630181E-02
3.44971,26.7751,0.142904E-01
3.45032,26.7798,-0.234982E-01
3.45093,26.7846,-0.795056E-02
3.45154,26.7893,0.854668E-01
3.45215,26.7940,0.270746E-01
3.45276,26.7988,0.279594E-01
3.45337,26.8035,0.199416E-01
3.45398,26.8082,-0.265278E-01
3.45459,26.8130,-0.413590E-02
3.45520,26.8177,0.106722E-01
3.45581,26.8225,0.164989E-01
3.45642,26.8272,-0.906931E-02
3.45703,26.8319,0.549133E-03
3.45764,26.8367,-0.245021E-01
3.45825,26.8414,-0.156342E-01
3.45886,26.8461,-0.156038E-01
3.45947,26.8509,-0.222146E-01
3.46008,26.8556,0.807836E-03
3.46069,26.8604,-0.244801E-01
3.46130,26.8651,-0.104202
3.46191,26.8698,-0.314346E-02
3.46252,26.8746,0.171120E-01
3.46313,26.8793,-0.271159E-01
3.46375,26.8840,-0.217651E-01
3.46436,26.8888,0.504704E-01
3.46497,26.8935,-0.306205E-01
3.46558,26.8982,0.549522E-02
3.46619,26.9030,0.817268E-02
3.46680,26.9077,-0.238730E-01
3.46741,26.9125,0.789589E-02
3.46802,26.9172,-0.131672E-02
3.46863,26.9219,0.243317E-01
3.46924,26.9267,-0.144955E-01
3.46985,26.9314,0.315479E-01
3.47046,26.9361,0.424876E-03
3.47107,26.9409,0.124555E-01
3.47168,26.9456,-0.595498E-02
3.47229,26.9504,-0.255958E-01
3.47290,26.9551,0.965532E-02
3.47351,26.9598,0.206266E-01
3.47412,26.9646,-0.393646E-01
3.47473,26.9693,-0.387951E-02
3.47534,26.9740,-0.144635E-01
3.47595,26.9788,0.121971E-01
3.47656,26.9835,0.709859E-01
3.47717,26.9883,-0.532361E-01
3.47778,26.9930,0.241818E-02
3.47839,26.9977,-0.338622E-03
3.47900,27.0025,-0.231313E-01
3.47961,27.0072,-0.294641E-01
3.48022,27.0119,0.648475E-01
3.48083,27.0167,0.253631E-01
3.48145,27.0214,-0.305169E-01
3.48206,27.0262,-0.149878E-02
3.48267,27.0309,-0.576516E-02
3.48328,27.0356,-0.534062E-02
3.48389,27.0404,-0.517474E-01
3.48450,27.0451,0.542920E-01
3.48511,27.0498,-0.301917E-01
3.48572,27.0546,0.103864E-01
3.48633,27.0593,-0.695320E-02
3.48694,27.0641,-0.299345E-01
3.48755,27.0688,0.319859E-01
3.48816,27.0735,0.561158E-01
3.48877,27.0783,0.177560E-01
3.48938,27.0830,0.136263E-02
3.48999,27.0877,0.133586E-01
3.49060,27.0925,0.224662E-01
3.49121,27.0972,-0.765701E-02
3.49182,27.1020,0.112200E-02
3.49243,27.1067,0.574769E-02
3.49304,27.1114,0.587080E-01
3.49365,27.1162,-0.535461E-02
3.49426,27.1209,-0.466548E-03
3.49487,27.1256,-0.808403E-02
3.49548,27.1304,-0.417812E-02
3.49609,27.1351,-0.473497E-02
3.49670,27.1399,-0.118110E-01
3.49731,27.1446,-0.455617E-01
3.49792,27.1493,-0.211595E-01
3.49854,27.1541,0.133070E-01
3.49915,27.1588,0.189415E-01
3.49976,27.1635,-0.332039E-01
3.50037,27.1683,0.200583E-01
3.50098,27.1730,-0.102921E-01
3.50159,27.1777,-0.265843E-01
3.50220,27.1825,0.304821E-02
3.50281,27.1872,-0.625130E-02
3.50342,27.1920,0.254788E-01
3.50403,27.1967,-0.290923E-02
3.50464,27.2014,0.208161E-02
3.50525,27.2062,0.278857E-01
3.50586,27.2109,0.246243E-01
3.50647,27.2156,-0.107132E-01
3.50708,27.2204,0.271341E-02
3.50769,27.2251,0.170560E-01
3.50830,27.2299,0.163176E-01
3.50891,27.2346,-0.715119E-02
3.50952,27.2393,-0.154570E-01
3.51013,27.2441,0.768157E-02
3.51074,27.2488,0.507320E-01
3.51135,27.2535,-0.133088E-01
3.51196,27.2583,0.239822E-01
3.51257,27.2630,-0.307508E-02
3.51318,27.2678,0.261659E-01
3.51379,27.2725,0.353907E-01
3.51440,27.2772,0.184808E-01
3.51501,27.2820,0.123215E-01
3.51562,27.2867,-0.290467E-02
3.51624,27.2914,-0.330840E-03
3.51685,27.2962,0.305100E-01
3.51746,27.3009,0.130670
3.51807,27.3057,-0.296994E-02
3.51868,27.3104,0.114408E-01
3.51929,27.3151,-0.223563E-01
3.51990,27.3199,-0.565429E-02
3.52051,27.3246,0.219513E-02
3.52112,27.3293,0.385759E-02
3.52173,27.3341,0.422142E-01
3.52234,27.3388,-0.551056E-02
3.52295,27.3436,0.332191E-01
3.52356,27.3483,-0.116994E-01
3.52417,27.3530,0.117936E-01
3.52478,27.3578,-0.102008E-02
3.52539,27.3625,-0.179930E-01
3.52600,27.3672,0.118267E-01
3.52661,27.3720,0.494371E-01
3.52722,27.3767,0.147271E-01
3.52783,27.3815,0.129585E-01
3.52844,27.3862,0.951564E-02
3.52905,27.3909,-0.122674E-01
3.52966,27.3957,-0.985683E-02
3.53027,27.4004,0.680563E-01
3.53088,27.4051,-0.362244E-02
3.53149,27.4099,-0.212983E-01
3.53210,27.4146,0.199633E-02
3.53271,27.4193,0.323950E-01
3.53333,27.4241,0.175870E-01
3.53394,27.4288,0.848574E-02
3.53455,27.4336,0.301650E-01
3.53516,27.4383,0.127666E-02
3.53577,27.4430,-0.771153E-03
3.53638,27.4478,0.184085E-01
3.53699,27.4525,-0.107138E-01
3.53760,27.4572,0.361713E-02
3.53821,27.4620,0.711118E-02
3.53882,27.4667,-0.139299E-01
3.53943,27.4715,0.141683E-01
3.54004,27.4762,0.443202E-01
3.54065,27.4809,0.724792E-01
3.54126,27.4857,-0.664854E-02
3.54187,27.4904,-0.734790E-01
3.54248,27.4951,-0.844813E-02
3.54309,27.4999,0.197193E-01
3.54370,27.5046,-0.102753E-01
3.54431,27.5094,0.116425E-01
3.54492,27.5141,-0.202599E-01
3.54553,27.5188,0.736030E-02
3.54614,27.5236,-0.165783E-01
3.54675,27.5283,0.137636E-01
3.54736,27.5330,-0.498116E-02
3.54797,27.5378,-0.482911E-01
3.54858,27.5425,-0.391202E-01
3.54919,27.5473,0.128449E-02
3.54980,27.5520,-0.141928E-01
3.55042,27.5567,-0.286525E-01
3.55103,27.5615,0.996344E-02
3.55164,27.5662,0.162209E-01
3.55225,27.5709,0.107254E-01
3.55286,27.5757,-0.333351E-01
3.55347,27.5804,0.244675E-01
3.55408,27.5852,-0.339623E-02
3.55469,27.5899,0.535015E-02
3.55530,27.5946,0.284243E-01
3.55591,27.5994,-0.177676E-01
3.55652,27.6041,0.234458E-01
3.55713,27.6088,-0.250734E-02
3.55774,27.6136,0.141356E-01
3.55835,27.6183,-0.498857E-02
3.55896,27.6231,0.206397E-02
3.55957,27.6278,0.184638E-02
3.56018,27.6325,-0.164126E-01
3.56079,27.6373,0.975178E-02
3.56140,27.6420,0.278270E-01
3.56201,27.6467,0.687364E-02
3.56262,27.6515,-0.500910E-01
3.56323,27.6562,0.288985E-01
3.56384,27.6610,0.238459E-01
3.56445,27.6657,0.230144E-01
3.56506,27.6704,0.452295E-01
3.56567,27.6752,-0.525894E-01
3.56628,27.6799,-0.104817E-01
3.56689,27.6846,0.539768E-01
3.56750,27.6894,0.119756E-01
3.56812,27.6941,-0.529431E-03
3.56873,27.6988,0.279872E-01
3.56934,27.7036,0.633942E-02
3.56995,27.7083,-0.397796E-01
3.57056,27.7131,0.278838E-01
3.57117,27.7178,-0.344509E-01
3.57178,27.7225,0.490642E-01
3.57239,27.7273,0.277817E-01
3.57300,27.7320,0.214680E-02
3.57361,27.7367,0.152312E-01
3.57422,27.7415,-0.311757E-02
3.57483,27.7462,-0.383768E-01
3.57544,27.7510,0.285274E-01
3.57605,27.7557,-0.608736E-02
3.57666,27.7604,-0.288387E-01
3.57727,27.7652,0.104692E-01
3.57788,27.7699,0.512676E-01
3.57849,27.7746,0.173392E-01
3.57910,27.7794,-0.303435E-01
3.57971,27.7841,-0.357177E-01
3.58032,27.7889,0.162440E-01
3.58093,27.7936,-0.484539E-01
3.58154,27.7983,-0.133091E-02
3.58215,27.8031,-0.465546E-02
3.58276,27.8078,0.120963E-02
3.58337,27.8125,-0.436740E-01
3.58398,27.8173,0.490287E-01
3.58459,27.8220,-0.577000E-02
3.58521,27.8268,0.395138E-01
3.58582,27.8315,0.165912E-01
3.58643,27.8362,-0.461879E-02
3.58704,27.8410,0.645184E-01
3.58765,27.8457,0.335133E-02
3.58826,27.8504,0.290474E-01
3.58887,27.8552,0.383491E-01
3.58948,27.8599,0.123912E-01
3.59009,27.8647,-0.677927E-03
3.59070,27.8694,0.549526E-01
3.59131,27.8741,-0.686328E-01
3.59192,27.8789,0.320092E-01
3.59253,27.8836,0.476958E-01
3.59314,27.8883,-0.413991E-01
3.59375,27.8931,0.893164E-02
3.59436,27.8978,0.240518E-01
3.59497,27.9026,0.178756E-01
3.59558,27.9073,0.150665E-01
3.59619,27.9120,0.267361E-02
3.59680,27.9168,0.588940E-01
3.59741,27.9215,0.291860E-01
3.59802,27.9262,-0.153208E-01
3.59863,27.9310,-0.453827E-01
3.59924,27.9357,-0.113020E-01
3.59985,27.9405,0.154981E-01
3.60046,27.9452,0.114241E-01
3.60107,27.9499,0.362652E-01
3.60168,27.9547,0.693407E-02
3.60229,27.9594,0.770964E-01
3.60291,27.9641,-0.981367E-03
3.60352,27.9689,0.417119E-02
3.60413,27.9736,-0.109689E-02
3.60474,27.9783,-0.516919E-03
3.60535,27.9831,0.111098E-02
3.60596,27.9878,0.217704E-01
3.60657,27.9926,0.133724E-02
3.60718,27.9973,0.246307E-01
3.60779,28.0020,0.701315E-02
3.60840,28.0068,0.809294E-02
3.60901,28.0115,0.384174E-01
3.60962,28.0162,-0.380306E-01
3.61023,28.0210,-0.207887E-01
3.61084,28.0257,0.442857E-02
3.61145,28.0305,-0.419939E-02
3.61206,28.0352,0.230531E-01
3.61267,28.0399,0.586553E-02
3.61328,28.0447,0.958266E-02
3.61389,28.0494,-0.919765E-01
3.61450,28.0541,0.157577E-01
3.61511,28.0589,-0.193200E-02
3.61572,28.0636,-0.228437E-01
3.61633,28.0684,0.217146E-01
3.61694,28.0731,-0.241214E-01
3.61755,28.0778,0.152065E-01
3.61816,28.0826,-0.139158E-01
3.61877,28.0873,0.270987E-01
3.61938,28.0920,-0.560622E-02
3.62000,28.0968,-0.260755E-01
3.62061,28.1015,-0.333745E-01
3.62122,28.1063,-0.104811E-01
3.62183,28.1110,-0.202065E-02
3.62244,28.1157,-0.316172E-01
3.62305,28.1205,-0.454565E-02
3.62366,28.1252,0.253037E-01
3.62427,28.1299,-0.436736E-01
3.62488,28.1347,0.985624E-02
3.62549,28.1394,0.449805E-01
3.62610,28.1442,0.483875E-02
3.62671,28.1489,-0.868990E-02
3.62732,28.1536,0.204074E-02
3.62793,28.1584,-0.905108E-03
3.62854,28.1631,-0.239480E-01
3.62915,28.1678,-0.188615E-01
3.62976,28.1726,-0.305378E-02
3.63037,28.1773,0.223286E-01
3.63098,28.1821,-0.114959E-01
3.63159,28.1868,-0.131908E-01
3.63220,28.1915,0.150709E-01
3.63281,28.1963,0.218063E-01
3.63342,28.2010,0.865545E-02
3.63403,28.2057,-0.893332E-02
3.63464,28.2105,0.347604E-01
3.63525,28.2152,-0.398828E-03
3.63586,28.2199,0.511377E-01
3.63647,28.2247,0.275690E-01
3.63708,28.2294,0.317615E-01
3.63770,28.2342,-0.806767E-01
3.63831,28.2389,-0.435011E-02
3.63892,28.2436,-0.278913E-01
3.63953,28.2484,0.167161E-03
3.64014,28.2531,0.269529E-01
3.64075,28.2578,-0.766073E-03
3.64136,28.2626,0.403644E-01
3.64197,28.2673,0.381929E-01
3.64258,28.2721,-0.117058E-01
3.64319,28.2768,0.805718E-01
3.64380,28.2815,-0.378793E-01
3.64441,28.2863,0.307896E-01
3.64502,28.2910,-0.657064E-01
3.64563,28.2957,-0.244728E-01
3.64624,28.3005,0.583368E-01
3.64685,28.3052,-0.931163E-02
3.64746,28.3100,0.735913E-03
3.64807,28.3147,-0.199914E-01
3.64868,28.3194,0.887341E-01
3.64929,28.3242,0.157050E-02
3.64990,28.3289,0.121687E-01
3.65051,28.3336,0.122288E-02
3.65112,28.3384,0.706781E-02
3.65173,28.3431,-0.110946E-01
3.65234,28.3479,-0.496557E-01
3.65295,28.3526,-0.893701E-02
3.65356,28.3573,0.199533E-01
3.65417,28.3621,-0.145516E-01
3.65479,28.3668,-0.201770E-01
3.65540,28.3715,0.200995E-01
3.65601,28.3763,-0.147814E-01
3.65662,28.3810,-0.117091E-01
3.65723,28.3858,0.583508E-02
3.65784,28.3905,0.538132E-01
3.65845,28.3952,0.643607E-02
3.65906,28.4000,-0.341045E-01
3.65967,28.4047,0.119843E-01
3.66028,28.4094,0.240298E-02
3.66089,28.4142,-0.752933E-02
3.66150,28.4189,-0.427548E-01
3.66211,28.4237,0.346227E-03
3.66272,28.4284,0.312625E-01
3.66333,28.4331,0.725925E-01
3.66394,28.4379,0.154541E-01
3.66455,28.4426,-0.350462E-01
3.66516,28.4473,0.210201E-01
3.66577,28.4521,0.331316E-01
3.66638,28.4568,0.212514E-01
3.66699,28.4616,-0.111501
3.66760,28.4663,-0.782790E-02
3.66821,28.4710,0.547497E-02
3.66882,28.4758,0.420885E-01
3.66943,28.4805,0.177496E-02
3.67004,28.4852,0.331370E-01
3.67065,28.4900,0.567693E-01
3.67126,28.4947,0.569755E-02
3.67188,28.4994,0.402708E-01
3.67249,28.5042,0.164980E-01
3.67310,28.5089,0.346662E-01
3.67371,28.5137,-0.194929E-01
3.67432,28.5184,0.937012E-02
3.67493,28.5231,0.111042E-01
3.67554,28.5279,0.663512E-02
3.67615,28.5326,0.138754E-01
3.67676,28.5373,-0.149782E-01
3.67737,28.5421,0.631513E-02
3.67798,28.5468,0.406554E-02
3.67859,28.5516,0.185485E-01
3.67920,28.5563,0.859331E-02
3.67981,28.5610,-0.100366E-01
3.68042,28.5658,-0.295682E-01
3.68103,28.5705,0.438220E-01
3.68164,28.5752,0.865531E-02
3.68225,28.5800,-0.529743E-02
3.68286,28.5847,0.103425E-01
3.68347,28.5895,0.183920E-01
3.68408,28.5942,-0.196146E-01
3.68469,28.5989,-0.154223E-02
3.68530,28.6037,0.159368E-01
3.68591,28.6084,-0.115175E-01
3.68652,28.6131,0.584353E-03
3.68713,28.6179,0.173632E-01
3.68774,28.6226,-0.604435E-01
3.68835,28.6274,0.126480E-01
3.68896,28.6321,0.143589E-01
3.68958,28.6368,-0.289509E-02
3.69019,28.6416,0.166961E-01
3.69080,28.6463,-0.979571E-01
3.69141,28.6510,0.874164E-02
3.69202,28.6558,0.177816E-02
3.69263,28.6605,0.895621E-02
3.69324,28.6653,-0.389646E-02
3.69385,28.6700,-0.225579E-02
3.69446,28.6747,0.455084E-01
3.69507,28.6795,0.359734E-02
3.69568,28.6842,0.145546E-01
3.69629,28.6889,-0.424154E-01
3.69690,28.6937,0.163603E-01
3.69751,28.6984,-0.312134E-03
3.69812,28.7032,-0.192389E-02
3.69873,28.7079,0.739562E-02
3.69934,28.7126,-0.438713E-03
3.69995,28.7174,-0.537309E-02
3.70056,28.7221,0.243233E-01
3.70117,28.7268,-0.541535E-01
3.70178,28.7316,-0.131052E-01
3.70239,28.7363,0.934829E-02
3.70300,28.7410,-0.829881E-02
3.70361,28.7458,-0.137119E-01
3.70422,28.7505,-0.212718E-02
3.70483,28.7553,-0.580329E-02
3.70544,28.7600,0.353146E-02
3.70605,28.7647,-0.524963E-01
3.70667,28.7695,0.261681E-01
3.70728,28.7742,-0.553930E-01
3.70789,28.7789,0.130692E-01
3.70850,28.7837,0.256292E-01
3.70911,28.7884,-0.158492E-01
3.70972,28.7932,0.227202E-01
3.71033,28.7979,0.376452E-03
3.71094,28.8026,0.198937E-01
3.71155,28.8074,-0.406258E-01
3.71216,28.8121,-0.117361E-01
3.71277,28.8168,0.465800E-02
3.71338,28.8216,0.172218E-01
3.71399,28.8263,-0.102115E-01
3.71460,28.8311,0.125078E-01
3.71521,28.8358,-0.259199E-02
3.71582,28.8405,0.559718E-01
3.71643,28.8453,0.824294E-01
3.71704,28.8500,0.439184E-01
3.71765,28.8547,0.128000
3.71826,28.8595,-0.658510E-02
3.71887,28.8642,0.517818E-01
3.71948,28.8690,0.583172E-02
3.72009,28.8737,-0.399304E-02
3.72070,28.8784,-0.115324E-02
3.72131,28.8832,0.197285E-01
3.72192,28.8879,0.196791E-02
3.72253,28.8926,-0.763226E-02
3.72314,28.8974,-0.829865E-02
3.72375,28.9021,0.164856E-01
3.72437,28.9069,0.878483E-02
3.72498,28.9116,-0.174557E-01
3.72559,28.9163,0.216488E-01
3.72620,28.9211,0.115357E-01
3.72681,28.9258,-0.473090E-01
3.72742,28.9305,0.363825E-01
3.72803,28.9353,0.227480E-01
3.72864,28.9400,-0.349521E-01
3.72925,28.9448,0.127675E-01
3.72986,28.9495,-0.558867E-01
3.73047,28.9542,-0.252481E-02
3.73108,28.9590,0.113713E-02
3.73169,28.9637,-0.158212E-01
3.73230,28.9684,-0.859633E-02
3.73291,28.9732,0.412706E-03
3.73352,28.9779,0.967951E-01
3.73413,28.9827,0.345509E-01
3.73474,28.9874,0.148454E-01
3.73535,28.9921,0.434793E-02
3.73596,28.9969,0.520136E-02
3.73657,29.0016,0.226992E-01
3.73718,29.0063,0.169105E-01
3.73779,29.0111,-0.121762E-01
3.73840,29.0158,-0.136011E-02
3.73901,29.0205,0.126711E-01
3.73962,29.0253,-0.164431E-01
3.74023,29.0300,0.926816E-02
3.74084,29.0348,-0.235705E-03
3.74146,29.0395,-0.634401E-02
3.74207,29.0442,0.913208E-02
3.74268,29.0490,-0.185220E-02
3.74329,29.0537,-0.734274E-02
3.74390,29.0584,-0.178573E-02
3.74451,29.0632,-0.251483E-02
3.74512,29.0679,0.482244E-01
3.74573,29.0727,0.157772E-01
3.74634,29.0774,-0.821401E-02
3.74695,29.0821,-0.268474E-01
3.74756,29.0869,0.819819E-04
3.74817,29.0916,-0.188162E-01
3.74878,29.0963,0.598427E-01
3.74939,29.1011,-0.184277E-01
3.75000,29.1058,0.371940E-01
3.75061,29.1106,-0.809538E-02
3.75122,29.1153,-0.821684E-02
3.75183,29.1200,-0.183224E-01
3.75244,29.1248,0.341195E-01
3.75305,29.1295,0.118654E-01
3.75366,29.1342,0.117361E-02
3.75427,29.1390,-0.360208E-01
3.75488,29.1437,0.419371E-02
3.75549,29.1485,0.708847E-01
3.75610,29.1532,-0.118061E-01
3.75671,29.1579,0.238282E-02
3.75732,29.1627,0.265501E-02
3.75793,29.1674,-0.325260E-02
3.75854,29.1721,0.398578E-02
3.75916,29.1769,-0.132994E-01
3.75977,29.1816,-0.302065E-03
3.76038,29.1864,0.481179E-02
3.76099,29.1911,0.152059E-01
3.76160,29.1958,-0.993790E-02
3.76221,29.2006,0.105847E-02
3.76282,29.2053,-0.436650E-01
3.76343,29.2100,-0.387204E-02
3.76404,29.2148,-0.228731E-01
3.76465,29.2195,-0.499499E-01
3.76526,29.2243,-0.363393E-01
3.76587,29.2290,-0.224397E-01
3.76648,29.2337,-0.663395E-02
3.76709,29.2385,0.340187E-02
3.76770,29.2432,0.354094E-01
3.76831,29.2479,-0.349475E-01
3.76892,29.2527,0.128798E-02
3.76953,29.2574,-0.377592E-01
3.77014,29.2621,0.267603E-01
3.77075,29.2669,0.101116E-02
3.77136,29.2716,0.311064E-01
3.77197,29.2764,0.655612E-01
3.77258,29.2811,-0.145398E-01
3.77319,29.2858,0.354784E-02
3.77380,29.2906,0.109604E-03
3.77441,29.2953,0.210486E-01
3.77502,29.3000,0.289737E-01
3.77563,29.3048,0.403730E-01
3.77625,29.3095,0.270528E-02
3.77686,29.3143,0.865965E-01
3.77747,29.3190,0.730513E-02
3.77808,29.3237,-0.357052E-01
3.77869,29.3285,0.151919E-01
3.77930,29.3332,-0.254541E-02
3.77991,29.3379,-0.568222E-02
3.78052,29.3427,0.251428E-02
3.78113,29.3474,-0.174837E-02
3.78174,29.3522,-0.100605E-01
3.78235,29.3569,-0.245029E-02
3.78296,29.3616,0.228274E-02
3.78357,29.3664,-0.317907E-01
3.78418,29.3711,-0.118868
3.78479,29.3758,0.891529E-01
3.78540,29.3806,-0.724718E-01
3.78601,29.3853,0.244736E-01
3.78662,29.3901,0.228511E-01
3.78723,29.3948,-0.700399E-02
3.78784,29.3995,-0.225919E-01
3.78845,29.4043,-0.157390E-01
3.78906,29.4090,0.245058E-01
3.78967,29.4137,-0.265424E-01
3.79028,29.4185,0.145414E-01
3.79089,29.4232,0.178248E-01
3.79150,29.4280,0.103579E-01
3.79211,29.4327,-0.116763E-01
3.79272,29.4374,-0.247985E-01
3.79333,29.4422,0.138002E-01
3.79395,29.4469,0.289490E-01
3.79456,29.4516,0.112554E-01
3.79517,29.4564,0.625163E-03
3.79578,29.4611,-0.145629E-01
3.79639,29.4659,0.754718E-03
3.79700,29.4706,0.494658E-01
3.79761,29.4753,-0.974546E-02
3.79822,29.4801,0.887240E-02
3.79883,29.4848,0.842471E-02
3.79944,29.4895,0.361303E-01
3.80005,29.4943,-0.266623E-01
3.80066,29.4990,-0.844341E-02
3.80127,29.5038,-0.716931E-02
3.80188,29.5085,0.195693E-01
3.80249,29.5132,0.297463E-02
3.80310,29.5180,-0.763519E-02
3.80371,29.5227,-0.123556E-01
3.80432,29.5274,-0.334124E-02
3.80493,29.5322,0.627983E-02
3.80554,29.5369,0.275088E-01
3.80615,29.5416,0.257530E-02
3.80676,29.5464,0.216297E-01
3.80737,29.5511,0.220674E-01
3.80798,29.5559,0.860286E-02
3.80859,29.5606,-0.642391E-02
3.80920,29.5653,-0.506386E-01
3.80981,29.5701,0.177778E-02
3.81042,29.5748,0.216142E-01
3.81104,29.5795,-0.387360E-02
3.81165,29.5843,0.343880E-01
3.81226,29.5890,-0.576047E-02
3.81287,29.5938,-0.143312E-01
3.81348,29.5985,0.839264E-02
3.81409,29.6032,0.609665E-02
3.81470,29.6080,-0.162355E-01
3.81531,29.6127,-0.523986E-01
3.81592,29.6174,-0.336658E-02
3.81653,29.6222,-0.309013E-02
3.81714,29.6269,0.547877E-01
3.81775,29.6317,0.308351E-01
3.81836,29.6364,-0.154436E-01
3.81897,29.6411,-0.588903E-01
3.81958,29.6459,0.557297E-02
3.82019,29.6506,-0.990771E-02
3.82080,29.6553,-0.163465E-01
3.82141,29.6601,0.484195E-01
3.82202,29.6648,0.186010E-01
3.82263,29.6696,-0.153795E-01
3.82324,29.6743,-0.399642E-03
3.82385,29.6790,-0.124526E-01
3.82446,29.6838,-0.273420E-01
3.82507,29.6885,0.283929E-02
3.82568,29.6932,0.224259E-01
3.82629,29.6980,-0.316640E-02
3.82690,29.7027,-0.783056E-03
3.82751,29.7075,-0.400848E-02
3.82812,29.7122,0.286630E-02
3.82874,29.7169,0.111233E-01
3.82935,29.7217,0.349087E-03
3.82996,29.7264,0.232675E-01
3.83057,29.7311,0.141566E-01
3.83118,29.7359,0.303912E-01
3.83179,29.7406,0.501840E-01
3.83240,29.7454,-0.182488E-01
3.83301,29.7501,-0.112114E-01
3.83362,29.7548,-0.262028E-02
3.83423,29.7596,0.153366E-02
3.83484,29.7643,0.218629E-02
3.83545,29.7690,0.171597E-01
3.83606,29.7738,-0.341144E-01
3.83667,29.7785,-0.130835E-01
3.83728,29.7833,-0.312634E-02
3.83789,29.7880,-0.153090E-01
3.83850,29.7927,-0.805488E-02
3.83911,29.7975,0.583697E-02
3.83972,29.8022,0.283686E-01
3.84033,29.8069,-0.498496E-02
3.84094,29.8117,-0.374338E-01
3.84155,29.8164,-0.710446E-02
3.84216,29.8211,0.157973E-01
3.84277,29.8259,-0.105641E-01
3.84338,29.8306,0.187013E-01
3.84399,29.8354,-0.804229E-02
3.84460,29.8401,0.244034E-01
3.84521,29.8448,-0.608946E-01
3.84583,29.8496,-0.146295E-01
3.84644,29.8543,0.218212E-03
3.84705,29.8590,0.775931E-02
3.84766,29.8638,-0.425138E-02
3.84827,29.8685,-0.136235E-01
3.84888,29.8733,0.156069E-01
3.84949,29.8780,0.298151E-01
3.85010,29.8827,-0.388535E-02
3.85071,29.8875,0.108343E-01
3.85132,29.8922,0.582295E-02
3.85193,29.8969,0.952795E-02
3.85254,29.9017,0.261860E-01
3.85315,29.9064,0.276368E-01
3.85376,29.9112,-0.713778E-01
3.85437,29.9159,-0.612163E-02
3.85498,29.9206,-0.692060E-02
3.85559,29.9254,0.564059E-03
3.85620,29.9301,0.215642E-03
3.85681,29.9348,0.170514E-01
3.85742,29.9396,-0.261385E-01
3.85803,29.9443,0.266469E-01
3.85864,29.9491,0.423117E-01
3.85925,29.9538,0.358733E-01
3.85986,29.9585,-0.922605E-02
3.86047,29.9633,0.488767E-01
3.86108,29.9680,-0.357582E-03
3.86169,29.9727,0.130076E-01
3.86230,29.9775,-0.189936E-01
3.86292,29.9822,0.281139E-01
3.86353,29.9870,-0.158379E-01
3.86414,29.9917,0.714472E-02
3.86475,29.9964,-0.714915E-02
3.86536,30.0012,-0.468306E-02
3.86597,30.0059,-0.423836E-02
3.86658,30.0106,-0.500325E-02
3.86719,30.0154,-0.105887E-01
3.86780,30.0201,0.370174E-01
3.86841,30.0249,0.857766E-02
3.86902,30.0296,-0.556458E-01
3.86963,30.0343,0.228131E-02
3.87024,30.0391,0.526488E-02
3.87085,30.0438,0.128634E-02
3.87146,30.0485,0.176120E-02
3.87207,30.0533,0.128924E-01
3.87268,30.0580,-0.120783E-02
3.87329,30.0627,0.396185E-01
3.87390,30.0675,-0.342975E-03
3.87451,30.0722,0.358405E-01
3.87512,30.0770,0.199850E-01
3.87573,30.0817,0.270151E-01
3.87634,30.0864,-0.463609E-02
3.87695,30.0912,0.403767E-02
3.87756,30.0959,0.318623E-02
3.87817,30.1006,-0.131762E-01
3.87878,30.1054,0.205653E-02
3.87939,30.1101,0.715579E-02
3.88000,30.1149,-0.200700E-03
3.88062,30.1196,0.243582E-01
3.88123,30.1243,0.414105E-02
3.88184,30.1291,0.921284E-02
3.88245,30.1338,-0.515803E-02
3.88306,30.1385,-0.326016E-01
3.88367,30.1433,-0.252074E-01
3.88428,30.1480,-0.800458E-02
3.88489,30.1528,-0.147422E-01
3.88550,30.1575,0.108848E-01
3.88611,30.1622,-0.599960E-01
3.88672,30.1670,0.350728E-01
3.88733,30.1717,-0.372299E-01
3.88794,30.1764,0.805827E-01
3.88855,30.1812,0.438118E-03
3.88916,30.1859,0.279417E-01
3.88977,30.1907,-0.269967E-03
3.89038,30.1954,-0.172158E-01
3.89099,30.2001,-0.899844E-02
3.89160,30.2049,-0.286682E-02
3.89221,30.2096,-0.501852E-01
3.89282,30.2143,-0.103357E-01
3.89343,30.2191,-0.385459E-02
3.89404,30.2238,0.108014E-01
3.89465,30.2286,-0.665281E-01
3.89526,30.2333,-0.182955E-01
3.89587,30.2380,0.785183E-02
3.89648,30.2428,0.146239E-01
3.89709,30.2475,-0.563941E-02
3.89771,30.2522,0.321141E-01
3.89832,30.2570,0.365199E-03
3.89893,30.2617,0.290158E-02
3.89954,30.2665,0.120467E-02
3.90015,30.2712,-0.114803
3.90076,30.2759,0.272052E-01
3.90137,30.2807,0.527981E-01
3.90198,30.2854,0.449923E-01
3.90259,30.2901,-0.166211E-01
3.90320,30.2949,0.176538E-01
3.90381,30.2996,-0.675970E-02
3.90442,30.3044,0.615559E-01
3.90503,30.3091,0.285975E-02
3.90564,30.3138,-0.220467E-01
3.90625,30.3186,-0.637559E-02
3.90686,30.3233,0.158878E-02
3.90747,30.3280,-0.287701E-02
3.90808,30.3328,-0.258520E-02
3.90869,30.3375,0.484844E-01
3.90930,30.3422,0.333606E-01
3.90991,30.3470,-0.128421E-01
3.91052,30.3517,0.253399E-02
3.91113,30.3565,0.288976E-02
3.91174,30.3612,0.564614E-02
3.91235,30.3659,-0.845819E-02
3.91296,30.3707,-0.473465E-01
3.91357,30.3754,0.267566E-01
3.91418,30.3801,-0.133607E-01
3.91479,30.3849,0.115162E-01
3.91541,30.3896,-0.247785E-01
3.91602,30.3944,0.789861E-02
3.91663,30.3991,-0.852681E-02
3.91724,30.4038,0.224375E-01
3.91785,30.4086,0.924786E-02
3.91846,30.4133,-0.454788E-01
3.91907,30.4180,-0.146887E-01
3.91968,30.4228,0.233802E-01
3.92029,30.4275,-0.414402E-02
3.92090,30.4323,0.460305E-01
3.92151,30.4370,0.282705E-01
3.92212,30.4417,0.296462E-01
3.92273,30.4465,0.502845E-02
3.92334,30.4512,-0.205615E-01
3.92395,30.4559,0.381948E-02
3.92456,30.4607,0.473632E-01
3.92517,30.4654,0.306672E-04
3.92578,30.4702,-0.684515E-02
3.92639,30.4749,0.147829E-02
3.92700,30.4796,0.604296E-01
3.92761,30.4844,0.656178E-01
3.92822,30.4891,-0.194791E-01
3.92883,30.4938,-0.681288E-02
3.92944,30.4986,0.328785E-01
3.93005,30.5033,0.279454E-01
3.93066,30.5081,0.375021E-01
3.93127,30.5128,0.663065E-02
3.93188,30.5175,-0.472915E-01
3.93250,30.5223,-0.457752E-02
3.93311,30.5270,-0.902171E-02
3.93372,30.5317,-0.128175E-01
3.93433,30.5365,-0.295691E-02
3.93494,30.5412,-0.173990E-01
3.93555,30.5460,0.663484E-01
3.93616,30.5507,-0.118052E-02
3.93677,30.5554,-0.203890E-01
3.93738,30.5602,0.143571E-02
3.93799,30.5649,-0.792886E-02
3.93860,30.5696,-0.141024E-01
3.93921,30.5744,0.369854E-03
3.93982,30.5791,-0.676688E-01
3.94043,30.5838,-0.105326E-01
3.94104,30.5886,0.567750E-02
3.94165,30.5933,0.138562E-01
3.94226,30.5981,-0.214235E-01
3.94287,30.6028,0.108043
3.94348,30.6075,-0.109419E-01
3.94409,30.6123,0.109587E-01
3.94470,30.6170,0.245730E-01
3.94531,30.6217,0.236666E-01
3.94592,30.6265,0.885061E-03
3.94653,30.6312,-0.402083E-03
3.94714,30.6360,0.151906E-01
3.94775,30.6407,-0.302680E-02
3.94836,30.6454,-0.716741E-02
3.94897,30.6502,-0.517904E-01
3.94958,30.6549,-0.627682E-01
3.95020,30.6596,0.316270E-02
3.95081,30.6644,-0.162788E-01
3.95142,30.6691,0.995188E-02
3.95203,30.6739,0.152323E-01
3.95264,30.6786,-0.168225E-02
3.95325,30.6833,-0.210599E-01
3.95386,30.6881,0.602737E-02
3.95447,30.6928,-0.309276E-01
3.95508,30.6975,0.865227E-02
3.95569,30.7023,0.117245E-01
3.95630,30.7070,-0.265464E-01
3.95691,30.7118,0.132395E-01
3.95752,30.7165,-0.170009E-01
3.95813,30.7212,-0.588236E-03
3.95874,30.7260,-0.120335E-02
3.95935,30.7307,0.237516E-01
3.95996,30.7354,0.491635E-02
3.96057,30.7402,-0.890193E-02
3.96118,30.7449,-0.103836E-01
3.96179,30.7497,0.537015E-01
3.96240,30.7544,-0.732158E-01
3.96301,30.7591,0.134631E-01
3.96362,30.7639,0.471446E-02
3.96423,30.7686,0.640970E-02
3.96484,30.7733,0.300766E-01
3.96545,30.7781,0.100459E-01
3.96606,30.7828,-0.344823E-01
3.96667,30.7876,-0.346183E-01
3.96729,30.7923,-0.654127E-01
3.96790,30.7970,0.496420E-02
3.96851,30.8018,0.191876E-01
3.96912,30.8065,0.188443E-01
3.96973,30.8112,-0.365292E-02
3.97034,30.8160,-0.152192E-01
3.97095,30.8207,0.757052E-01
3.97156,30.8255,0.539320E-01
3.97217,30.8302,0.484849E-01
3.97278,30.8349,0.184080E-01
3.97339,30.8397,0.963537E-02
3.97400,30.8444,0.751270E-01
3.97461,30.8491,0.895385E-01
3.97522,30.8539,0.449253E-01
3.97583,30.8586,0.238720E-01
3.97644,30.8633,-0.175610E-01
3.97705,30.8681,-0.339669E-01
3.97766,30.8728,0.979486E-02
3.97827,30.8776,0.381855E-01
3.97888,30.8823,-0.443050E-01
3.97949,30.8870,-0.122937E-01
3.98010,30.8918,-0.460385E-01
3.98071,30.8965,-0.112667E-01
3.98132,30.9012,0.693095E-02
3.98193,30.9060,-0.503292E-02
3.98254,30.9107,0.156635E-01
3.98315,30.9155,0.250818E-01
3.98376,30.9202,-0.941718E-02
3.98438,30.9249,0.815916E-01
3.98499,30.9297,-0.839086E-03
3.98560,30.9344,-0.127621E-01
3.98621,30.9391,0.206304E-01
3.98682,30.9439,0.201129E-01
3.98743,30.9486,0.137894E-01
3.98804,30.9534,-0.114003E-01
3.98865,30.9581,-0.636116E-01
3.98926,30.9628,0.109531E-01
3.98987,30.9676,0.889662E-02
3.99048,30.9723,0.601054E-02
3.99109,30.9770,0.156471E-01
3.99170,30.9818,-0.109524E-01
3.99231,30.9865,-0.262672E-01
3.99292,30.9913,0.351825E-02
3.99353,30.9960,0.129804E-01
3.99414,31.0007,0.444684E-01
3.99475,31.0055,-0.107631E-01
3.99536,31.0102,0.374563E-01
3.99597,31.0149,-0.962716E-02
3.99658,31.0197,0.314668E-02
3.99719,31.0244,0.707134E-01
3.99780,31.0292,-0.285380E-01
3.99841,31.0339,0.101883E-01
3.99902,31.0386,-0.411594E-02
3.99963,31.0434,-0.325072E-02
4.00024,31.0481,-0.214238E-01
4.00085,31.0528,0.450915E-02
4.00146,31.0576,0.421433E-01
4.00208,31.0623,-0.264179E-03
4.00269,31.0671,-0.173700E-01
4.00330,31.0718,0.284818E-01
4.00391,31.0765,0.752659E-05
4.00452,31.0813,-0.284322E-01
4.00513,31.0860,0.381179E-01
4.00574,31.0907,-0.585244E-02
4.00635,31.0955,0.451288E-01
4.00696,31.1002,-0.173016E-01
4.00757,31.1049,0.584257E-02
4.00818,31.1097,-0.355257E-02
4.00879,31.1144,-0.112296E-01
4.00940,31.1192,-0.389614E-01
4.01001,31.1239,0.468167E-01
4.01062,31.1286,-0.168121E-01
4.01123,31.1334,0.399640E-02
4.01184,31.1381,0.279293E-01
4.01245,31.1428,0.208895E-01
4.01306,31.1476,-0.586712E-02
4.01367,31.1523,0.310650E-01
4.01428,31.1571,0.205613E-02
4.01489,31.1618,-0.151798E-02
4.01550,31.1665,-0.167335E-01
4.01611,31.1713,0.217617E-01
4.01672,31.1760,-0.522906E-02
4.01733,31.1807,-0.386630E-03
4.01794,31.1855,0.652843E-02
4.01855,31.1902,-0.478696E-03
4.01917,31.1950,0.245359E-01
4.01978,31.1997,0.117536E-02
4.02039,31.2044,0.449189E-01
4.02100,31.2092,0.249083E-01
4.02161,31.2139,0.119196E-02
4.02222,31.2186,0.237465E-01
4.02283,31.2234,0.307031E-01
4.02344,31.2281,-0.193834E-02
4.02405,31.2329,-0.396758E-01
4.02466,31.2376,-0.247290E-01
4.02527,31.2423,0.384840E-02
4.02588,31.2471,-0.188493E-01
4.02649,31.2518,0.107547E-01
4.02710,31.2565,-0.105263E-01
4.02771,31.2613,0.524839E-01
4.02832,31.2660,-0.127495E-01
4.02893,31.2708,-0.335540E-01
4.02954,31.2755,-0.225187E-01
4.03015,31.2802,-0.250877E-02
4.03076,31.2850,0.240391E-01
4.03137,31.2897,0.644296E-01
4.03198,31.2944,0.584278E-01
4.03259,31.2992,0.494824E-01
4.03320,31.3039,0.118137
4.03381,31.3087,0.232302E-01
4.03442,31.3134,-0.258504E-02
4.03503,31.3181,0.310260E-01
4.03564,31.3229,-0.236785E-01
4.03625,31.3276,-0.150907E-01
4.03687,31.3323,-0.526251E-03
4.03748,31.3371,-0.903884E-02
4.03809,31.3418,0.532919E-01
4.03870,31.3466,0.221995E-01
4.03931,31.3513,-0.282565E-01
4.03992,31.3560,-0.421412E-02
4.04053,31.3608,-0.182035E-01
4.04114,31.3655,0.266322E-02
4.04175,31.3702,-0.617972E-01
4.04236,31.3750,-0.494726E-02
4.04297,31.3797,-0.269739E-01
4.04358,31.3844,0.728318E-01
4.04419,31.3892,0.248471E-01
4.04480,31.3939,0.675182E-02
4.04541,31.3987,0.687744E-02
4.04602,31.4034,0.734233E-01
4.04663,31.4081,0.605830E-01
4.04724,31.4129,0.123292E-01
4.04785,31.4176,0.133451E-01
4.04846,31.4223,-0.729296E-02
4.04907,31.4271,-0.228104E-02
4.04968,31.4318,-0.135642E-02
4.05029,31.4366,-0.202298E-01
4.05090,31.4413,-0.772628E-02
4.05151,31.4460,0.114748E-02
4.05212,31.4508,0.426983E-01
4.05273,31.4555,-0.139040E-01
4.05334,31.4602,0.250956E-02
4.05396,31.4650,0.375308E-01
4.05457,31.4697,-0.321175E-01
4.05518,31.4745,0.270976E-01
4.05579,31.4792,-0.779866E-02
4.05640,31.4839,-0.123451E-01
4.05701,31.4887,0.114744E-01
4.05762,31.4934,-0.334956E-01
4.05823,31.4981,-0.307936E-01
4.05884,31.5029,0.708241E-03
4.05945,31.5076,-0.128674E-02
4.06006,31.5124,-0.534521E-01
4.06067,31.5171,-0.109835E-01
4.06128,31.5218,-0.170229E-02
4.06189,31.5266,-0.297749E-01
4.06250,31.5313,0.516707E-02
4.06311,31.5360,0.182459E-01
4.06372,31.5408,0.705423E-01
4.06433,31.5455,-0.374402E-01
4.06494,31.5503,-0.163607E-01
4.06555,31.5550,0.814230E-01
4.06616,31.5597,-0.129419E-01
4.06677,31.5645,0.363057E-01
4.06738,31.5692,-0.260064E-01
4.06799,31.5739,-0.276597E-03
4.06860,31.5787,0.128642E-01
4.06921,31.5834,0.289204E-02
4.06982,31.5882,0.441709E-01
4.07043,31.5929,-0.438328E-02
4.07104,31.5976,-0.109184E-01
4.07166,31.6024,0.373739E-03
4.07227,31.6071,-0.187251E-01
4.07288,31.6118,0.111531E-01
4.07349,31.6166,-0.258750E-01
4.07410,31.6213,0.440223E-01
4.07471,31.6261,-0.559762E-02
4.07532,31.6308,-0.122984E-03
4.07593,31.6355,0.593196E-02
4.07654,31.6403,0.356544E-01
4.07715,31.6450,0.128813E-02
4.07776,31.6497,-0.515900E-01
4.07837,31.6545,0.104580E-01
4.07898,31.6592,0.195083E-01
4.07959,31.6639,0.120360E-01
4.08020,31.6687,0.375756E-01
4.08081,31.6734,-0.711024E-02
4.08142,31.6782,-0.178800E-01
4.08203,31.6829,0.192333E-01
4.08264,31.6876,-0.840384E-02
4.08325,31.6924,0.364946E-01
4.08386,31.6971,-0.193045E-02
4.08447,31.7018,-0.636915E-02
4.08508,31.7066,0.843093E-03
4.08569,31.7113,0.117350E-01
4.08630,31.7161,0.121494E-01
4.08691,31.7208,0.705186E-02
4.08752,31.7255,-0.320387E-01
4.08813,31.7303,0.431052E-01
4.08875,31.7350,0.189715E-01
4.08936,31.7397,0.239779E-01
4.08997,31.7445,-0.172110E-01
4.09058,31.7492,0.303213E-01
4.09119,31.7540,-0.413766E-01
4.09180,31.7587,0.325584E-02
4.09241,31.7634,-0.781950E-02
4.09302,31.7682,0.150338E-01
4.09363,31.7729,0.109761E-01
4.09424,31.7776,0.852112E-04
4.09485,31.7824,0.170546E-02
4.09546,31.7871,-0.139459E-01
4.09607,31.7919,-0.226001E-01
4.09668,31.7966,-0.726037E-02
4.09729,31.8013,-0.257818E-01
4.09790,31.8061,-0.269726E-01
4.09851,31.8108,-0.215277E-01
4.09912,31.8155,0.127430E-01
4.09973,31.8203,0.296605E-02
4.10034,31.8250,-0.104255E-01
4.10095,31.8298,-0.521808E-02
4.10156,31.8345,-0.735750E-02
4.10217,31.8392,0.141765E-01
4.10278,31.8440,0.309511E-01
4.10339,31.8487,-0.437841E-01
4.10400,31.8534,0.360526E-01
4.10461,31.8582,-0.907357E-02
4.10522,31.8629,0.766042E-02
4.10583,31.8677,-0.650986E-01
4.10645,31.8724,0.368773E-01
4.10706,31.8771,0.314452E-01
4.10767,31.8819,-0.314445E-01
4.10828,31.8866,-0.456911E-02
4.10889,31.8913,-0.112998E-01
4.10950,31.8961,-0.320164E-01
4.11011,31.9008,0.255058E-02
4.11072,31.9055,-0.125813E-01
4.11133,31.9103,-0.655437E-01
4.11194,31.9150,0.130920E-01
4.11255,31.9198,-0.611127E-02
4.11316,31.9245,0.354490E-01
4.11377,31.9292,-0.916745E-02
4.11438,31.9340,0.224972E-01
4.11499,31.9387,0.443320E-01
4.11560,31.9434,0.199005E-02
4.11621,31.9482,0.260907E-01
4.11682,31.9529,-0.273537E-01
4.11743,31.9577,-0.114570E-01
4.11804,31.9624,0.236784E-01
4.11865,31.9671,-0.213509E-02
4.11926,31.9719,0.178929E-01
4.11987,31.9766,-0.142036E-01
4.12048,31.9813,0.134027E-01
4.12109,31.9861,-0.153760E-01
4.12170,31.9908,-0.590933E-01
4.12231,31.9956,0.370117E-01
4.12292,32.0003,-0.166567E-01
4.12354,32.0050,-0.752489E-03
4.12415,32.0098,0.177406E-01
4.12476,32.0145,-0.133837E-01
4.12537,32.0192,-0.211479E-01
4.12598,32.0240,0.792461E-01
4.12659,32.0287,-0.436294E-01
4.12720,32.0335,-0.141826E-01
4.12781,32.0382,-0.156482E-01
4.12842,32.0429,0.162421E-01
4.12903,32.0477,0.458901E-02
4.12964,32.0524,0.837686E-02
4.13025,32.0571,0.172814E-02
4.13086,32.0619,-0.174734E-01
4.13147,32.0666,-0.272813E-01
4.13208,32.0714,0.300720E-02
4.13269,32.0761,-0.270516E-01
4.13330,32.0808,0.175620E-01
4.13391,32.0856,-0.309574E-01
4.13452,32.0903,-0.607004E-01
4.13513,32.0950,0.398756E-01
4.13574,32.0998,-0.258485E-02
4.13635,32.1045,-0.334402E-01
4.13696,32.1093,0.195067E-01
4.13757,32.1140,0.375409E-01
4.13818,32.1187,-0.246651E-02
4.13879,32.1235,-0.177938E-01
4.13940,32.1282,0.348287E-01
4.14001,32.1329,-0.128687E-02
4.14062,32.1377,-0.350025E-02
4.14124,32.1424,-0.307942E-01
4.14185,32.1472,0.678062E-03
4.14246,32.1519,0.781974E-02
4.14307,32.1566,0.275574E-01
4.14368,32.1614,-0.423005E-01
4.14429,32.1661,0.349849E-01
4.14490,32.1708,0.531672E-01
4.14551,32.1756,0.169653E-01
4.14612,32.1803,-0.268884E-01
4.14673,32.1850,0.796770E-02
4.14734,32.1898,0.844572E-02
4.14795,32.1945,0.574887E-01
4.14856,32.1993,0.454926E-02
4.14917,32.2040,0.708505E-01
4.14978,32.2087,0.120672E-01
4.15039,32.2135,-0.283078E-03
4.15100,32.2182,0.107907E-01
4.15161,32.2229,-0.351508E-02
4.15222,32.2277,0.304208E-02
4.15283,32.2324,-0.309047E-02
4.15344,32.2372,0.550852E-02
4.15405,32.2419,-0.426510E-02
4.15466,32.2466,-0.132724E-01
4.15527,32.2514,0.154112E-01
4.15588,32.2561,-0.168637E-01
4.15649,32.2608,-0.422085E-01
4.15710,32.2656,0.120789E-01
4.15771,32.2703,-0.188475E-01
4.15833,32.2751,-0.280545E-01
4.15894,32.2798,-0.128260E-01
4.15955,32.2845,0.102892E-01
4.16016,32.2893,-0.261755E-01
4.16077,32.2940,0.104079E-01
4.16138,32.2987,0.309469E-01
4.16199,32.3035,0.564294E-02
4.16260,32.3082,0.709448E-02
4.16321,32.3130,0.520237E-02
4.16382,32.3177,0.318707E-01
4.16443,32.3224,-0.832697E-02
4.16504,32.3272,0.221100E-01
4.16565,32.3319,0.962431E-02
4.16626,32.3366,-0.734211E-02
4.16687,32.3414,-0.293301E-01
4.16748,32.3461,-0.141846E-01
4.16809,32.3509,-0.236132E-01
4.16870,32.3556,0.139106E-01
4.16931,32.3603,0.350691E-02
4.16992,32.3651,-0.193385E-02
4.17053,32.3698,0.188498E-01
4.17114,32.3745,-0.373000E-03
4.17175,32.3793,-0.489812E-02
4.17236,32.3840,0.137134E-01
4.17297,32.3888,0.294550E-02
4.17358,32.3935,0.390417E-01
4.17419,32.3982,-0.379801E-01
4.17480,32.4030,0.209070E-02
4.17542,32.4077,0.425447E-01
4.17603,32.4124,0.175981E-02
4.17664,32.4172,0.820633E-02
4.17725,32.4219,-0.188071E-01
4.17786,32.4266,0.317673E-02
4.17847,32.4314,0.732317E-01
4.17908,32.4361,-0.491831E-01
4.17969,32.4409,-0.206365E-01
4.18030,32.4456,0.433904E-01
4.18091,32.4503,-0.178576E-01
4.18152,32.4551,-0.356830E-02
4.18213,32.4598,-0.150540E-01
4.18274,32.4645,0.312317E-02
4.18335,32.4693,-0.365623E-02
4.18396,32.4740,0.154873E-02
4.18457,32.4788,0.143972E-01
4.18518,32.4835,-0.720042E-01
4.18579,32.4882,0.274829E-01
4.18640,32.4930,0.940777E-02
4.18701,32.4977,-0.139939E-01
4.18762,32.5024,-0.462706E-01
4.18823,32.5072,0.152949E-01
4.18884,32.5119,-0.119557E-01
4.18945,32.5167,0.491067E-02
4.19006,32.5214,0.323970E-01
4.19067,32.5261,-0.140958E-02
4.19128,32.5309,0.195676E-01
4.19189,32.5356,-0.337250E-02
4.19250,32.5403,-0.201366E-01
4.19312,32.5451,-0.473657E-01
4.19373,32.5498,0.109937E-01
4.19434,32.5546,0.635506E-02
4.19495,32.5593,0.238553E-01
4.19556,32.5640,0.357422E-01
4.19617,32.5688,-0.791360E-02
4.19678,32.5735,0.276142E-02
4.19739,32.5782,0.176700E-01
4.19800,32.5830,0.182241E-01
4.19861,32.5877,-0.198465E-02
4.19922,32.5925,0.289976E-01
4.19983,32.5972,-0.196594E-01
4.20044,32.6019,-0.294498E-02
4.20105,32.6067,0.323832E-01
4.20166,32.6114,0.264708E-01
4.20227,32.6161,0.164036E-01
4.20288,32.6209,0.330207E-01
4.20349,32.6256,-0.126040E-01
4.20410,32.6304,0.464290E-01
4.20471,32.6351,0.278807E-01
4.20532,32.6398,-0.249707E-02
4.20593,32.6446,0.414003E-02
4.20654,32.6493,0.746004E-02
4.20715,32.6540,-0.185347E-01
4.20776,32.6588,0.270651E-01
4.20837,32.6635,-0.290359E-01
4.20898,32.6683,-0.477375E-02
4.20959,32.6730,-0.528363E-02
4.21021,32.6777,-0.107950E-01
4.21082,32.6825,0.706422E-02
4.21143,32.6872,0.341174E-01
4.21204,32.6919,-0.166937E-02
4.21265,32.6967,0.198985E-01
4.21326,32.7014,0.171672E-01
4.21387,32.7061,-0.795121E-02
4.21448,32.7109,-0.208780E-01
4.21509,32.7156,0.132683E-01
4.21570,32.7204,0.303036E-01
4.21631,32.7251,-0.180910E-01
4.21692,32.7298,-0.987648E-03
4.21753,32.7346,0.247041E-01
4.21814,32.7393,-0.317370E-01
4.21875,32.7440,-0.242179E-02
4.21936,32.7488,-0.539450E-01
4.21997,32.7535,0.913283E-01
4.22058,32.7583,-0.345936E-01
4.22119,32.7630,0.200443E-02
4.22180,32.7677,0.124436E-02
4.22241,32.7725,-0.253461E-01
4.22302,32.7772,-0.107933E-01
4.22363,32.7819,0.225806E-01
4.22424,32.7867,0.138509E-02
4.22485,32.7914,0.284443E-02
4.22546,32.7962,0.155768E-01
4.22607,32.8009,-0.115380E-01
4.22668,32.8056,-0.138498E-01
4.22729,32.8104,0.306647E-01
4.22791,32.8151,-0.319982E-01
4.22852,32.8198,0.389387E-01
4.22913,32.8246,0.129486E-01
4.22974,32.8293,0.108085E-01
4.23035,32.8341,0.459543E-03
4.23096,32.8388,-0.193470E-01
4.23157,32.8435,0.273799E-01
4.23218,32.8483,0.185031E-01
4.23279,32.8530,0.180213E-01
4.23340,32.8577,-0.503677E-01
4.23401,32.8625,0.585637E-02
4.23462,32.8672,0.839479E-02
4.23523,32.8720,-0.262147E-01
4.23584,32.8767,0.287631E-01
4.23645,32.8814,0.140787E-01
4.23706,32.8862,-0.166691E-01
4.23767,32.8909,-0.344882E-01
4.23828,32.8956,0.187078E-01
4.23889,32.9004,0.468722E-01
4.23950,32.9051,-0.261407E-01
4.24011,32.9099,0.252175E-02
4.24072,32.9146,-0.123625E-01
4.24133,32.9193,0.235977E-01
4.24194,32.9241,0.203899E-01
4.24255,32.9288,-0.794130E-02
4.24316,32.9335,-0.533736E-02
4.24377,32.9383,0.281384E-01
4.24438,32.9430,0.109981E-01
4.24500,32.9478,-0.899696E-02
4.24561,32.9525,0.102232E-01
4.24622,32.9572,0.131741E-02
4.24683,32.9620,0.261017E-01
4.24744,32.9667,-0.121323E-01
4.24805,32.9714,-0.130655E-02
4.24866,32.9762,-0.431408E-02
4.24927,32.9809,-0.146900E-01
4.24988,32.9856,-0.765031E-02
4.25049,32.9904,-0.122843E-01
4.25110,32.9951,0.309338E-01
4.25171,32.9999,-0.153189E-01
4.25232,33.0046,0.100724E-01
4.25293,33.0093,0.614082E-02
4.25354,33.0141,0.161691E-02
4.25415,33.0188,-0.789370E-02
4.25476,33.0235,0.257557E-02
4.25537,33.0283,-0.612164E-02
4.25598,33.0330,0.159773E-01
4.25659,33.0378,0.296339E-02
4.25720,33.0425,-0.356752E-01
4.25781,33.0472,-0.221843E-02
4.25842,33.0520,0.107853E-01
4.25903,33.0567,0.274206E-01
4.25964,33.0614,0.368108E-01
4.26025,33.0662,0.131813E-01
4.26086,33.0709,0.632751E-02
4.26147,33.0757,0.244999E-02
4.26208,33.0804,-0.131149E-02
4.26270,33.0851,0.347600E-02
4.26331,33.0899,0.747155E-01
4.26392,33.0946,0.977401E-02
4.26453,33.0993,0.181498E-02
4.26514,33.1041,-0.221786E-01
4.26575,33.1088,0.257748E-01
4.26636,33.1136,0.574545E-03
4.26697,33.1183,0.108335E-01
4.26758,33.1230,0.401633E-01
4.26819,33.1278,0.178265E-01
4.26880,33.1325,0.890149E-03
4.26941,33.1372,0.561133E-01
4.27002,33.1420,0.183539E-02
4.27063,33.1467,-0.163536E-01
4.27124,33.1515,0.812606E-01
4.27185,33.1562,-0.174565E-01
4.27246,33.1609,0.745121E-03
4.27307,33.1657,0.886014E-01
4.27368,33.1704,0.439615E-01
4.27429,33.1751,0.337821E-03
4.27490,33.1799,-0.270116E-01
4.27551,33.1846,-0.124186E-01
4.27612,33.1894,0.713951E-01
4.27673,33.1941,-0.328624E-01
4.27734,33.1988,0.760127E-02
4.27795,33.2036,-0.398190E-01
4.27856,33.2083,-0.162547E-01
4.27917,33.2130,0.382976E-02
4.27979,33.2178,0.412582E-02
4.28040,33.2225,0.205515E-01
4.28101,33.2272,-0.190148E-02
4.28162,33.2320,-0.456117E-01
4.28223,33.2367,-0.257755E-01
4.28284,33.2415,0.219326E-02
4.28345,33.2462,-0.329068E-01
4.28406,33.2509,-0.162887E-01
4.28467,33.2557,0.224060E-02
4.28528,33.2604,0.237934E-01
4.28589,33.2651,0.602921E-02
4.28650,33.2699,-0.148915E-03
4.28711,33.2746,0.497932E-02
4.28772,33.2794,-0.373115E-01
4.28833,33.2841,0.352439E-03
4.28894,33.2888,0.522271E-02
4.28955,33.2936,-0.308213E-02
4.29016,33.2983,0.759499E-02
4.29077,33.3030,-0.243817E-01
4.29138,33.3078,0.331221E-01
4.29199,33.3125,0.705307E-02
4.29260,33.3173,-0.145212E-02
4.29321,33.3220,0.578051E-02
4.29382,33.3267,-0.880344E-03
4.29443,33.3315,0.642153E-03
4.29504,33.3362,-0.213520E-01
4.29565,33.3409,0.853220E-04
4.29626,33.3457,-0.107774E-02
4.29688,33.3504,-0.110138E-01
4.29749,33.3552,-0.429235E-01
4.29810,33.3599,-0.102981E-01
4.29871,33.3646,-0.270302E-01
4.29932,33.3694,0.296624E-02
4.29993,33.3741,-0.163135E-01
4.30054,33.3788,-0.121768E-01
4.30115,33.3836,0.136972E-01
4.30176,33.3883,0.596419E-04
4.30237,33.3931,-0.221219E-01
4.30298,33.3978,-0.466937E-02
4.30359,33.4025,-0.989257E-03
4.30420,33.4073,-0.379607E-01
4.30481,33.4120,-0.378088E-02
4.30542,33.4167,0.400165E-01
4.30603,33.4215,0.371941E-02
4.30664,33.4262,-0.318961E-01
4.30725,33.4310,-0.899581E-02
4.30786,33.4357,-0.345218E-01
4.30847,33.4404,-0.587587E-02
4.30908,33.4452,-0.646707E-03
4.30969,33.4499,-0.626502E-01
4.31030,33.4546,0.546499E-02
4.31091,33.4594,0.316319E-01
4.31152,33.4641,0.302411E-01
4.31213,33.4689,0.348895E-01
4.31274,33.4736,0.160114E-02
4.31335,33.4783,0.125223E-01
4.31396,33.4831,-0.622047E-03
4.31458,33.4878,0.515124E-01
4.31519,33.4925,-0.480372E-01
4.31580,33.4973,-0.111779E-01
4.31641,33.5020,0.911330E-02
4.31702,33.5067,-0.316820E-01
4.31763,33.5115,0.411116E-01
4.31824,33.5162,-0.213954E-01
4.31885,33.5210,0.142696E-01
4.31946,33.5257,-0.708169E-02
4.32007,33.5304,0.399927E-03
4.32068,33.5352,-0.235428E-01
4.32129,33.5399,0.319692E-02
4.32190,33.5446,0.266586E-01
4.32251,33.5494,0.541569E-01
4.32312,33.5541,-0.265586E-01
4.32373,33.5589,0.278001E-01
4.32434,33.5636,0.163171E-01
4.32495,33.5683,-0.138379E-01
4.32556,33.5731,0.471781E-01
4.32617,33.5778,0.502884E-02
4.32678,33.5825,0.219937E-01
4.32739,33.5873,-0.469169E-01
4.32800,33.5920,-0.149463E-01
4.32861,33.5968,0.171034E-01
4.32922,33.6015,0.800883E-02
4.32983,33.6062,0.123859E-01
4.33044,33.6110,-0.485230E-01
4.33105,33.6157,0.711727E-02
4.33167,33.6204,-0.118455E-01
4.33228,33.6252,0.187935E-01
4.33289,33.6299,-0.585981E-02
4.33350,33.6347,0.140751E-02
4.33411,33.6394,-0.179966E-01
4.33472,33.6441,0.788530E-02
4.33533,33.6489,0.411208E-01
4.33594,33.6536,0.357910E-01
4.33655,33.6583,0.109620E-01
4.33716,33.6631,-0.769240E-02
4.33777,33.6678,0.597930E-02
4.33838,33.6726,-0.228376E-01
4.33899,33.6773,0.201002E-01
4.33960,33.6820,0.337781E-01
4.34021,33.6868,0.321387E-01
4.34082,33.6915,0.116439E-01
4.34143,33.6962,0.217173E-01
4.34204,33.7010,0.147673E-01
4.34265,33.7057,-0.240014E-02
4.34326,33.7105,-0.268777E-01
4.34387,33.7152,-0.325655E-02
4.34448,33.7199,-0.666438E-02
4.34509,33.7247,0.203113E-01
4.34570,33.7294,-0.224190E-01
4.34631,33.7341,-0.634726E-01
4.34692,33.7389,0.250065E-01
4.34753,33.7436,0.915871E-03
4.34814,33.7483,0.162186E-02
4.34875,33.7531,0.101394E-01
4.34937,33.7578,0.415803E-01
4.34998,33.7626,-0.941101E-02
4.35059,33.7673,0.678281E-01
4.35120,33.7720,-0.141166E-01
4.35181,33.7768,0.332965E-02
4.35242,33.7815,0.972423E-02
4.35303,33.7862,0.215970E-01
4.35364,33.7910,-0.732665E-02
4.35425,33.7957,0.168058E-02
4.35486,33.8005,0.103712E-01
4.35547,33.8052,-0.127463E-01
4.35608,33.8099,-0.708980E-02
4.35669,33.8147,-0.252349E-02
4.35730,33.8194,-0.187818E-01
4.35791,33.8241,0.849508E-02
4.35852,33.8289,-0.286225E-01
4.35913,33.8336,-0.214585E-01
4.35974,33.8384,-0.117901E-01
4.36035,33.8431,-0.590524E-02
4.36096,33.8478,-0.906006E-02
4.36157,33.8526,0.253375E-01
4.36218,33.8573,0.588539E-02
4.36279,33.8620,-0.588347E-01
4.36340,33.8668,0.422808E-01
4.36401,33.8715,0.561062E-01
4.36462,33.8763,0.515480E-01
4.36523,33.8810,0.363145E-01
4.36584,33.8857,0.572537E-01
4.36646,33.8905,0.502390E-01
4.36707,33.8952,-0.747961E-02
4.36768,33.8999,-0.233622E-02
4.36829,33.9047,0.229964E-03
4.36890,33.9094,-0.522357E-02
4.36951,33.9142,-0.149038E-01
4.37012,33.9189,0.267222E-01
4.37073,33.9236,0.313121E-01
4.37134,33.9284,-0.420789E-02
4.37195,33.9331,0.558421E-02
4.37256,33.9378,0.148957
4.37317,33.9426,-0.227167E-02
4.37378,33.9473,0.153193E-01
4.37439,33.9521,-0.582329E-01
4.37500,33.9568,-0.822201E-02
4.37561,33.9615,0.298921E-01
4.37622,33.9663,-0.730028E-02
4.37683,33.9710,-0.539494E-01
4.37744,33.9757,0.175274E-01
4.37805,33.9805,0.104763E-01
4.37866,33.9852,0.131692E-01
4.37927,33.9900,-0.139429E-01
4.37988,33.9947,-0.483936E-02
4.38049,33.9994,0.368327E-02
4.38110,34.0042,-0.148624E-03
4.38171,34.0089,-0.225419E-01
4.38232,34.0136,-0.586811E-02
4.38293,34.0184,0.410997E-01
4.38354,34.0231,0.121346E-01
4.38416,34.0278,0.179094E-01
4.38477,34.0326,0.187490E-01
4.38538,34.0373,0.880334E-01
4.38599,34.0421,0.562756E-01
4.38660,34.0468,-0.944637E-02
4.38721,34.0515,0.806666E-02
4.38782,34.0563,0.121747E-02
4.38843,34.0610,0.767698E-02
4.38904,34.0657,0.709848E-01
4.38965,34.0705,0.528753E-01
4.39026,34.0752,-0.362388E-02
4.39087,34.0800,-0.248492E-01
4.39148,34.0847,0.163417E-01
4.39209,34.0894,-0.376505E-01
4.39270,34.0942,0.933512E-02
4.39331,34.0989,0.344305E-01
4.39392,34.1036,0.700818E-02
4.39453,34.1084,0.169642E-01
4.39514,34.1131,0.309737E-01
4.39575,34.1179,-0.751520E-02
4.39636,34.1226,0.526010E-01
4.39697,34.1273,-0.256901E-02
4.39758,34.1321,0.223521E-01
4.39819,34.1368,-0.201771E-01
4.39880,34.1415,-0.216415E-01
4.39941,34.1463,-0.308289E-01
4.40002,34.1510,-0.217328E-01
4.40063,34.1558,0.204871E-01
4.40125,34.1605,0.470501E-01
4.40186,34.1652,-0.526673E-01
4.40247,34.1700,0.944806E-02
4.40308,34.1747,0.306260E-01
4.40369,34.1794,0.892544E-02
4.40430,34.1842,0.195992E-01
4.40491,34.1889,0.556889E-01
4.40552,34.1937,-0.940785E-02
4.40613,34.1984,0.251722E-01
4.40674,34.2031,0.181253E-01
4.40735,34.2079,0.374832E-01
4.40796,34.2126,0.831805E-02
4.40857,34.2173,0.502224E-01
4.40918,34.2221,0.162725E-01
4.40979,34.2268,0.156407E-01
4.41040,34.2316,-0.273849E-02
4.41101,34.2363,-0.103009
4.41162,34.2410,0.240266E-02
4.41223,34.2458,-0.455170E-01
4.41284,34.2505,0.463633E-01
4.41345,34.2552,-0.209422E-02
4.41406,34.2600,-0.677462E-02
4.41467,34.2647,0.202325E-01
4.41528,34.2694,0.860595E-02
4.41589,34.2742,0.294217E-01
4.41650,34.2789,-0.376566E-01
4.41711,34.2837,-0.309097E-01
4.41772,34.2884,0.118316E-01
4.41833,34.2931,0.111938E-01
4.41895,34.2979,0.172982E-01
4.41956,34.3026,-0.263643E-01
4.42017,34.3073,0.105189E-01
4.42078,34.3121,0.216752E-02
4.42139,34.3168,-0.925004E-01
4.42200,34.3216,0.313723E-01
4.42261,34.3263,-0.765983E-02
4.42322,34.3310,0.686499E-01
4.42383,34.3358,-0.370850E-02
4.42444,34.3405,0.113208E-01
4.42505,34.3452,-0.391688E-02
4.42566,34.3500,-0.184828E-01
4.42627,34.3547,-0.113382E-02
4.42688,34.3595,0.365734E-02
4.42749,34.3642,0.342111E-03
4.42810,34.3689,0.204437E-01
4.42871,34.3737,-0.295270E-02
4.42932,34.3784,-0.163629E-01
4.42993,34.3831,0.425850E-01
4.43054,34.3879,0.496445E-01
4.43115,34.3926,0.126202E-01
4.43176,34.3974,0.739436E-02
4.43237,34.4021,0.914799E-02
4.43298,34.4068,0.250173E-02
4.43359,34.4116,-0.118711E-01
4.43420,34.4163,0.187614E-01
4.43481,34.4210,-0.282957E-02
4.43542,34.4258,0.152762E-01
4.43604,34.4305,-0.162652E-01
4.43665,34.4353,-0.249357E-01
4.43726,34.4400,-0.501458E-02
4.43787,34.4447,-0.503013E-02
4.43848,34.4495,-0.194928E-01
4.43909,34.4542,0.110155E-01
4.43970,34.4589,0.142424E-01
4.44031,34.4637,-0.910649E-02
4.44092,34.4684,-0.184078E-02
4.44153,34.4732,0.111449E-02
4.44214,34.4779,-0.128263E-01
4.44275,34.4826,-0.116209E-02
4.44336,34.4874,-0.122480E-01
4.44397,34.4921,0.961843E-01
4.44458,34.4968,-0.159902E-03
4.44519,34.5016,0.775593E-02
4.44580,34.5063,-0.127832E-02
4.44641,34.5111,0.978461E-02
4.44702,34.5158,-0.143106
4.44763,34.5205,-0.316082E-02
4.44824,34.5253,0.334962E-01
4.44885,34.5300,0.317614E-01
4.44946,34.5347,-0.528585E-01
4.45007,34.5395,-0.503465E-01
4.45068,34.5442,-0.527685E-01
4.45129,34.5489,0.364205E-02
4.45190,34.5537,-0.263612E-01
4.45251,34.5584,0.344990E-01
4.45312,34.5632,0.506252E-02
4.45374,34.5679,0.979512E-02
4.45435,34.5726,-0.322129E-02
4.45496,34.5774,0.744406E-02
4.45557,34.5821,0.667980E-02
4.45618,34.5868,0.313103E-01
4.45679,34.5916,-0.256021E-01
4.45740,34.5963,-0.833712E-02
4.45801,34.6011,0.710083E-02
4.45862,34.6058,0.130488E-01
4.45923,34.6105,-0.833959E-02
4.45984,34.6153,-0.717831E-02
4.46045,34.6200,0.149064E-01
4.46106,34.6247,-0.189049E-01
4.46167,34.6295,-0.317219E-02
4.46228,34.6342,0.190086E-01
4.46289,34.6390,-0.269113E-03
4.46350,34.6437,0.104700E-01
4.46411,34.6484,0.103954E-01
4.46472,34.6532,-0.196063E-02
4.46533,34.6579,-0.128043E-01
4.46594,34.6626,0.453083E-02
4.46655,34.6674,-0.909580E-02
4.46716,34.6721,-0.241235E-01
4.46777,34.6769,-0.271486E-01
4.46838,34.6816,-0.700555E-01
4.46899,34.6863,-0.212768E-01
4.46960,34.6911,0.379626E-01
4.47021,34.6958,-0.253801E-03
4.47083,34.7005,0.113495E-01
4.47144,34.7053,0.108553E-01
4.47205,34.7100,0.751298E-02
4.47266,34.7148,-0.209323E-01
4.47327,34.7195,0.214959E-02
4.47388,34.7242,0.745170E-02
4.47449,34.7290,-0.448735E-01
4.47510,34.7337,0.125481E-01
4.47571,34.7384,0.117107E-01
4.47632,34.7432,0.130889E-01
4.47693,34.7479,-0.303576E-01
4.47754,34.7527,0.136867E-01
4.47815,34.7574,0.176015E-02
4.47876,34.7621,0.485796E-01
4.47937,34.7669,0.149214E-02
4.47998,34.7716,0.575061E-01
4.48059,34.7763,0.398748E-01
4.48120,34.7811,-0.235036E-01
4.48181,34.7858,-0.482575E-02
4.48242,34.7906,-0.731987E-03
4.48303,34.7953,0.288336E-01
4.48364,34.8000,0.248067E-01
4.48425,34.8048,0.218688E-02
4.48486,34.8095,0.355644E-03
4.48547,34.8142,-0.132228E-01
4.48608,34.8190,-0.540189E-03
4.48669,34.8237,-0.212999E-01
4.48730,34.8284,-0.837018E-02
4.48792,34.8332,-0.352393E-01
4.48853,34.8379,0.468728E-01
4.48914,34.8427,-0.489047E-02
4.48975,34.8474,0.172515E-01
4.49036,34.8521,0.272758E-01
4.49097,34.8569,0.876397E-02
4.49158,34.8616,-0.151567E-02
4.49219,34.8663,0.114081E-01
4.49280,34.8711,0.162710E-01
4.49341,34.8758,-0.180769E-01
4.49402,34.8806,-0.220790E-01
4.49463,34.8853,-0.564656E-01
4.49524,34.8900,0.133856E-02
4.49585,34.8948,0.211641E-01
4.49646,34.8995,-0.414392E-01
4.49707,34.9042,-0.289777E-01
4.49768,34.9090,-0.375103E-01
4.49829,34.9137,0.108559E-01
4.49890,34.9185,0.831976E-02
4.49951,34.9232,-0.620874E-01
4.50012,34.9279,-0.624517E-02
4.50073,34.9327,0.253813E-02
4.50134,34.9374,0.937356E-01
4.50195,34.9421,0.388807E-02
4.50256,34.9469,-0.514029E-01
4.50317,34.9516,0.252360E-01
4.50378,34.9564,-0.720651E-02
4.50439,34.9611,0.342315E-02
4.50500,34.9658,-0.404754E-01
4.50562,34.9706,-0.303901E-01
4.50623,34.9753,-0.151784E-01
4.50684,34.9800,0.457427E-02
4.50745,34.9848,0.460832E-01
4.50806,34.9895,-0.311945E-01
4.50867,34.9943,0.432136E-01
4.50928,34.9990,-0.234763E-01
4.50989,35.0037,-0.837323E-03
4.51050,35.0085,-0.491534E-01
4.51111,35.0132,-0.183548E-01
4.51172,35.0179,0.745523E-02
4.51233,35.0227,0.223303E-02
4.51294,35.0274,0.246387E-02
4.51355,35.0322,-0.606155E-02
4.51416,35.0369,0.229497E-01
4.51477,35.0416,0.381627E-01
4.51538,35.0464,0.485714E-02
4.51599,35.0511,0.429596E-02
4.51660,35.0558,-0.391938E-02
4.51721,35.0606,-0.203408E-01
4.51782,35.0653,-0.263630E-01
4.51843,35.0700,0.274839E-01
4.51904,35.0748,-0.630132E-01
4.51965,35.0795,0.263381E-01
4.52026,35.0843,0.147844E-02
4.52087,35.0890,0.123225E-01
4.52148,35.0937,0.231959E-02
4.52209,35.0985,-0.169671E-01
4.52271,35.1032,0.540802E-01
4.52332,35.1079,0.631430E-02
4.52393,35.1127,-0.196722E-02
4.52454,35.1174,0.111507E-01
4.52515,35.1222,-0.712069E-02
4.52576,35.1269,-0.255984E-01
4.52637,35.1316,0.365474E-01
4.52698,35.1364,0.322143E-01
4.52759,35.1411,0.369684E-01
4.52820,35.1458,0.770732E-02
4.52881,35.1506,0.851588E-02
4.52942,35.1553,-0.392347E-01
4.53003,35.1601,0.617122E-01
4.53064,35.1648,-0.248906E-01
4.53125,35.1695,-0.546515E-02
4.53186,35.1743,0.485411E-01
4.53247,35.1790,-0.287433E-01
4.53308,35.1837,-0.203931E-01
4.53369,35.1885,0.228750E-01
4.53430,35.1932,-0.152101E-01
4.53491,35.1980,-0.581706E-01
4.53552,35.2027,0.241878E-02
4.53613,35.2074,0.111948E-01
4.53674,35.2122,0.454156E-01
4.53735,35.2169,-0.168671E-02
4.53796,35.2216,-0.344217E-01
4.53857,35.2264,-0.365501E-02
4.53918,35.2311,-0.194355E-01
4.53979,35.2359,0.306563E-01
4.54041,35.2406,0.956750E-03
4.54102,35.2453,-0.906067E-02
4.54163,35.2501,-0.951775E-01
4.54224,35.2548,0.276159E-01
4.54285,35.2595,0.869082E-02
4.54346,35.2643,-0.287898E-01
4.54407,35.2690,0.226888E-01
4.54468,35.2738,-0.948093E-03
4.54529,35.2785,0.195777E-02
4.54590,35.2832,-0.486184E-01
4.54651,35.2880,-0.161291E-01
4.54712,35.2927,0.995588E-02
4.54773,35.2974,-0.223027E-01
4.54834,35.3022,0.576543E-01
4.54895,35.3069,0.768357E-02
4.54956,35.3117,0.429605E-01
4.55017,35.3164,-0.106091E-01
4.55078,35.3211,0.290572E-01
4.55139,35.3259,-0.254491E-02
4.55200,35.3306,0.126520E-01
4.55261,35.3353,0.225228E-01
4.55322,35.3401,0.247954E-01
4.55383,35.3448,0.427440E-01
4.55444,35.3495,-0.471930E-02
4.55505,35.3543,0.108617
4.55566,35.3590,-0.293924E-01
4.55627,35.3638,-0.112552E-01
4.55688,35.3685,0.145638E-01
4.55750,35.3732,0.112088E-01
4.55811,35.3780,-0.265810E-01
4.55872,35.3827,0.439537E-01
4.55933,35.3874,-0.182794E-01
4.55994,35.3922,-0.545902E-02
4.56055,35.3969,0.118536E-01
4.56116,35.4017,-0.284629E-02
4.56177,35.4064,0.230201E-01
4.56238,35.4111,0.214729E-01
4.56299,35.4159,0.900837E-02
4.56360,35.4206,0.253749E-01
4.56421,35.4253,-0.157706E-01
4.56482,35.4301,-0.329632E-02
4.56543,35.4348,-0.191198E-01
4.56604,35.4396,0.298616E-01
4.56665,35.4443,0.327128E-01
4.56726,35.4490,0.468259E-02
4.56787,35.4538,0.769992E-02
4.56848,35.4585,0.338750E-01
4.56909,35.4632,0.469728E-01
4.56970,35.4680,0.188633E-02
4.57031,35.4727,0.452816E-01
4.57092,35.4775,-0.142370E-01
4.57153,35.4822,-0.194101E-03
4.57214,35.4869,-0.987812E-02
4.57275,35.4917,0.265205E-01
4.57336,35.4964,0.447397E-01
4.57397,35.5011,-0.405569E-01
4.57458,35.5059,0.743479E-02
4.57520,35.5106,-0.274525E-01
4.57581,35.5154,-0.763747E-02
4.57642,35.5201,0.885038E-02
4.57703,35.5248,-0.272758E-02
4.57764,35.5296,-0.625280E-02
4.57825,35.5343,0.710365E-02
4.57886,35.5390,-0.192339E-02
4.57947,35.5438,0.462107E-01
4.58008,35.5485,-0.168837E-01
4.58069,35.5533,-0.314025E-01
4.58130,35.5580,0.265621E-01
4.58191,35.5627,0.436965E-01
4.58252,35.5675,-0.327517E-01
4.58313,35.5722,0.195135E-02
4.58374,35.5769,-0.393529E-01
4.58435,35.5817,0.177537E-01
4.58496,35.5864,0.181396E-01
4.58557,35.5911,0.313777E-02
4.58618,35.5959,0.934225E-02
4.58679,35.6006,0.606851E-01
4.58740,35.6054,0.684263E-03
4.58801,35.6101,-0.135621E-01
4.58862,35.6148,0.220813E-01
4.58923,35.6196,-0.712896E-02
4.58984,35.6243,-0.107428E-01
4.59045,35.6290,0.311806E-01
4.59106,35.6338,-0.157006E-02
4.59167,35.6385,-0.329466E-01
4.59229,35.6433,0.717903E-03
4.59290,35.6480,0.172789E-02
4.59351,35.6527,-0.234437E-01
4.59412,35.6575,-0.111886E-01
4.59473,35.6622,0.995096E-02
4.59534,35.6669,-0.318292E-01
4.59595,35.6717,-0.170464E-01
4.59656,35.6764,0.568662E-01
4.59717,35.6812,0.818366E-01
4.59778,35.6859,-0.410095E-02
4.59839,35.6906,0.117926E-01
4.59900,35.6954,0.238708E-01
4.59961,35.7001,0.875134E-02
4.60022,35.7048,0.716770E-01
4.60083,35.7096,-0.399339E-01
4.60144,35.7143,0.812855E-01
4.60205,35.7191,0.339010E-01
4.60266,35.7238,-0.108274E-01
4.60327,35.7285,-0.375012E-01
4.60388,35.7333,0.443487E-01
4.60449,35.7380,0.793520E-02
4.60510,35.7427,0.386643E-01
4.60571,35.7475,-0.118674E-01
4.60632,35.7522,-0.188599E-01
4.60693,35.7570,0.887151E-02
4.60754,35.7617,-0.276362E-01
4.60815,35.7664,0.430671E-01
4.60876,35.7712,-0.174612E-01
4.60938,35.7759,-0.521245E-01
4.60999,35.7806,0.955732E-01
4.61060,35.7854,0.508884E-01
4.61121,35.7901,0.220421E-01
4.61182,35.7949,-0.262523E-02
4.61243,35.7996,-0.108547E-01
4.61304,35.8043,-0.401694E-02
4.61365,35.8091,0.855309E-02
4.61426,35.8138,-0.239639E-02
4.61487,35.8185,0.318903E-01
4.61548,35.8233,0.245365E-01
4.61609,35.8280,0.171147E-01
4.61670,35.8328,0.124351E-01
4.61731,35.8375,0.107874E-02
4.61792,35.8422,0.179292E-01
4.61853,35.8470,0.561467E-02
4.61914,35.8517,-0.137015E-01
4.61975,35.8564,0.676199E-02
4.62036,35.8612,0.274141E-01
4.62097,35.8659,0.247267E-02
4.62158,35.8706,-0.212257E-01
4.62219,35.8754,-0.194739E-01
4.62280,35.8801,0.157808E-02
4.62341,35.8849,0.609225E-02
4.62402,35.8896,-0.429948E-02
4.62463,35.8943,0.161068E-01
4.62524,35.8991,0.151921E-01
4.62585,35.9038,-0.176838E-02
4.62646,35.9085,0.144338E-01
4.62708,35.9133,0.273920E-01
4.62769,35.9180,-0.467016E-01
4.62830,35.9228,0.159485E-02
4.62891,35.9275,-0.306473E-01
4.62952,35.9322,0.685278E-02
4.63013,35.9370,0.211108E-01
4.63074,35.9417,-0.478770E-01
4.63135,35.9464,-0.170514E-01
4.63196,35.9512,-0.210975E-01
4.63257,35.9559,0.134762E-02
4.63318,35.9607,-0.342756E-01
4.63379,35.9654,0.322024E-02
4.63440,35.9701,-0.400129E-01
4.63501,35.9749,0.137997E-01
4.63562,35.9796,0.134235E-01
4.63623,35.9843,0.217330E-01
4.63684,35.9891,0.849787E-02
4.63745,35.9938,0.194197E-01
4.63806,35.9986,0.331408E-01
4.63867,36.0033,0.211490E-01
4.63928,36.0080,-0.793508E-02
4.63989,36.0128,-0.857176E-02
4.64050,36.0175,-0.516084E-03
4.64111,36.0222,-0.379576E-01
4.64172,36.0270,0.528645E-04
4.64233,36.0317,0.417600E-01
4.64294,36.0365,0.170598E-01
4.64355,36.0412,0.116074E-02
4.64417,36.0459,0.464517E-01
4.64478,36.0507,-0.313108E-02
4.64539,36.0554,0.161451E-01
4.64600,36.0601,0.621978E-01
4.64661,36.0649,0.890395E-01
4.64722,36.0696,-0.683205E-02
4.64783,36.0744,-0.375911E-01
4.64844,36.0791,0.374098E-02
4.64905,36.0838,-0.131654E-02
4.64966,36.0886,-0.346461E-01
4.65027,36.0933,0.120672E-01
4.65088,36.0980,0.397197E-01
4.65149,36.1028,-0.214839E-01
4.65210,36.1075,-0.560694E-02
4.65271,36.1122,0.612650E-01
4.65332,36.1170,-0.359372E-01
4.65393,36.1217,0.579801E-01
4.65454,36.1265,-0.151225E-03
4.65515,36.1312,0.493696E-01
4.65576,36.1359,0.568543E-02
4.65637,36.1407,0.467441E-01
4.65698,36.1454,0.269009E-01
4.65759,36.1501,-0.395493E-01
4.65820,36.1549,0.585803E-02
4.65881,36.1596,-0.370310E-01
4.65942,36.1644,-0.177031E-01
4.66003,36.1691,0.211640E-01
4.66064,36.1738,0.838717E-02
4.66125,36.1786,0.814625E-02
4.66187,36.1833,-0.388713E-02
4.66248,36.1880,0.122864
4.66309,36.1928,-0.237600E-01
4.66370,36.1975,-0.600953E-02
4.66431,36.2023,0.325379E-02
4.66492,36.2070,-0.321818E-01
4.66553,36.2117,-0.319548E-01
4.66614,36.2165,0.441396E-01
4.66675,36.2212,0.509864E-01
4.66736,36.2259,0.185421E-01
4.66797,36.2307,0.300126E-01
4.66858,36.2354,-0.542413E-01
4.66919,36.2402,0.222330E-01
4.66980,36.2449,0.235516E-01
4.67041,36.2496,0.105303
4.67102,36.2544,-0.127174E-01
4.67163,36.2591,0.408456E-01
4.67224,36.2638,0.724144E-02
4.67285,36.2686,-0.176952E-01
4.67346,36.2733,0.740866E-02
4.67407,36.2781,-0.202142E-01
4.67468,36.2828,-0.269254E-01
4.67529,36.2875,0.345105E-02
4.67590,36.2923,0.546758E-02
4.67651,36.2970,-0.308983E-01
4.67712,36.3017,-0.645272E-02
4.67773,36.3065,0.185600E-01
4.67834,36.3112,0.141919E-01
4.67896,36.3160,-0.257679E-01
4.67957,36.3207,0.282851E-01
4.68018,36.3254,-0.115735E-01
4.68079,36.3302,0.241840E-01
4.68140,36.3349,-0.143177E-01
4.68201,36.3396,-0.807851E-03
4.68262,36.3444,0.554785E-01
4.68323,36.3491,0.307704E-02
4.68384,36.3539,-0.593391E-01
4.68445,36.3586,-0.360041E-01
4.68506,36.3633,0.581366E-02
4.68567,36.3681,-0.839269E-01
4.68628,36.3728,0.153452E-01
4.68689,36.3775,0.715508E-01
4.68750,36.3823,-0.247638E-03
4.68811,36.3870,-0.112066E-02
4.68872,36.3917,0.246406E-01
4.68933,36.3965,-0.106730E-01
4.68994,36.4012,-0.185540E-01
4.69055,36.4060,0.133068E-01
4.69116,36.4107,0.171588E-01
4.69177,36.4154,0.707837E-02
4.69238,36.4202,-0.320141E-01
4.69299,36.4249,-0.305597E-02
4.69360,36.4296,0.842037E-02
4.69421,36.4344,-0.817284E-02
4.69482,36.4391,0.231489E-01
4.69543,36.4439,0.711805E-01
4.69604,36.4486,0.368742E-01
4.69666,36.4533,-0.109319E-01
4.69727,36.4581,0.242234E-01
4.69788,36.4628,0.598115E-02
4.69849,36.4675,-0.389581E-01
4.69910,36.4723,-0.136594E-02
4.69971,36.4770,0.374823E-02
4.70032,36.4818,-0.156642E-01
4.70093,36.4865,-0.160637E-01
4.70154,36.4912,-0.260273E-02
4.70215,36.4960,0.119590E-01
4.70276,36.5007,-0.653141E-02
4.70337,36.5054,-0.270447E-01
4.70398,36.5102,-0.495600E-01
4.70459,36.5149,-0.548454E-02
4.70520,36.5197,0.121415E-01
4.70581,36.5244,-0.465882E-02
4.70642,36.5291,-0.481628E-02
4.70703,36.5339,-0.220327E-01
4.70764,36.5386,-0.333611E-02
4.70825,36.5433,-0.152614E-03
4.70886,36.5481,0.153048E-01
4.70947,36.5528,-0.272421E-01
4.71008,36.5576,0.216295E-01
4.71069,36.5623,-0.356190E-01
4.71130,36.5670,0.319652E-01
4.71191,36.5718,-0.611273E-01
4.71252,36.5765,0.274150E-02
4.71313,36.5812,0.417691E-01
4.71375,36.5860,-0.112194E-01
4.71436,36.5907,0.229407E-01
4.71497,36.5955,0.193591E-02
4.71558,36.6002,-0.223673E-01
4.71619,36.6049,0.391078E-01
4.71680,36.6097,0.251618E-01
4.71741,36.6144,-0.114690E-01
4.71802,36.6191,0.893344E-01
4.71863,36.6239,0.195965E-01
4.71924,36.6286,0.112003E-01
4.71985,36.6334,-0.292591E-02
4.72046,36.6381,0.169753E-01
4.72107,36.6428,0.379193E-01
4.72168,36.6476,-0.328820E-01
4.72229,36.6523,-0.236141E-01
4.72290,36.6570,0.216497E-01
4.72351,36.6618,-0.289564E-01
4.72412,36.6665,-0.271829E-02
4.72473,36.6712,-0.682759E-01
4.72534,36.6760,0.228377E-01
4.72595,36.6807,0.109473E-02
4.72656,36.6855,0.267295E-01
4.72717,36.6902,0.188061E-02
4.72778,36.6949,0.189658E-01
4.72839,36.6997,0.216110E-02
4.72900,36.7044,0.161665E-01
4.72961,36.7091,-0.474829E-02
4.73022,36.7139,0.251499E-01
4.73083,36.7186,-0.105182E-01
4.73145,36.7234,0.155263E-01
4.73206,36.7281,0.232522E-01
4.73267,36.7328,0.508281E-01
4.73328,36.7376,0.172995E-01
4.73389,36.7423,-0.537499E-03
4.73450,36.7470,-0.140863E-01
4.73511,36.7518,0.841434E-02
4.73572,36.7565,-0.259969E-01
4.73633,36.7613,-0.863443E-03
4.73694,36.7660,-0.267747E-01
4.73755,36.7707,0.357081E-01
4.73816,36.7755,-0.216836E-01
4.73877,36.7802,-0.776793E-02
4.73938,36.7849,0.542079E-01
4.73999,36.7897,-0.568257E-03
4.74060,36.7944,0.638534E-01
4.74121,36.7992,0.596954E-01
4.74182,36.8039,0.379767E-01
4.74243,36.8086,0.780884E-02
4.74304,36.8134,0.377109E-01
4.74365,36.8181,-0.250904E-01
4.74426,36.8228,0.743872E-03
4.74487,36.8276,0.923400E-02
4.74548,36.8323,0.392241E-02
4.74609,36.8371,-0.238906E-02
4.74670,36.8418,0.565987E-01
4.74731,36.8465,0.335546E-01
4.74792,36.8513,-0.314828E-02
4.74854,36.8560,0.221643E-01
4.74915,36.8607,-0.241639E-01
4.74976,36.8655,0.174048E-01
4.75037,36.8702,-0.146024E-02
4.75098,36.8750,-0.144063E-01
4.75159,36.8797,0.572946E-01
4.75220,36.8844,0.553593E-01
4.75281,36.8892,-0.688915E-02
4.75342,36.8939,0.450189E-01
4.75403,36.8986,-0.104969E-01
4.75464,36.9034,0.131253E-02
4.75525,36.9081,0.403734E-01
4.75586,36.9128,0.219928E-01
4.75647,36.9176,0.225874E-02
4.75708,36.9223,0.136145E-02
4.75769,36.9271,-0.136936E-01
4.75830,36.9318,0.258618E-01
4.75891,36.9365,0.111433E-02
4.75952,36.9413,0.683135E-01
4.76013,36.9460,-0.836094E-02
4.76074,36.9507,0.644876E-02
4.76135,36.9555,0.222045E-01
4.76196,36.9602,0.261568E-01
4.76257,36.9650,-0.133793E-01
4.76318,36.9697,-0.111639E-01
4.76379,36.9744,0.275924E-01
4.76440,36.9792,0.138508E-01
4.76501,36.9839,0.238305E-01
4.76562,36.9886,-0.193118E-01
4.76624,36.9934,0.117129E-01
4.76685,36.9981,0.130235E-01
4.76746,37.0029,-0.141435E-01
4.76807,37.0076,0.977751E-02
4.76868,37.0123,0.199942E-01
4.76929,37.0171,0.217990E-02
4.76990,37.0218,0.120639E-02
4.77051,37.0265,0.184027E-01
4.77112,37.0313,0.388864E-01
4.77173,37.0360,-0.551883E-02
4.77234,37.0408,0.194830E-01
4.77295,37.0455,0.847723E-01
4.77356,37.0502,0.745985E-03
4.77417,37.0550,0.302126E-02
4.77478,37.0597,-0.288545E-01
4.77539,37.0644,0.105471E-02
4.77600,37.0692,0.358509E-01
4.77661,37.0739,0.140473E-01
4.77722,37.0787,-0.105418E-01
4.77783,37.0834,0.323964E-01
4.77844,37.0881,0.527701E-01
4.77905,37.0929,-0.215003E-02
4.77966,37.0976,0.108876E-01
4.78027,37.1023,0.723382E-01
4.78088,37.1071,0.145467E-01
4.78149,37.1118,0.528730E-01
4.78210,37.1166,-0.122149E-01
4.78271,37.1213,0.114382E-01
4.78333,37.1260,-0.104107E-01
4.78394,37.1308,-0.101271E-01
4.78455,37.1355,-0.159217E-01
4.78516,37.1402,-0.313574E-01
4.78577,37.1450,0.157373E-02
4.78638,37.1497,0.333077E-01
4.78699,37.1545,0.148299E-01
4.78760,37.1592,-0.631167E-01
4.78821,37.1639,-0.256895E-02
4.78882,37.1687,-0.190485E-01
4.78943,37.1734,-0.291793E-02
4.79004,37.1781,0.511093E-03
4.79065,37.1829,-0.298317E-01
4.79126,37.1876,-0.130344E-01
4.79187,37.1923,-0.120022
4.79248,37.1971,0.108705E-02
4.79309,37.2018,0.195799E-01
4.79370,37.2066,-0.257078E-01
4.79431,37.2113,-0.194721E-01
4.79492,37.2160,-0.691533E-02
4.79553,37.2208,-0.197439E-03
4.79614,37.2255,0.124345E-01
4.79675,37.2302,0.206040E-01
4.79736,37.2350,0.387200E-01
4.79797,37.2397,-0.876534E-02
4.79858,37.2445,-0.191693E-01
4.79919,37.2492,-0.320639E-01
4.79980,37.2539,0.165435E-02
4.80042,37.2587,0.368788E-02
4.80103,37.2634,-0.325565E-02
4.80164,37.2681,0.367803E-02
4.80225,37.2729,-0.154864E-01
4.80286,37.2776,0.219333E-01
4.80347,37.2824,0.118375E-01
4.80408,37.2871,-0.729703E-02
4.80469,37.2918,-0.854978E-03
4.80530,37.2966,-0.100103E-01
4.80591,37.3013,-0.537601E-02
4.80652,37.3060,-0.929059E-03
4.80713,37.3108,-0.200348E-01
4.80774,37.3155,-0.481265E-02
4.80835,37.3203,-0.694455E-01
4.80896,37.3250,0.206361E-01
4.80957,37.3297,0.259291E-01
4.81018,37.3345,0.159903E-02
4.81079,37.3392,0.226355E-01
4.81140,37.3439,0.144081
4.81201,37.3487,-0.157707E-02
4.81262,37.3534,-0.309462E-01
4.81323,37.3582,0.143753E-01
4.81384,37.3629,-0.301791E-02
4.81445,37.3676,-0.120573E-01
4.81506,37.3724,-0.349311E-03
4.81567,37.3771,-0.296452E-02
4.81628,37.3818,0.277889E-02
4.81689,37.3866,0.349554E-02
4.81750,37.3913,-0.114536E-01
4.81812,37.3961,-0.746226E-02
4.81873,37.4008,0.129458
4.81934,37.4055,-0.159846E-01
4.81995,37.4103,0.144095E-01
4.82056,37.4150,0.124623E-01
4.82117,37.4197,0.509529E-01
4.82178,37.4245,0.312792E-01
4.82239,37.4292,-0.683826E-01
4.82300,37.4339,0.636344E-02
4.82361,37.4387,0.260984E-01
4.82422,37.4434,-0.740729E-02
4.82483,37.4482,-0.329858E-01
4.82544,37.4529,0.103319E-01
4.82605,37.4576,0.879532E-02
4.82666,37.4624,0.110641E-01
4.82727,37.4671,-0.537188E-01
4.82788,37.4718,-0.480521E-02
4.82849,37.4766,0.138060E-01
4.82910,37.4813,0.222358E-01
4.82971,37.4861,-0.104084E-01
4.83032,37.4908,0.111863E-01
4.83093,37.4955,-0.543193E-01
4.83154,37.5003,-0.653970E-03
4.83215,37.5050,0.316670E-01
4.83276,37.5097,0.240715E-02
4.83337,37.5145,0.305578E-01
4.83398,37.5192,0.231084E-01
4.83459,37.5240,-0.727411E-02
4.83521,37.5287,0.757427E-01
4.83582,37.5334,0.402865E-01
4.83643,37.5382,0.816060E-02
4.83704,37.5429,0.171671E-01
4.83765,37.5476,0.737891E-01
4.83826,37.5524,0.440971E-02
4.83887,37.5571,-0.532794E-02
4.83948,37.5619,-0.402631E-01
4.84009,37.5666,-0.151117E-01
4.84070,37.5713,0.564380E-01
4.84131,37.5761,0.402214E-01
4.84192,37.5808,-0.513351E-01
4.84253,37.5855,-0.339988E-01
4.84314,37.5903,-0.804971E-03
4.84375,37.5950,-0.260628E-01
4.84436,37.5998,0.226687E-01
4.84497,37.6045,0.183036E-01
4.84558,37.6092,0.430946E-01
4.84619,37.6140,0.379216E-01
4.84680,37.6187,0.252601E-01
4.84741,37.6234,0.961482E-02
4.84802,37.6282,-0.221353E-03
4.84863,37.6329,0.359906E-02
4.84924,37.6377,0.973001E-03
4.84985,37.6424,-0.107076E-01
4.85046,37.6471,-0.145039E-01
4.85107,37.6519,0.231562E-01
4.85168,37.6566,-0.653430E-01
4.85229,37.6613,0.203952E-01
4.85291,37.6661,-0.101621E-01
4.85352,37.6708,0.491863E-01
4.85413,37.6756,0.183586E-02
4.85474,37.6803,0.251084E-01
4.85535,37.6850,-0.618901E-01
4.85596,37.6898,-0.301951E-01
4.85657,37.6945,-0.355674E-03
4.85718,37.6992,0.222616E-03
4.85779,37.7040,0.472487E-01
4.85840,37.7087,0.186077E-01
4.85901,37.7134,-0.106814E-01
4.85962,37.7182,-0.358458E-01
4.86023,37.7229,0.361794E-01
4.86084,37.7277,0.217041E-01
4.86145,37.7324,-0.278880E-01
4.86206,37.7371,-0.473669E-02
4.86267,37.7419,0.261117E-01
4.86328,37.7466,-0.150932E-01
4.86389,37.7513,0.161803E-02
4.86450,37.7561,0.382080E-02
4.86511,37.7608,0.404307E-02
4.86572,37.7656,-0.752753E-02
4.86633,37.7703,0.741336E-01
4.86694,37.7750,0.376878E-01
4.86755,37.7798,0.242279E-01
4.86816,37.7845,-0.198743E-01
4.86877,37.7892,0.716770E-02
4.86938,37.7940,0.136747E-01
4.87000,37.7987,-0.171835E-01
4.87061,37.8035,0.824372E-02
4.87122,37.8082,-0.160385E-01
4.87183,37.8129,-0.248211E-02
4.87244,37.8177,0.659941E-01
4.87305,37.8224,0.259658E-01
4.87366,37.8271,-0.144078E-01
4.87427,37.8319,0.236370E-01
4.87488,37.8366,-0.321024E-02
4.87549,37.8414,0.880455E-02
4.87610,37.8461,0.160880E-01
4.87671,37.8508,0.653981E-02
4.87732,37.8556,-0.615555E-02
4.87793,37.8603,-0.208596E-01
4.87854,37.8650,0.438068E-01
4.87915,37.8698,-0.722568E-02
4.87976,37.8745,-0.148523E-01
4.88037,37.8793,0.300634E-01
4.88098,37.8840,0.152003E-01
4.88159,37.8887,-0.402150E-01
4.88220,37.8935,0.105955E-01
4.88281,37.8982,0.164720E-01
4.88342,37.9029,-0.190450E-01
4.88403,37.9077,0.887109E-01
4.88464,37.9124,-0.419635E-02
4.88525,37.9172,0.281207E-01
4.88586,37.9219,0.257166E-01
4.88647,37.9266,0.582557E-02
4.88708,37.9314,-0.147826E-01
4.88770,37.9361,-0.858195E-02
4.88831,37.9408,-0.766595E-01
4.88892,37.9456,-0.337292E-01
4.88953,37.9503,0.260941E-01
4.89014,37.9551,0.237860E-01
4.89075,37.9598,0.148020E-01
4.89136,37.9645,0.209275E-01
4.89197,37.9693,-0.226887E-04
4.89258,37.9740,-0.217389E-01
4.89319,37.9787,-0.185198E-01
4.89380,37.9835,0.102040E-01
4.89441,37.9882,0.220406E-01
4.89502,37.9929,-0.901141E-03
4.89563,37.9977,-0.167715E-02
4.89624,38.0024,0.270049E-01
4.89685,38.0072,-0.219131E-01
4.89746,38.0119,-0.338370E-01
4.89807,38.0166,-0.124514E-01
4.89868,38.0214,-0.373597E-01
4.89929,38.0261,0.385572E-02
4.89990,38.0308,0.134280E-01
4.90051,38.0356,-0.709333E-01
4.90112,38.0403,0.126300E-01
4.90173,38.0451,0.747627E-02
4.90234,38.0498,-0.430905E-01
4.90295,38.0545,0.769887E-02
4.90356,38.0593,0.452105E-02
4.90417,38.0640,0.135175E-01
4.90479,38.0687,0.113946E-02
4.90540,38.0735,0.538851E-01
4.90601,38.0782,-0.293966E-01
4.90662,38.0830,0.493863E-02
4.90723,38.0877,-0.850640E-02
4.90784,38.0924,-0.599702E-01
4.90845,38.0972,0.390838E-01
4.90906,38.1019,-0.364784E-01
4.90967,38.1066,-0.291777E-01
4.91028,38.1114,-0.165892E-01
4.91089,38.1161,0.258591E-01
4.91150,38.1209,-0.277708E-01
4.91211,38.1256,0.354376E-01
4.91272,38.1303,0.395051E-01
4.91333,38.1351,0.265846E-02
4.91394,38.1398,-0.877526E-02
4.91455,38.1445,-0.175830E-01
4.91516,38.1493,0.275197E-01
4.91577,38.1540,0.870691E-02
4.91638,38.1588,-0.289642E-01
4.91699,38.1635,0.470151E-01
4.91760,38.1682,-0.118656E-01
4.91821,38.1730,-0.428230E-02
4.91882,38.1777,-0.602619E-01
4.91943,38.1824,0.321587E-02
4.92004,38.1872,0.605121E-02
4.92065,38.1919,0.730444E-01
4.92126,38.1967,-0.790624E-03
4.92188,38.2014,0.453515E-01
4.92249,38.2061,-0.116797E-01
4.92310,38.2109,0.907931E-02
4.92371,38.2156,-0.548824E-01
4.92432,38.2203,0.218119E-01
4.92493,38.2251,0.905842E-02
4.92554,38.2298,0.253585E-01
4.92615,38.2345,0.299080E-01
4.92676,38.2393,0.199453E-01
4.92737,38.2440,0.337959E-01
4.92798,38.2488,0.520411E-01
4.92859,38.2535,-0.319850E-01
4.92920,38.2582,0.707829E-02
4.92981,38.2630,0.135645E-01
4.93042,38.2677,-0.564055E-01
4.93103,38.2724,-0.133857E-02
4.93164,38.2772,-0.305345E-01
4.93225,38.2819,0.259895E-01
4.93286,38.2867,0.729540E-02
4.93347,38.2914,-0.143145E-01
4.93408,38.2961,-0.807024E-02
4.93469,38.3009,-0.658738E-01
4.93530,38.3056,-0.125494E-01
4.93591,38.3103,-0.338974E-01
4.93652,38.3151,-0.236246E-02
4.93713,38.3198,-0.962908E-02
4.93774,38.3246,0.182933E-01
4.93835,38.3293,-0.982084E-02
4.93896,38.3340,-0.648061E-02
4.93958,38.3388,0.284640E-02
4.94019,38.3435,0.191339E-01
4.94080,38.3482,-0.157521E-01
4.94141,38.3530,0.935871E-02
4.94202,38.3577,-0.696535E-02
4.94263,38.3625,0.759040E-01
4.94324,38.3672,-0.265506E-01
4.94385,38.3719,-0.309894E-01
4.94446,38.3767,0.569478E-02
4.94507,38.3814,0.356503E-01
4.94568,38.3861,-0.896983E-02
4.94629,38.3909,0.109242E-01
4.94690,38.3956,-0.118661E-01
4.94751,38.4004,0.951618E-02
4.94812,38.4051,0.320952E-01
4.94873,38.4098,-0.267610E-02
4.94934,38.4146,-0.690941E-04
4.94995,38.4193,0.144512E-01
4.95056,38.4240,-0.232418E-01
4.95117,38.4288,-0.351806E-01
4.95178,38.4335,0.199010E-01
4.95239,38.4383,-0.304111E-01
4.95300,38.4430,-0.183367E-02
4.95361,38.4477,-0.401680E-01
4.95422,38.4525,-0.132697E-01
4.95483,38.4572,0.147744E-02
4.95544,38.4619,0.880733E-02
4.95605,38.4667,0.331365E-01
4.95667,38.4714,-0.730591E-04
4.95728,38.4762,-0.225782E-01
4.95789,38.4809,-0.837892E-03
4.95850,38.4856,0.163544E-01
4.95911,38.4904,0.615909E-02
4.95972,38.4951,-0.871511E-02
4.96033,38.4998,-0.546543E-01
4.96094,38.5046,-0.269816E-01
4.96155,38.5093,-0.307733E-01
4.96216,38.5140,-0.310211E-01
4.96277,38.5188,0.168139E-01
4.96338,38.5235,-0.266482E-01
4.96399,38.5283,-0.603942E-02
4.96460,38.5330,-0.943205E-01
4.96521,38.5377,-0.366174E-02
4.96582,38.5425,0.314354E-01
4.96643,38.5472,-0.733559E-01
4.96704,38.5519,0.137890E-01
4.96765,38.5567,-0.121253E-01
4.96826,38.5614,0.312834E-03
4.96887,38.5662,-0.934959E-02
4.96948,38.5709,-0.421571E-02
4.97009,38.5756,-0.143854E-01
4.97070,38.5804,-0.922976E-02
4.97131,38.5851,0.477858E-01
4.97192,38.5898,-0.104486E-01
4.97253,38.5946,-0.136663E-01
4.97314,38.5993,0.116104E-01
4.97375,38.6041,0.121122E-01
4.97437,38.6088,0.609107E-02
4.97498,38.6135,0.298586E-01
4.97559,38.6183,-0.653711E-02
4.97620,38.6230,-0.133714E-01
4.97681,38.6277,-0.327905E-01
4.97742,38.6325,-0.164899E-01
4.97803,38.6372,-0.203726E-01
4.97864,38.6420,0.354237E-01
4.97925,38.6467,-0.246994E-01
4.97986,38.6514,0.176179E-01
4.98047,38.6562,0.283058E-01
4.98108,38.6609,0.371375E-02
4.98169,38.6656,-0.270897E-01
4.98230,38.6704,-0.279208E-01
4.98291,38.6751,-0.150790E-01
4.98352,38.6799,-0.185613E-01
4.98413,38.6846,-0.778475E-01
4.98474,38.6893,-0.676404E-01
4.98535,38.6941,0.790519E-02
4.98596,38.6988,-0.108213E-01
4.98657,38.7035,0.504481E-01
4.98718,38.7083,0.167174E-01
4.98779,38.7130,-0.209844E-01
4.98840,38.7178,-0.170265E-01
4.98901,38.7225,-0.413635E-02
4.98962,38.7272,-0.625791E-01
4.99023,38.7320,0.943634E-02
4.99084,38.7367,-0.169846E-01
4.99146,38.7414,-0.374701E-01
4.99207,38.7462,0.590160E-01
4.99268,38.7509,0.482842E-01
4.99329,38.7556,-0.220807E-01
4.99390,38.7604,0.132871E-01
4.99451,38.7651,-0.573446E-01
4.99512,38.7699,0.173431E-01
4.99573,38.7746,-0.291885E-01
4.99634,38.7793,0.218848E-02
4.99695,38.7841,-0.473663E-02
4.99756,38.7888,-0.449556E-02
4.99817,38.7935,0.217905E-01
4.99878,38.7983,-0.978969E-02
4.99939,38.8030,-0.648087E-01
5.00000,38.8078,0.386287E-02
